Date,Open,High,Low,Close,Volume,Amount,TurnoverRate
2019-03-19,31.97,38.36,31.97,38.36,96.12,363.287,0.000481
2019-03-20,42.2,42.2,42.2,42.2,27.0,113.94,0.000135
2019-03-21,46.42,46.42,46.42,46.42,42.85,198.909,0.000214
2019-03-22,51.06,51.06,51.06,51.06,244.26,1247.191,0.001221
2019-03-25,56.17,56.17,56.17,56.17,451.0,2533.267,0.002255
2019-03-26,61.79,61.79,61.79,61.79,769.0,4751.651,0.003845
2019-03-27,67.97,67.97,67.97,67.97,1310.28,8905.973,0.006551
2019-03-28,74.77,74.77,70.0,70.28,114638.21,819629.694,0.573191
2019-03-29,67.2,67.9,64.45,66.92,71998.78,479316.209,0.35999400000000004
2019-04-01,66.0,69.08,65.02,67.49,66833.34,447948.795,0.334167
2019-04-02,67.45,67.45,65.83,66.73,51482.62,343032.646,0.257413
2019-04-03,66.4,66.4,64.65,64.91,45144.38,295013.257,0.22572199999999998
2019-04-04,64.65,67.03,64.65,66.52,47900.7,316470.913,0.239504
2019-04-08,66.3,67.5,65.3,65.33,43256.84,286245.73,0.216284
2019-04-09,64.4,64.4,60.5,61.19,41636.18,256689.466,0.208181
2019-04-10,61.1,61.78,60.57,61.0,19065.89,116543.031,0.095329
2019-04-11,61.38,61.48,59.67,60.0,20083.31,121398.397,0.100417
2019-04-12,59.99,60.49,57.61,58.69,24241.69,142733.378,0.121208
2019-04-15,58.85,59.73,58.51,58.6,16410.19,97095.845,0.082051
2019-04-16,58.56,59.5,57.0,59.49,21245.02,123487.981,0.106225
2019-04-17,59.19,59.89,58.99,59.44,17138.81,101978.028,0.08569399999999999
2019-04-18,59.45,59.68,58.52,59.04,15903.35,93922.553,0.079517
2019-04-19,58.46,59.68,58.31,59.59,15621.04,92449.099,0.07810500000000001
2019-04-22,59.59,59.59,57.57,58.06,17629.58,102970.16,0.088148
2019-04-23,57.57,59.55,57.16,58.28,19615.51,114884.351,0.098078
2019-04-24,57.63,58.25,55.15,56.36,19727.87,111522.012,0.09863899999999999
2019-04-25,55.99,56.39,51.81,52.04,22389.38,121245.443,0.11194699999999999
2019-04-26,51.82,51.84,50.3,50.92,17200.3,87936.848,0.086002
2019-04-29,50.92,51.48,47.43,47.47,18607.87,91917.268,0.09303900000000001
2019-04-30,47.53,48.44,47.25,47.65,10481.96,50199.744,0.05241
2019-05-06,44.24,46.0,42.95,44.08,15842.77,70487.346,0.079214
2019-05-07,44.94,46.0,44.18,45.97,17510.0,78901.457,0.08755
2019-05-08,44.88,47.0,44.54,46.0,17168.26,78808.034,0.085841
2019-05-09,45.6,46.88,45.21,45.65,13311.91,61317.28,0.06656
2019-05-10,46.3,46.78,44.48,46.53,18297.84,84373.356,0.09148899999999999
2019-05-13,45.87,46.37,45.3,45.65,10431.0,47825.356,0.05215499999999999
2019-05-14,44.8,45.5,44.59,44.89,10006.9,44986.022,0.050034999999999996
2019-05-15,44.99,46.3,44.99,46.18,14641.84,66821.247,0.073209
2019-05-16,46.69,48.55,46.2,48.08,26519.07,126991.648,0.132595
2019-05-17,47.5,48.04,44.51,44.74,19319.41,89644.036,0.096597
2019-05-20,44.88,45.0,42.75,43.58,10297.39,44686.277,0.051487
2019-05-21,43.3,44.59,43.3,43.99,9108.3,40113.478,0.045542
2019-05-22,44.17,44.24,43.18,43.42,8520.54,37156.741,0.042603
2019-05-23,43.4,43.4,41.4,41.46,11436.56,47976.733,0.057183000000000005
2019-05-24,41.66,42.55,41.5,41.98,7932.09,33299.947,0.03966
2019-05-27,42.27,43.0,41.68,43.0,10079.56,42789.704,0.050398
2019-05-28,42.95,43.56,42.49,42.63,9415.27,40431.354,0.047076
2019-05-29,42.5,43.86,42.24,43.32,12172.27,52799.085,0.060861
2019-05-30,42.66,44.95,42.38,44.9,16243.49,70787.751,0.08121700000000001
2019-05-31,47.12,49.39,47.1,49.39,28877.4,140594.826,0.14438700000000002
2019-06-03,50.8,51.86,47.53,48.62,47843.68,238273.734,0.23921800000000001
2019-06-04,46.98,47.43,45.36,46.1,24720.69,114512.691,0.123603
2019-06-05,46.24,47.8,46.22,46.22,22643.62,106270.048,0.113218
2019-06-06,45.66,45.7,42.07,42.98,19622.43,86319.53,0.09811199999999999
2019-06-10,43.38,43.59,42.28,42.78,10644.35,45689.96,0.053222
2019-06-11,42.41,45.3,42.41,45.3,17470.6,76882.065,0.087353
2019-06-12,45.66,45.66,44.11,44.24,15664.12,70158.875,0.078321
2019-06-13,44.16,45.28,43.36,44.85,16178.98,71883.137,0.080895
2019-06-14,44.9,44.95,42.47,42.5,15593.44,68028.147,0.07796700000000001
2019-06-17,42.3,43.03,41.88,42.46,7062.0,29917.82,0.03531
2019-06-18,42.46,44.72,42.46,44.72,19600.47,86272.409,0.098002
2019-06-19,45.8,46.3,44.7,45.08,19916.46,90110.948,0.099582
2019-06-20,44.6,45.3,44.2,44.96,14386.53,64409.115,0.071933
2019-06-21,44.82,46.1,44.82,45.79,18680.96,84866.097,0.093405
2019-06-24,46.2,46.6,44.6,45.7,15600.0,70863.35,0.078
2019-06-25,46.38,46.4,44.66,44.66,12289.31,55784.102,0.061447
2019-06-26,44.97,44.98,43.91,44.8,11662.0,51906.263,0.05831
2019-06-27,45.27,45.38,44.47,44.47,10258.0,46049.045,0.051289999999999995
2019-06-28,44.0,44.44,42.65,43.06,11909.06,51549.682,0.059545
2019-07-01,44.0,44.65,43.48,44.35,12850.88,56639.221,0.06425399999999999
2019-07-02,43.96,45.18,43.93,44.47,10536.82,46936.675,0.052683999999999995
2019-07-03,44.45,44.45,43.14,43.2,8598.55,37562.049,0.042992999999999996
2019-07-04,43.28,43.79,43.0,43.52,6259.51,27145.131,0.031298
2019-07-05,43.05,45.39,43.05,45.16,17134.55,76416.317,0.085673
2019-07-08,45.07,45.07,42.49,42.51,16062.53,69373.265,0.080313
2019-07-09,42.35,42.98,42.04,42.92,7022.0,29811.606,0.03511
2019-07-10,42.93,42.93,41.86,41.91,5540.0,23477.252,0.0277
2019-07-11,42.19,42.33,41.68,41.95,4769.0,20047.302,0.023845
2019-07-12,42.27,42.49,41.95,42.2,3661.0,15468.091,0.018305000000000002
2019-07-15,41.0,41.0,39.32,40.12,13022.04,51962.094,0.06511
2019-07-16,40.12,40.37,39.91,40.19,6380.0,25599.559,0.0319
2019-07-17,40.19,40.32,39.6,40.08,7708.2,30795.825,0.038541
2019-07-18,40.07,40.07,38.7,38.77,9671.06,37731.244,0.048354999999999995
2019-07-19,38.89,39.2,38.0,38.64,5087.0,19811.849,0.025435
2019-07-22,38.76,38.96,35.98,36.09,9310.0,34200.542,0.04655
2019-07-23,36.26,36.99,36.1,36.84,5880.0,21452.509,0.0294
2019-07-24,37.05,37.93,36.86,37.38,5751.0,21566.271,0.028755000000000003
2019-07-25,37.5,37.88,37.26,37.43,5614.45,21077.816,0.028072
2019-07-26,37.3,37.74,37.24,37.51,5415.48,20346.224,0.027077
2019-07-29,37.4,37.62,37.1,37.44,4756.06,17771.782,0.023780000000000003
2019-07-30,37.91,38.14,37.45,37.62,5710.0,21590.256,0.02855
2019-07-31,37.4,37.43,36.68,37.07,6560.14,24299.103,0.032801
2019-08-01,36.58,37.44,36.57,37.28,4961.0,18422.89,0.024805
2019-08-02,36.61,36.98,36.15,36.93,7647.55,27908.312,0.038238
2019-08-05,36.9,37.35,36.86,37.3,7983.41,29665.754,0.039917
2019-08-06,36.58,36.99,35.02,36.9,12047.54,43503.695,0.06023799999999999
2019-08-07,37.06,38.11,36.82,37.88,14013.24,52541.463,0.070066
2019-08-08,37.82,39.69,37.48,39.15,21956.91,85364.666,0.10978500000000001
2019-08-09,38.96,39.5,37.58,37.68,14740.19,56703.861,0.073701
2019-08-12,37.68,38.2,37.16,37.56,9338.0,35104.487,0.046689999999999995
2019-08-13,37.45,37.45,36.06,36.24,9348.0,34061.908,0.046740000000000004
2019-08-14,37.05,37.05,36.33,36.41,5960.25,21782.782,0.029801
2019-08-15,35.46,36.2,35.0,36.03,7859.48,27963.723,0.039297
2019-08-16,36.11,36.37,35.86,35.97,6004.0,21680.382,0.030019999999999998
2019-08-19,36.25,36.9,36.05,36.8,7145.0,26100.642,0.035725
2019-08-20,36.78,37.45,36.66,37.24,9376.9,34775.17,0.046885
2019-08-21,37.11,39.2,36.88,38.64,19095.97,72867.041,0.09548
2019-08-22,38.64,38.97,37.33,37.72,15231.85,57802.923,0.076159
2019-08-23,37.5,37.57,36.9,36.96,7689.77,28577.726,0.038449
2019-08-26,35.9,36.55,35.7,36.32,4190.0,15191.156,0.020950000000000003
2019-08-27,36.58,37.22,36.5,37.1,6846.0,25262.248,0.034230000000000003
2019-08-28,37.8,38.92,37.51,37.9,16093.43,61369.045,0.080467
2019-08-29,38.37,38.45,37.71,37.96,10356.53,39446.989,0.051783
2019-08-30,38.2,38.2,37.08,37.08,9327.15,35012.977,0.046636
2019-09-02,37.28,38.66,37.28,38.65,15137.64,57769.296,0.075688
2019-09-03,38.63,38.63,38.12,38.51,10157.64,38952.693,0.050788
2019-09-04,38.42,39.39,38.21,39.21,14443.69,55959.079,0.072218
2019-09-05,39.26,39.59,38.9,38.93,17362.43,68099.863,0.086812
2019-09-06,38.9,39.49,38.69,39.48,12210.66,47724.796,0.061052999999999996
2019-09-09,39.72,40.45,39.63,39.97,13925.64,55673.451,0.069628
2019-09-10,39.97,40.6,39.61,40.17,12014.62,48108.549,0.060073
2019-09-11,40.17,40.85,40.1,40.63,12046.08,48708.932,0.06023
2019-09-12,40.6,41.28,40.23,41.22,11732.06,47764.88,0.05866
2019-09-16,41.5,42.02,40.73,40.79,14091.0,58278.572,0.07045499999999999
2019-09-17,40.6,40.79,39.01,39.85,13522.76,53804.412,0.06761400000000001
2019-09-18,40.01,40.95,39.51,40.84,11633.33,46883.022,0.058166999999999996
2019-09-19,40.82,41.7,40.76,41.46,13206.02,54619.809,0.06602999999999999
2019-09-20,41.73,41.8,40.68,40.8,10998.27,45300.346,0.054991000000000005
2019-09-23,40.79,40.97,40.22,40.82,7234.04,29311.9,0.03617
2019-09-24,40.86,41.3,40.62,40.76,6436.0,26358.302,0.03218
2019-09-25,40.4,40.75,39.89,39.89,8425.06,33947.442,0.042125
2019-09-26,40.67,41.9,40.22,41.23,21651.24,89151.082,0.10825599999999999
2019-09-27,40.88,41.28,39.51,40.09,17702.54,70866.687,0.08851300000000001
2019-09-30,39.7,40.08,38.31,38.59,10586.6,41047.12,0.052933
2019-10-08,38.63,39.18,38.5,38.61,5885.23,22862.808,0.029426
2019-10-09,38.5,38.95,38.05,38.88,6103.0,23539.113,0.030515
2019-10-10,38.0,38.0,37.62,37.79,6615.0,24953.507,0.033075
2019-10-11,37.9,37.98,37.12,37.12,6211.0,23220.767,0.031055000000000003
2019-10-14,37.31,37.86,37.31,37.78,6774.0,25520.728,0.03387
2019-10-15,37.67,38.28,37.37,38.17,8511.0,32223.674,0.042554999999999996
2019-10-16,38.25,38.25,37.35,37.44,6466.34,24429.142,0.032332
2019-10-17,37.4,37.66,37.12,37.3,3876.0,14461.659,0.019379999999999998
2019-10-18,37.3,37.6,37.1,37.16,2808.0,10487.78,0.014039999999999999
2019-10-21,37.42,37.42,35.01,36.3,5164.83,18804.641,0.025824
2019-10-22,36.37,36.65,36.19,36.49,2281.5,8315.023,0.011408
2019-10-23,36.58,36.69,36.2,36.3,2560.04,9322.647,0.0128
2019-10-24,36.23,37.19,36.21,36.49,2809.0,10298.662,0.014045
2019-10-25,36.99,37.05,36.62,36.91,3395.24,12501.313,0.016976
2019-10-28,36.92,37.65,36.68,37.56,4552.04,16997.45,0.02276
2019-10-29,37.74,37.78,37.0,37.09,4637.74,17364.509,0.023189
2019-10-30,37.07,37.2,36.12,36.44,4446.0,16289.241,0.02223
2019-10-31,36.38,36.7,35.78,35.85,3471.0,12561.614,0.017355
2019-11-01,35.85,36.44,35.78,36.38,2583.74,9349.516,0.012919
2019-11-04,36.31,37.4,36.31,37.24,5073.04,18798.363,0.025365000000000002
2019-11-05,37.31,37.31,36.3,36.6,4440.04,16312.513,0.0222
2019-11-06,36.84,36.84,36.2,36.36,2744.0,10003.977,0.013720000000000001
2019-11-07,36.39,38.0,36.35,37.13,5205.0,19396.055,0.026025
2019-11-08,37.56,37.56,36.88,37.12,4887.24,18153.575,0.024436
2019-11-11,36.78,37.43,36.4,36.66,4389.0,16182.784,0.021945000000000003
2019-11-12,36.55,36.91,36.17,36.9,3331.0,12174.477,0.016655
2019-11-13,36.61,37.18,36.61,37.05,4030.0,14886.927,0.02015
2019-11-14,37.06,37.35,36.78,36.93,4018.0,14866.498,0.02009
2019-11-15,36.68,37.0,36.28,36.29,5024.0,18338.526,0.02512
2019-11-18,36.11,36.32,35.91,36.32,3383.0,12211.753,0.016915
2019-11-19,36.29,36.66,36.15,36.6,4420.0,16137.804,0.022099999999999998
2019-11-20,36.6,36.86,36.43,36.52,5412.0,19820.876,0.02706
2019-11-21,36.53,36.53,36.17,36.31,3182.0,11558.59,0.01591
2019-11-22,36.31,36.82,36.12,36.26,3700.0,13468.458,0.018500000000000003
2019-11-25,36.01,36.45,35.68,35.76,3701.24,13254.8,0.018506
2019-11-26,35.76,35.97,35.5,35.51,2369.0,8445.958,0.011845000000000001
2019-11-27,35.46,35.56,35.07,35.08,3190.54,11246.169,0.015953
2019-11-28,35.15,35.23,34.97,34.98,2824.0,9898.728,0.014119999999999999
2019-11-29,35.09,35.46,34.91,35.4,2355.0,8305.945,0.011775
2019-12-02,35.4,35.76,35.14,35.24,2225.0,7863.132,0.011125000000000001
2019-12-03,35.0,35.48,34.72,35.26,2207.0,7717.758,0.011035
2019-12-04,34.99,35.39,34.91,35.27,1795.58,6315.595,0.008978
2019-12-05,35.1,35.62,35.1,35.59,3434.08,12160.352,0.01717
2019-12-06,35.51,35.75,35.33,35.58,2826.0,10040.086,0.01413
2019-12-09,35.58,35.7,35.19,35.39,3451.5,12199.381,0.017258
2019-12-10,35.2,35.48,35.2,35.45,2735.0,9682.609,0.013675
2019-12-11,35.45,35.54,35.21,35.26,2397.0,8469.547,0.011984999999999999
2019-12-12,35.25,35.34,34.94,34.97,2769.0,9727.37,0.013845000000000001
2019-12-13,35.25,35.35,35.01,35.34,3214.0,11299.849,0.01607
2019-12-16,35.46,36.47,35.43,36.21,6974.58,25157.99,0.034873
2019-12-17,36.1,36.55,36.06,36.26,6563.24,23848.734,0.032816
2019-12-18,36.2,36.97,36.2,36.64,8029.0,29395.996,0.040145
2019-12-19,36.65,37.08,36.5,36.78,6121.5,22520.127,0.030608
2019-12-20,37.0,37.1,36.57,36.89,7362.0,27154.818,0.03681
2019-12-23,36.73,36.96,36.15,36.32,6301.53,23013.506,0.031508
2019-12-24,36.68,39.23,36.33,38.6,22491.76,85758.006,0.112459
2019-12-25,38.55,38.66,37.71,38.3,13030.5,49792.967,0.065153
2019-12-26,38.44,39.59,38.44,39.55,19666.77,77157.322,0.09833399999999999
2019-12-27,39.52,41.65,39.5,40.57,31487.34,128603.887,0.157437
2019-12-30,40.91,42.82,40.25,42.6,28524.61,120401.026,0.142623
2019-12-31,42.2,42.8,41.03,41.53,20653.0,85808.668,0.103265
2020-01-02,41.6,43.5,41.5,43.36,22196.84,95161.481,0.110984
2020-01-03,43.89,43.89,42.21,42.65,15556.52,66613.715,0.07778299999999999
2020-01-06,42.38,42.89,41.56,42.16,15416.75,65035.183,0.077084
2020-01-07,41.94,43.2,41.75,42.29,11375.26,48220.865,0.056875999999999996
2020-01-08,42.29,43.39,42.03,42.62,14515.75,62219.297,0.072579
2020-01-09,44.0,46.88,44.0,46.88,36196.63,167756.569,0.18098299999999998
2020-01-10,47.7,51.44,47.05,49.06,46801.32,231290.563,0.234007
2020-01-13,49.28,50.41,48.03,49.63,27806.31,137203.094,0.139032
2020-01-14,49.5,50.33,48.21,48.55,19766.0,97101.506,0.09882999999999999
2020-01-15,47.23,49.87,47.23,48.57,15533.0,75891.463,0.077665
2020-01-16,48.15,48.94,47.59,48.48,10363.0,50060.682,0.051815
2020-01-17,48.02,49.66,48.02,49.25,13121.22,64339.275,0.065606
2020-01-20,48.91,49.56,47.02,49.56,17157.0,82530.265,0.085785
2020-01-21,49.57,50.1,48.7,49.2,11051.0,54444.806,0.055255
2020-01-22,48.9,50.25,47.54,50.25,16218.71,79916.684,0.08109400000000001
2020-01-23,49.99,53.72,48.01,50.25,22977.93,116617.756,0.11489
2020-02-03,45.23,45.23,45.23,45.23,2015.0,9113.845,0.010075
2020-02-04,41.0,47.98,41.0,47.5,22054.81,100074.605,0.110274
2020-02-05,46.99,51.0,46.99,48.4,19360.31,94467.586,0.096802
2020-02-06,47.7,52.8,47.7,52.38,25085.52,127179.077,0.12542799999999998
2020-02-07,53.12,55.54,52.01,54.75,25709.7,138721.283,0.128549
2020-02-10,57.61,60.0,56.0,57.31,32528.19,187983.219,0.16264099999999998
2020-02-11,57.31,58.5,55.6,56.0,23428.66,132684.478,0.117143
2020-02-12,59.5,61.6,57.61,61.6,28863.96,173036.122,0.14432
2020-02-13,63.0,67.68,62.0,62.0,49949.33,321885.289,0.249747
2020-02-14,61.3,63.96,58.6,61.4,29411.35,181100.084,0.147057
2020-02-17,61.0,65.49,61.0,63.81,24774.18,158794.921,0.12387100000000001
2020-02-18,67.63,70.19,67.63,70.19,18479.3,128931.382,0.09239699999999999
2020-02-19,77.0,77.21,72.0,74.25,60116.66,448803.58,0.300583
2020-02-20,76.01,81.68,73.51,81.68,53949.4,415605.26,0.26974699999999996
2020-02-21,80.0,85.15,74.0,79.0,45074.24,357567.107,0.225371
2020-02-24,79.15,85.42,77.0,84.1,37818.46,307185.5,0.18909199999999998
2020-02-25,80.9,85.3,79.1,80.6,30308.05,245848.407,0.15154
2020-02-26,77.0,79.0,72.54,72.54,30723.36,228429.875,0.153617
2020-02-27,70.99,75.53,68.39,71.08,28383.49,200985.435,0.14191700000000002
2020-02-28,68.0,70.53,63.97,64.7,29079.24,194442.746,0.145396
2020-03-02,67.89,67.89,62.8,66.54,21071.99,137961.814,0.10536
2020-03-03,68.0,69.77,66.28,67.71,20970.13,142533.774,0.10485099999999999
2020-03-04,67.0,67.0,64.33,66.36,15846.83,104274.522,0.079234
2020-03-05,67.98,68.18,65.02,66.8,12645.5,83996.736,0.063228
2020-03-06,66.66,68.5,64.81,66.91,13183.0,87991.549,0.065915
2020-03-09,65.0,67.1,62.0,63.79,14069.77,90280.313,0.07034900000000001
2020-03-10,62.11,67.6,61.61,67.0,17883.5,116496.956,0.08941800000000001
2020-03-11,66.8,69.95,65.31,65.95,16750.49,113254.038,0.083752
2020-03-12,65.4,65.4,61.76,62.68,14543.0,91825.53,0.072715
2020-03-13,58.03,64.88,57.84,62.99,13139.0,81445.765,0.065695
2020-03-16,64.38,64.51,56.69,56.69,25920.0,153634.016,0.12960000000000002
2020-03-17,56.6,57.49,51.02,53.09,29556.0,155694.814,0.14778
2020-03-18,53.26,57.33,52.88,53.19,20832.5,114274.047,0.10416299999999999
2020-03-19,54.44,55.83,52.32,54.12,15307.16,82629.076,0.047262000000000005
2020-03-20,56.27,59.0,54.12,54.99,19059.5,107708.487,0.058847
2020-03-23,53.48,53.48,49.49,49.49,30227.42,154367.552,0.09332900000000001
2020-03-24,51.5,51.5,47.81,50.23,22239.0,109387.692,0.068664
2020-03-25,55.25,55.25,55.25,55.25,3450.0,19061.25,0.010652
2020-03-26,60.78,60.78,60.78,60.78,16333.24,99273.432,0.05043
2020-03-27,62.47,66.5,60.5,64.0,81307.09,512719.727,0.25104
2020-03-30,62.0,63.2,58.66,62.6,53850.58,328192.345,0.166267
2020-03-31,63.88,68.86,62.58,68.8,63812.56,414910.346,0.197025
2020-04-01,66.02,68.67,65.1,65.18,45425.54,303791.889,0.140254
2020-04-02,65.99,71.7,64.1,71.7,54965.72,377302.235,0.16971
2020-04-03,71.02,74.69,69.12,71.94,51249.97,367727.977,0.15823700000000002
2020-04-07,72.26,74.99,70.5,73.64,46316.08,335787.817,0.143003
2020-04-08,71.5,71.79,66.28,66.71,53102.91,363323.165,0.16395800000000002
2020-04-09,67.37,68.85,65.0,68.5,33655.41,226982.603,0.10391299999999999
2020-04-10,68.02,68.49,63.22,64.15,31854.34,208543.51,0.09835200000000001
2020-04-13,64.02,65.53,62.1,64.12,21804.0,140251.299,0.067321
2020-04-14,64.69,65.19,63.21,64.93,18274.0,117886.541,0.056422
2020-04-15,64.7,65.44,62.6,62.6,22598.34,144378.244,0.069774
2020-04-16,62.51,63.8,62.11,63.37,17203.24,108642.696,0.053116000000000003
2020-04-17,64.48,68.86,64.3,66.8,39036.7,260906.078,0.120528
2020-04-20,67.0,67.25,64.89,67.04,25119.7,165923.852,0.077558
2020-04-21,66.25,67.14,64.51,67.14,23424.3,153894.156,0.072324
2020-04-22,66.28,66.37,63.25,64.7,29477.95,190917.388,0.091015
2020-04-23,64.7,64.7,59.11,60.07,31760.72,194864.699,0.098063
2020-04-24,60.0,60.88,58.03,58.36,16465.62,97509.053,0.050838999999999995
2020-04-27,58.67,59.3,57.68,58.99,10813.4,63386.082,0.033387
2020-04-28,58.54,60.57,55.55,59.72,17974.99,104822.111,0.055499
2020-04-29,59.25,63.66,58.6,62.99,27203.5,169202.468,0.08399200000000001
2020-04-30,63.89,68.78,62.04,67.65,39398.0,259452.741,0.121644
2020-05-06,66.0,69.61,65.8,69.18,30333.0,207606.735,0.093655
2020-05-07,69.21,72.86,68.42,71.63,29353.68,208087.522,0.090631
2020-05-08,73.6,73.94,70.01,71.67,31113.41,224651.931,0.09606400000000001
2020-05-11,72.88,75.49,72.0,74.61,26134.41,193346.438,0.08069100000000001
2020-05-12,73.8,75.39,73.06,74.8,19507.0,144839.925,0.060229
2020-05-13,74.79,76.18,73.38,75.0,18059.21,135258.018,0.055758999999999996
2020-05-14,74.08,76.28,73.98,74.27,19794.09,147867.895,0.061115
2020-05-15,43.81,44.49,42.0,42.18,39637.18,170610.427,0.071989
2020-05-18,42.21,46.21,42.21,43.0,65403.22,288225.863,0.118786
2020-05-19,43.42,45.0,41.76,42.49,42711.33,183320.282,0.077573
2020-05-20,42.01,43.8,41.08,41.37,35839.3,150976.53,0.065092
2020-05-21,41.14,41.69,40.36,40.95,26964.5,110724.609,0.048973
2020-05-22,40.62,43.29,40.38,41.15,35478.51,148890.236,0.064436
2020-05-25,41.48,43.25,40.51,42.42,34984.23,146293.926,0.063539
2020-05-26,41.54,43.58,40.7,43.05,47025.68,199036.167,0.08540800000000001
2020-05-27,43.11,44.96,42.37,42.4,63404.76,276461.51,0.115156
2020-05-28,42.01,42.8,40.4,41.58,41813.21,173244.305,0.075942
2020-05-29,40.62,41.82,40.62,41.41,21456.77,88390.28,0.03897
2020-06-01,41.51,45.55,41.51,45.55,53646.96,239406.341,0.09743399999999999
2020-06-02,47.36,49.98,47.0,48.91,81201.64,393079.801,0.147479
2020-06-03,49.25,51.65,48.21,49.55,53825.09,269263.398,0.097758
2020-06-04,50.65,51.5,49.61,50.24,36859.04,185881.458,0.066944
2020-06-05,50.91,51.8,49.6,51.6,33036.73,168371.046,0.06000200000000001
2020-06-08,52.44,52.85,49.7,50.9,35198.77,178527.121,0.063928
2020-06-09,50.23,51.38,50.08,51.3,25325.9,128677.754,0.045997
2020-06-10,51.71,52.16,49.4,50.8,24343.34,123484.779,0.044212999999999995
2020-06-11,51.25,53.36,49.65,50.53,36073.19,184749.861,0.06551599999999999
2020-06-12,48.7,51.22,48.51,50.16,26753.2,134044.315,0.048589
2020-06-15,49.63,50.48,48.4,48.65,28588.5,141489.525,0.051923000000000004
2020-06-16,49.98,53.52,49.6,53.52,36430.9,192090.0,0.066166
2020-06-17,55.85,58.87,54.55,58.87,75692.98,429452.28,0.137474
2020-06-18,57.5,58.87,55.81,56.4,46740.76,266302.352,0.08489100000000001
2020-06-19,57.0,58.58,56.09,57.13,35165.14,201633.644,0.06386700000000001
2020-06-22,58.02,60.98,57.04,57.55,40564.85,236878.649,0.073674
2020-06-23,58.63,59.75,56.55,59.6,37935.7,222110.497,0.068899
2020-06-24,59.0,62.66,58.3,61.2,36774.3,223462.544,0.06679
2020-06-29,62.05,65.8,61.38,64.85,33177.21,211358.109,0.060257
2020-06-30,64.64,65.5,63.61,64.09,33129.38,213042.818,0.06017
2020-07-01,63.59,66.6,63.5,65.23,27981.6,181723.337,0.05082
2020-07-02,65.18,70.0,64.61,69.6,36439.68,246921.521,0.066182
2020-07-03,68.2,68.8,63.0,65.25,41151.85,269733.279,0.07474
2020-07-06,64.0,69.55,62.89,65.99,43429.43,287631.538,0.078877
2020-07-07,65.72,68.92,64.58,67.6,37389.85,250231.378,0.067908
2020-07-08,67.06,69.8,65.2,69.56,31931.7,216342.527,0.057995
2020-07-09,69.31,73.5,68.76,71.47,41476.34,295853.788,0.07533000000000001
2020-07-10,69.22,78.62,69.2,78.62,51006.7,382669.044,0.092639
2020-07-13,78.0,80.42,75.0,77.68,42076.54,323472.708,0.07642
2020-07-14,76.59,83.51,76.13,81.85,34236.4,268802.685,0.06218
2020-07-15,81.5,82.8,76.66,78.2,35187.1,278700.03,0.06390699999999999
2020-07-16,78.83,79.5,70.38,70.38,34935.3,260693.146,0.06344999999999999
2020-07-17,69.6,74.26,68.51,72.11,27739.73,199885.276,0.050381
2020-07-20,74.0,75.8,72.2,75.72,28738.73,214606.675,0.052196
2020-07-21,75.5,80.5,73.57,79.5,28761.69,224912.344,0.052237
2020-07-22,79.49,81.5,77.63,79.74,18985.7,150480.457,0.034482
2020-07-23,78.15,81.88,77.81,81.39,26333.69,211327.27,0.047827
2020-07-24,81.09,81.25,73.25,73.84,35855.33,274347.393,0.065121
2020-07-27,74.06,78.98,73.01,74.8,26954.44,205732.795,0.048955
2020-07-28,76.01,78.23,73.89,75.05,22547.31,170502.567,0.040951
2020-07-29,75.46,82.56,74.14,82.56,39932.65,317316.124,0.07252600000000001
2020-07-30,85.0,90.79,83.84,88.84,40279.92,351843.422,0.073157
2020-07-31,88.1,91.12,86.3,88.28,31168.54,275917.577,0.056609
2020-08-03,89.1,93.99,86.08,90.97,26721.08,242109.845,0.048531000000000005
2020-08-04,91.0,94.24,87.08,93.49,28369.38,255396.406,0.051525
2020-08-05,93.5,99.9,92.82,98.18,25447.41,244861.956,0.046218
2020-08-06,98.8,102.5,96.0,102.37,21806.49,217031.369,0.039605
2020-08-07,101.99,109.9,92.13,108.09,27918.31,289884.576,0.050705
2020-08-10,105.0,116.01,103.2,113.5,25628.71,281755.599,0.046547
2020-08-11,112.0,114.1,102.5,108.0,38526.8,420518.373,0.06997300000000001
2020-08-12,105.0,106.72,97.8,102.0,26231.8,266388.986,0.047642
2020-08-13,102.0,110.0,100.02,107.67,24720.25,262177.701,0.044897
2020-08-14,104.68,106.5,96.9,96.9,30643.71,305838.443,0.055655
2020-08-17,94.66,104.48,94.5,102.0,26697.5,267668.002,0.048487999999999996
2020-08-18,102.01,106.46,101.0,101.88,17139.54,176759.768,0.031128999999999997
2020-08-19,102.99,102.99,95.1,97.99,19876.31,195730.578,0.0361
2020-08-20,97.69,100.0,95.38,96.88,12736.8,123963.071,0.023133
2020-08-21,99.61,101.75,96.67,99.6,14596.2,144713.585,0.02651
2020-08-24,97.0,100.52,95.1,100.0,25427.96,248478.068,0.046182
2020-08-25,100.0,105.0,98.77,101.22,15307.83,155976.249,0.027801999999999997
2020-08-26,102.53,103.5,94.84,95.12,22863.9,223627.969,0.041525999999999993
2020-08-27,94.79,96.79,88.89,96.01,20384.42,189794.411,0.037022
2020-08-28,94.0,97.49,93.52,96.59,12599.42,120414.305,0.022883
2020-08-31,97.9,98.59,94.9,95.41,11536.95,111192.86,0.020954
2020-09-01,96.0,99.99,94.0,98.8,14955.8,144544.493,0.027163
2020-09-02,98.83,103.8,96.88,100.5,16610.98,165954.178,0.030169
2020-09-03,99.47,100.8,96.4,97.4,11494.59,112487.781,0.020877
2020-09-04,95.54,98.93,93.08,97.35,9648.2,92250.822,0.017523
2020-09-07,98.49,99.3,91.0,91.19,14814.1,140095.155,0.026906
2020-09-08,91.2,92.89,87.0,87.89,17133.3,152513.378,0.031118
2020-09-09,87.49,89.2,83.81,85.16,24264.2,209734.942,0.044069000000000004
2020-09-10,82.52,87.8,82.52,85.55,19440.7,167776.136,0.035308
2020-09-11,85.0,102.66,83.11,102.66,34513.9,328389.76,0.062684
2020-09-14,105.01,111.5,103.21,105.35,39365.02,419573.331,0.071495
2020-09-15,106.53,106.86,102.31,103.74,21603.6,224757.823,0.039237
2020-09-16,102.82,112.96,101.01,111.83,38264.77,416528.261,0.069497
2020-09-17,108.98,119.56,107.88,116.5,35035.13,398515.27,0.06363100000000001
2020-09-18,115.11,119.1,111.5,117.0,19020.4,220326.859,0.034545
2020-09-21,119.0,119.31,114.13,117.0,13875.3,162172.813,0.0252
2020-09-22,116.96,117.99,108.02,108.52,23245.35,260078.298,0.042218
2020-09-23,112.21,119.0,108.0,115.9,28483.9,323464.27,0.051733
2020-09-24,113.0,114.73,110.0,110.51,15773.4,176320.081,0.028647999999999996
2020-09-25,111.31,112.73,107.3,108.9,13287.3,145675.515,0.024133
2020-09-28,109.44,111.49,104.0,107.45,17046.92,184483.441,0.030961
2020-09-29,107.01,111.0,106.0,107.03,12385.1,134298.961,0.022494
2020-09-30,106.09,123.9,105.65,118.03,27532.18,320591.577,0.050004
2020-10-09,130.0,141.46,128.12,134.68,29155.22,393948.954,0.052952000000000006
2020-10-12,135.91,136.0,128.5,132.3,26306.66,346160.309,0.047778
2020-10-13,133.0,133.0,124.98,131.0,20721.39,267619.071,0.037634
2020-10-14,126.28,131.01,124.26,127.99,21154.74,270822.187,0.038421
2020-10-15,128.89,128.9,120.0,121.89,23249.9,287170.701,0.042226999999999994
2020-10-16,123.01,126.77,119.26,121.32,17548.76,216055.335,0.031872
2020-10-19,124.0,124.5,114.84,115.4,17144.36,202860.785,0.031138
2020-10-20,116.66,118.18,113.1,116.56,18499.4,213768.206,0.033599000000000004
2020-10-21,117.01,124.5,112.8,121.88,41276.29,492757.303,0.074966
2020-10-22,116.08,121.49,113.89,117.87,21236.12,250879.032,0.038569
2020-10-23,120.0,120.19,108.0,112.0,24826.1,281191.112,0.045089
2020-10-26,110.49,117.38,106.41,115.18,21841.26,248147.071,0.039668
2020-10-27,116.01,117.23,113.0,116.26,13998.0,161453.444,0.025423
2020-10-28,116.31,128.76,116.31,125.9,30162.97,374925.901,0.054782000000000004
2020-10-29,122.5,129.7,121.01,123.4,29680.68,372072.877,0.053906
2020-10-30,127.76,131.5,124.0,124.05,23375.59,297576.619,0.042455
2020-11-02,122.4,130.56,122.4,128.06,26377.7,335705.31,0.047907000000000005
2020-11-03,127.41,128.5,120.18,123.25,20143.56,250163.18,0.036585
2020-11-04,122.74,125.0,112.8,116.0,32414.74,379958.681,0.058872
2020-11-05,117.72,124.5,117.72,121.0,21945.8,266235.806,0.039858
2020-11-06,122.98,124.56,112.0,115.06,21957.44,254908.558,0.039879
2020-11-09,116.0,117.58,112.21,114.79,18037.4,208004.543,0.03276
2020-11-10,115.0,124.8,111.73,117.4,28616.95,338556.039,0.051974
2020-11-11,116.88,119.9,112.69,113.49,17039.57,197787.863,0.030947
2020-11-12,114.0,116.23,111.22,115.61,13580.81,154787.816,0.024666
2020-11-13,115.01,115.41,111.51,113.16,12631.19,142742.954,0.022941
2020-11-16,113.01,113.43,107.35,110.75,11256.21,124121.76,0.020444
2020-11-17,110.0,110.61,102.0,104.35,17411.86,182687.089,0.031624
2020-11-18,103.77,107.91,102.0,104.59,10955.0,114520.529,0.019897
2020-11-19,105.62,108.02,102.13,106.65,14649.59,155578.441,0.026607
2020-11-20,107.02,109.3,104.8,108.35,16531.97,177061.227,0.030026
2020-11-23,108.3,117.19,106.29,115.4,22468.83,255462.269,0.040808
2020-11-24,115.35,116.14,113.1,115.43,16587.07,190292.153,0.030126
2020-11-25,115.99,118.4,113.3,113.34,14781.29,170816.418,0.026846000000000002
2020-11-26,112.42,114.47,107.0,107.09,13678.29,150027.584,0.024843
2020-11-27,107.08,108.99,105.05,106.05,8759.86,92959.06,0.01591
2020-11-30,106.12,106.77,103.2,104.69,12810.75,133865.656,0.023267000000000003
2020-12-01,103.61,112.5,103.61,108.66,14225.4,155278.388,0.025836
2020-12-02,110.0,110.0,102.5,107.01,16498.48,173748.821,0.029965000000000002
2020-12-03,106.85,110.3,105.17,108.26,12405.4,133311.62,0.022531
2020-12-04,106.57,110.22,104.6,105.63,16312.4,173914.27,0.029627
2020-12-07,106.01,109.95,105.0,105.76,15534.86,165845.088,0.028215
2020-12-08,105.0,122.03,104.6,117.3,43201.67,492309.53,0.078463
2020-12-09,117.14,127.0,117.0,120.8,33013.53,404568.913,0.059959
2020-12-10,123.0,138.92,119.0,134.33,40260.75,523598.797,0.07312199999999999
2020-12-11,133.0,138.0,130.29,136.0,27670.63,371152.212,0.050255999999999995
2020-12-14,138.0,141.4,134.02,139.0,26703.7,367517.485,0.048499999999999995
2020-12-15,138.7,145.88,135.02,142.65,28642.67,399834.363,0.052021
2020-12-16,142.0,143.9,134.81,140.15,24816.56,346245.103,0.045072
2020-12-17,137.73,141.98,136.88,140.01,17657.58,245810.664,0.03207
2020-12-18,140.0,147.87,137.75,139.82,19869.63,283278.686,0.036087
2020-12-21,142.15,148.0,141.57,144.62,19706.71,284855.498,0.035792000000000004
2020-12-22,142.45,147.92,141.69,142.8,17432.09,251296.502,0.03166
2020-12-23,146.0,166.66,144.49,159.77,33342.29,518808.289,0.060557
2020-12-24,157.08,158.0,146.66,152.14,26842.65,409148.421,0.048752000000000004
2020-12-25,151.92,167.3,150.03,162.5,28414.51,450597.854,0.051607
2020-12-28,161.5,161.5,151.0,157.89,21382.72,332714.323,0.038835
2020-12-29,156.49,157.0,138.5,139.53,26833.52,384751.471,0.048735
2020-12-30,140.01,145.5,140.01,142.45,24219.33,347074.121,0.043987
2020-12-31,145.04,151.99,142.41,149.0,25187.77,368716.025,0.045746
2021-01-04,146.23,157.5,145.28,150.5,34716.99,523215.272,0.063053
2021-01-05,146.48,148.98,142.02,147.98,23920.76,347621.956,0.043445
2021-01-06,147.79,154.2,144.01,152.36,23130.6,346891.605,0.04201
2021-01-07,152.7,168.0,152.7,167.1,35795.06,579266.626,0.065011
2021-01-08,166.0,166.0,152.01,156.78,25558.79,404557.565,0.04642
2021-01-11,155.0,155.14,139.8,143.29,25449.47,368692.574,0.046222000000000006
2021-01-12,143.01,150.89,142.7,147.56,20877.87,307733.939,0.037919
2021-01-13,148.44,150.5,142.99,146.95,19812.17,289793.178,0.035983
2021-01-14,145.0,147.67,136.04,145.13,20897.28,296056.208,0.037954
2021-01-15,144.0,149.7,141.49,147.76,13045.47,190002.681,0.023693
2021-01-18,148.0,155.02,142.01,152.95,13015.75,197176.321,0.023639
2021-01-19,153.3,159.0,152.5,153.64,12749.06,198049.038,0.023155000000000002
2021-01-20,153.69,169.96,153.0,169.96,21970.42,359285.324,0.039903
2021-01-21,170.0,175.0,166.0,173.8,20253.64,346128.796,0.036785
2021-01-22,174.88,189.0,174.0,184.7,22012.93,403876.884,0.03998
2021-01-25,185.49,204.8,185.0,198.61,28811.44,566928.127,0.052328
2021-01-26,192.91,201.99,189.12,195.01,19296.47,375799.472,0.035046
2021-01-27,194.9,204.68,183.0,202.28,22007.93,428612.494,0.039971
2021-01-28,194.0,212.0,190.63,199.0,22491.28,451676.379,0.040849
2021-01-29,201.91,220.98,201.91,209.52,26289.63,560371.381,0.047747000000000005
2021-02-01,211.01,222.0,203.66,206.26,26251.55,558408.886,0.047678000000000005
2021-02-02,206.26,212.0,194.06,206.72,23770.77,484572.091,0.043173
2021-02-03,209.87,221.19,208.0,208.05,19723.42,421391.819,0.035822
2021-02-04,203.81,217.89,203.0,210.93,17548.15,373981.189,0.031871000000000003
2021-02-05,209.01,227.5,207.01,219.0,21526.48,472234.61,0.039097
2021-02-08,215.0,217.0,177.0,211.2,36782.7,728771.737,0.066805
2021-02-09,203.9,209.88,198.0,204.99,24168.78,494832.523,0.043896
2021-02-10,204.99,218.66,204.77,215.05,19114.51,407334.259,0.034716
2021-02-18,221.0,221.0,190.0,191.16,28396.15,566268.017,0.051573
2021-02-19,192.56,205.88,190.39,204.0,23170.01,458102.483,0.042081999999999994
2021-02-22,205.8,205.8,190.18,190.25,18652.26,363093.872,0.033875999999999996
2021-02-23,188.13,192.0,177.78,180.8,20465.85,375853.002,0.03717
2021-02-24,179.4,185.25,173.29,175.1,18139.62,325489.132,0.032945
2021-02-25,179.49,182.46,171.2,172.47,13504.52,237726.46,0.024527
2021-02-26,168.1,172.96,163.34,164.92,12297.7,205144.018,0.022334999999999997
2021-03-01,169.15,174.59,165.12,169.41,13942.19,235878.598,0.025322
2021-03-02,171.98,171.98,160.1,166.33,14930.26,249852.547,0.027115999999999998
2021-03-03,164.01,168.98,162.13,167.5,11644.8,192913.743,0.021149
2021-03-04,165.56,165.56,150.2,154.79,28467.24,443101.382,0.051702000000000005
2021-03-05,154.65,163.0,153.08,154.1,20004.76,313827.284,0.036333000000000004
2021-03-08,155.0,156.0,139.51,139.95,26312.21,382766.207,0.047788000000000004
2021-03-09,142.05,142.05,130.46,133.85,21000.89,285575.958,0.038142
2021-03-10,139.85,142.99,136.53,140.23,18284.0,256199.726,0.033208
2021-03-11,143.14,147.19,139.0,147.03,18852.15,271835.541,0.034239
2021-03-12,148.33,153.5,143.0,148.98,22712.73,337069.872,0.041250999999999996
2021-03-15,147.99,148.3,132.1,133.74,26631.5,371574.605,0.048368
2021-03-16,139.0,141.1,134.18,135.84,21877.98,301152.475,0.039735
2021-03-17,138.68,139.5,131.51,138.43,16755.42,228219.785,0.030431
2021-03-18,137.1,140.5,135.75,139.52,12976.86,179632.669,0.023569
2021-03-19,134.78,138.28,130.11,133.82,20182.57,269247.258,0.036656
2021-03-22,133.0,137.14,131.78,135.15,10660.72,143776.043,0.019362
2021-03-23,136.9,136.9,129.61,132.85,12549.65,165873.182,0.022793
2021-03-24,132.23,134.76,127.34,129.26,11009.35,143510.892,0.019995
2021-03-25,126.69,133.88,126.69,130.84,8555.09,111609.024,0.015538000000000001
2021-03-26,130.98,142.68,130.98,139.48,15298.24,211195.271,0.027785
2021-03-29,140.9,140.9,132.0,136.64,20240.94,274615.699,0.036762
2021-03-30,138.0,163.97,136.3,157.97,44934.76,701644.05,0.08161099999999999
2021-03-31,157.0,157.96,147.24,151.21,34381.56,523576.154,0.062444
2021-04-01,152.38,166.0,152.0,163.3,23375.61,378056.774,0.042455
2021-04-02,159.34,164.9,157.16,160.0,24433.76,392696.703,0.04437700000000001
2021-04-06,159.51,169.65,158.0,162.93,19002.94,311752.039,0.034512999999999995
2021-04-07,161.72,163.59,149.35,152.5,24161.32,371506.065,0.043882000000000004
2021-04-08,153.05,155.09,148.88,150.0,14983.26,226271.275,0.027212999999999998
2021-04-09,148.17,149.93,138.23,139.58,24044.93,341805.612,0.043670999999999995
2021-04-12,140.01,141.5,134.48,136.7,15587.47,214517.035,0.02831
2021-04-13,136.29,139.99,134.68,135.8,19421.61,266449.196,0.035274
2021-04-14,137.11,146.6,136.23,139.37,24091.07,339003.812,0.043754
2021-04-15,137.0,141.78,135.0,140.3,16718.08,231328.442,0.030364
2021-04-16,139.05,142.51,134.5,141.22,24948.04,346854.718,0.045311000000000004
2021-04-19,138.23,150.6,138.23,149.95,22813.54,333522.453,0.041434
2021-04-20,149.01,162.3,147.88,155.3,34126.82,534994.492,0.061981
2021-04-21,155.32,160.0,149.31,154.75,19052.6,295384.414,0.034603999999999996
2021-04-22,159.88,161.0,148.0,154.69,20989.77,322404.783,0.038121999999999996
2021-04-23,153.5,162.03,153.5,160.88,22353.75,356173.89,0.040598999999999996
2021-04-26,164.0,193.06,164.0,183.72,46838.96,870387.013,0.085069
2021-04-27,185.19,194.0,183.01,187.34,32712.46,615810.364,0.059413
2021-04-28,191.2,200.7,185.6,196.65,26419.03,512341.866,0.047982
2021-04-29,196.0,204.46,192.44,201.63,23353.4,466385.553,0.042415
2021-04-30,201.48,215.0,200.0,205.91,26324.79,547787.146,0.047811000000000006
2021-05-06,204.0,205.0,193.0,196.8,28412.23,561860.778,0.051603
2021-05-07,193.74,198.26,185.26,188.27,20111.38,384064.112,0.03618
2021-05-10,189.27,189.89,178.56,179.99,24277.94,444773.922,0.043675
2021-05-11,176.99,179.79,171.0,174.68,14496.6,253259.888,0.026078999999999998
2021-05-12,174.69,185.53,174.69,183.18,21176.0,384386.394,0.038095
2021-05-13,179.46,184.0,177.01,180.89,15164.22,273570.046,0.027252000000000002
2021-05-14,183.26,184.8,170.0,180.0,19083.0,338242.738,0.034295
2021-05-17,180.0,191.32,180.0,188.29,23998.1,449116.45,0.043128
2021-05-18,184.26,191.05,183.28,187.99,15727.05,293697.435,0.028264
2021-05-19,187.0,199.5,184.9,198.0,19151.52,370978.577,0.034418000000000004
2021-05-20,195.0,204.89,193.78,199.11,18223.32,360765.627,0.03275
2021-05-21,205.0,217.0,200.6,209.43,23888.0,498599.803,0.04293
2021-05-24,208.07,209.0,192.0,203.17,17011.78,340109.72,0.030573000000000003
2021-05-25,199.0,203.5,198.12,201.38,12719.19,255118.2,0.022858
2021-05-26,200.37,202.21,192.2,194.98,15504.82,304277.266,0.027864
2021-05-27,194.76,201.28,192.88,196.62,12440.7,245928.714,0.022358
2021-05-28,197.05,208.3,197.05,202.2,16612.86,338474.194,0.029855999999999997
2021-05-31,199.2,218.0,198.0,217.0,18102.03,378220.628,0.032532
2021-06-01,213.99,218.78,205.19,211.83,14996.77,317418.658,0.026951
2021-06-02,213.88,216.4,195.48,196.55,16362.31,334285.186,0.029405
2021-06-03,195.53,197.8,182.0,187.24,24236.62,454203.485,0.043557
2021-06-04,186.75,191.36,181.85,191.0,17671.14,330733.834,0.031758
2021-06-07,188.25,189.95,178.0,183.02,19567.77,357084.617,0.031017000000000003
2021-06-08,183.2,191.6,182.02,186.86,14940.46,279752.725,0.023681999999999998
2021-06-09,188.01,193.45,184.5,192.87,13286.74,252808.914,0.021061
2021-06-10,195.03,230.21,195.03,227.0,42911.69,940803.881,0.068019
2021-06-11,228.69,235.87,222.8,232.47,50868.8,1172968.17,0.08063100000000001
2021-06-15,234.0,241.8,229.18,234.88,28828.65,673928.396,0.045696
2021-06-16,235.8,236.35,213.88,214.16,29366.08,648512.06,0.046548
2021-06-17,219.1,229.5,217.0,227.07,23047.48,517822.904,0.036532
2021-06-18,227.67,238.0,227.07,233.7,26191.18,609980.875,0.041515
2021-06-21,231.5,260.55,227.11,250.1,28423.55,706527.399,0.045054
2021-06-22,254.84,260.1,242.1,250.32,23160.55,581180.584,0.036711
2021-06-23,251.09,262.54,248.0,254.34,21438.12,550679.431,0.033981
2021-06-24,273.1,278.23,252.3,259.29,37913.66,997771.841,0.060096
2021-06-25,256.1,273.19,254.0,261.73,29102.09,770616.522,0.046128999999999996
2021-06-28,262.05,279.79,259.67,273.7,24174.88,657088.011,0.038319
2021-06-29,275.0,302.49,274.39,300.7,34376.74,1003638.644,0.05449
2021-06-30,176.88,192.0,165.23,180.6,53568.63,968230.288,0.049948
2021-07-01,179.6,196.66,175.0,185.17,49820.72,912183.751,0.046452999999999994
2021-07-02,178.01,182.69,171.0,173.8,49557.46,873230.337,0.046207000000000005
2021-07-05,172.4,177.76,169.43,176.0,37653.97,653169.542,0.035109
2021-07-06,177.0,178.6,169.51,173.55,41315.58,715024.084,0.038523
2021-07-07,168.08,202.88,166.02,194.0,65644.3,1221122.084,0.061207000000000004
2021-07-08,196.0,202.0,191.0,196.8,58296.97,1145577.041,0.054356
2021-07-09,194.92,195.41,182.51,192.75,55300.93,1041825.508,0.051513
2021-07-12,198.0,202.99,191.01,201.2,40581.29,804497.758,0.037801999999999995
2021-07-13,198.0,218.99,194.0,195.71,59485.91,1218828.753,0.055411
2021-07-14,192.0,201.88,190.21,194.92,34245.28,670151.918,0.0319
2021-07-15,190.0,209.5,190.0,209.0,49438.06,996620.112,0.046052
2021-07-16,206.79,213.98,203.76,204.0,33222.32,689775.997,0.030947
2021-07-19,201.05,211.97,191.64,194.0,40963.57,819590.918,0.038158
2021-07-20,194.7,207.34,194.5,203.1,36530.47,737408.836,0.034028
2021-07-21,209.18,221.0,207.0,219.0,43614.03,944629.383,0.040627
2021-07-22,218.0,262.8,216.23,260.87,62646.32,1478422.672,0.058355
2021-07-23,250.0,270.6,245.89,258.97,44026.79,1128471.877,0.041011
2021-07-26,259.6,279.0,245.0,275.09,46885.67,1227685.144,0.043674
2021-07-27,276.09,277.0,235.0,235.95,67654.13,1743101.888,0.06301999999999999
2021-07-28,228.89,266.0,222.6,261.02,63249.34,1511962.978,0.058917000000000004
2021-07-29,265.01,301.5,261.08,300.01,70448.99,1983010.391,0.065624
2021-07-30,295.0,350.0,295.0,307.15,64057.13,2022846.618,0.059669999999999994
2021-08-02,300.35,318.0,278.05,290.49,62259.43,1847692.728,0.057995
2021-08-03,278.0,278.0,235.0,243.95,111948.74,2785925.146,0.10428100000000001
2021-08-04,245.0,265.99,240.1,261.8,65419.67,1675463.058,0.06093899999999999
2021-08-05,260.0,268.99,246.0,264.0,54836.5,1420456.253,0.05107999999999999
2021-08-06,260.0,300.0,256.5,291.38,66969.35,1860885.798,0.062382
2021-08-09,285.0,309.88,270.0,300.99,59779.71,1717339.923,0.055685000000000005
2021-08-10,293.9,318.88,269.83,284.21,79156.83,2342919.014,0.073735
2021-08-11,273.01,289.5,270.0,276.9,54050.5,1512559.829,0.050348
2021-08-12,278.0,280.82,262.18,271.7,46431.98,1258697.958,0.043252
2021-08-13,261.0,270.55,251.0,253.88,57796.08,1497729.249,0.053837
2021-08-16,248.0,267.5,245.2,257.8,49735.98,1266473.275,0.046329
2021-08-17,260.49,272.99,256.08,262.35,51453.64,1362045.734,0.047929000000000006
2021-08-18,256.08,267.98,242.1,250.59,50715.21,1292977.027,0.047241
2021-08-19,246.0,255.2,237.5,248.99,52988.84,1304039.189,0.049359
2021-08-20,247.0,259.98,245.76,252.58,41667.63,1054499.598,0.038814
2021-08-23,252.96,266.98,248.99,262.5,50009.57,1299202.23,0.046584
2021-08-24,263.91,278.5,258.0,269.25,49152.6,1327642.417,0.045786
2021-08-25,265.0,295.5,265.0,288.99,55425.97,1540801.669,0.05163
2021-08-26,288.0,305.0,275.5,277.01,45054.72,1303929.685,0.041969000000000006
2021-08-27,272.78,283.01,262.0,270.56,43230.28,1181306.676,0.040269000000000006
2021-08-30,263.0,295.1,260.3,287.57,51731.79,1455948.31,0.048188
2021-08-31,283.37,285.6,271.0,275.0,36470.88,1009167.054,0.033973
2021-09-01,270.0,275.0,238.5,245.87,66169.55,1658693.614,0.061637000000000004
2021-09-02,240.34,249.0,227.77,235.83,63036.29,1494533.654,0.058719
2021-09-03,232.0,243.0,220.0,224.99,52860.62,1217379.267,0.049240000000000006
2021-09-06,225.0,227.5,213.94,226.87,48500.7,1072645.867,0.045179
2021-09-07,225.28,232.25,222.0,229.09,36884.0,836213.024,0.034358
2021-09-08,231.1,237.95,213.0,213.5,58849.88,1308707.149,0.05481900000000001
2021-09-09,214.21,219.88,206.0,216.13,50468.62,1067103.221,0.047012
2021-09-10,219.0,230.99,211.12,223.79,56695.55,1255656.456,0.052812
2021-09-13,224.45,225.0,200.66,205.22,61638.82,1282957.361,0.057416999999999996
2021-09-14,205.63,214.99,203.59,212.0,42599.93,896767.494,0.039682
2021-09-15,216.0,220.5,208.66,212.8,41093.0,885515.994,0.038278
2021-09-16,212.9,214.36,196.66,199.0,46772.68,947514.423,0.043569000000000004
2021-09-17,200.0,200.98,189.5,196.38,37137.24,720755.158,0.034594
2021-09-22,196.47,201.83,193.03,196.0,25361.53,501976.426,0.023624
2021-09-23,198.64,205.05,194.0,199.7,35373.94,707805.71,0.032951
2021-09-24,199.0,229.66,193.81,223.19,76799.38,1661980.93,0.071539
2021-09-27,225.0,238.18,217.04,235.5,68957.99,1583002.356,0.064235
2021-09-28,231.2,243.88,228.5,232.7,40392.73,944983.946,0.037626
2021-09-29,226.0,245.11,225.0,241.3,51375.35,1238280.243,0.047855999999999996
2021-09-30,242.02,251.0,236.38,242.0,38556.61,934691.912,0.035916000000000003
2021-10-08,242.0,245.5,226.2,232.2,35258.44,826296.2,0.032843
2021-10-11,236.0,245.48,227.0,229.21,34553.18,811417.83,0.032186
2021-10-12,229.0,241.99,227.07,233.28,33141.05,775576.635,0.030871
2021-10-13,235.46,260.98,234.0,260.0,56235.25,1405049.768,0.052383
2021-10-14,257.97,280.0,256.0,273.0,58420.79,1589147.263,0.054419
2021-10-15,274.38,274.88,263.58,272.5,41435.19,1121239.967,0.038597
2021-10-18,279.99,280.0,266.89,274.98,41202.1,1122560.782,0.03838
2021-10-19,273.0,277.58,256.61,261.8,59217.37,1557014.66,0.055160999999999995
2021-10-20,259.01,275.8,258.49,267.24,47046.83,1270168.294,0.043823999999999995
2021-10-21,268.97,273.96,262.0,265.17,34001.27,904626.896,0.031672
2021-10-22,266.0,271.0,255.08,271.0,40320.35,1065334.058,0.037559
2021-10-25,269.5,299.5,269.5,290.13,58598.98,1681829.381,0.054585
2021-10-26,293.35,294.8,285.0,289.22,35401.4,1023196.868,0.032977
2021-10-27,288.12,304.0,284.51,287.0,41496.53,1218600.478,0.038654
2021-10-28,283.0,294.86,282.88,285.57,27930.79,805881.778,0.026018
2021-10-29,277.8,282.47,260.59,278.79,69880.34,1886597.747,0.065094
2021-11-01,273.21,274.7,254.9,261.2,55647.97,1468896.127,0.051836
2021-11-02,255.02,258.0,246.2,250.53,45285.03,1142694.204,0.042183
2021-11-03,250.02,253.8,238.02,245.0,46258.28,1133137.568,0.04309
2021-11-04,246.65,252.66,245.0,247.0,41472.67,1031591.794,0.038632
2021-11-05,243.52,253.79,240.01,248.98,34823.3,865867.951,0.032437999999999995
2021-11-08,247.38,256.69,245.31,252.0,35356.46,888166.173,0.032935
2021-11-09,256.68,261.0,239.0,240.08,56023.01,1387232.5,0.052186
2021-11-10,234.98,241.55,232.46,236.55,33550.31,793209.651,0.031252
2021-11-11,237.0,248.3,234.51,235.11,37288.35,894183.314,0.034734
2021-11-12,237.0,242.5,234.85,239.86,34509.04,823054.648,0.032146
2021-11-15,237.96,239.85,229.89,231.05,29792.73,693591.518,0.027752
2021-11-16,231.04,234.39,225.0,227.56,32569.15,743825.615,0.030337999999999997
2021-11-17,229.0,231.76,225.8,229.92,32746.76,749207.132,0.030503999999999996
2021-11-18,232.0,233.56,225.05,229.81,25144.03,576994.247,0.023422000000000002
2021-11-19,229.81,245.0,228.2,243.0,52184.6,1245110.847,0.04861
2021-11-22,245.5,259.4,245.5,254.89,48576.0,1224641.667,0.045249
2021-11-23,258.0,265.0,251.0,252.5,39737.76,1023245.323,0.037016
2021-11-24,250.98,254.88,233.5,234.9,47659.51,1154115.984,0.044395
2021-11-25,236.2,236.2,225.36,225.6,41168.8,941270.556,0.038349
2021-11-26,225.37,238.96,225.36,237.18,39720.63,926570.284,0.037000000000000005
2021-11-29,234.0,268.0,232.8,258.2,67596.56,1751202.27,0.06296700000000001
2021-11-30,262.0,264.64,245.52,254.98,63575.29,1592776.623,0.059221
2021-12-01,254.98,259.62,247.2,250.1,35411.33,886900.013,0.032986
2021-12-02,240.0,251.8,235.03,248.89,31974.44,788033.949,0.029785
2021-12-03,248.89,252.99,241.42,251.8,28322.05,703706.231,0.026382
2021-12-06,254.97,255.88,240.5,242.37,25060.21,618541.554,0.023344
2021-12-07,242.01,245.88,237.0,244.8,22349.61,539001.887,0.020819
2021-12-08,244.5,255.58,243.28,251.3,40442.95,1017432.296,0.037673
2021-12-09,249.28,260.1,247.01,258.13,36782.39,941695.771,0.034263
2021-12-10,257.0,269.8,252.0,266.0,42236.79,1116627.026,0.039344000000000004
2021-12-13,266.41,267.48,260.66,262.8,26067.85,688283.427,0.024281999999999998
2021-12-14,260.52,267.5,258.0,259.71,18101.59,474401.362,0.016862
2021-12-15,260.97,265.57,256.0,256.95,19407.64,506243.703,0.018078
2021-12-16,257.43,265.88,254.01,261.6,22404.56,582653.565,0.020870000000000003
2021-12-17,257.02,262.1,237.1,241.5,40844.28,1010051.903,0.038047
2021-12-20,237.93,242.99,217.62,219.71,54130.99,1227030.586,0.050424
2021-12-21,218.0,221.88,209.28,215.08,36468.76,779275.174,0.033971
2021-12-22,216.6,219.86,212.0,214.01,25110.11,539905.781,0.02339
2021-12-23,214.0,218.0,211.13,212.37,26788.98,572320.384,0.024954
2021-12-24,213.88,213.98,203.0,204.4,25595.12,531057.999,0.023842
2021-12-27,203.2,208.95,199.51,204.66,19512.71,399085.223,0.018176
2021-12-28,204.68,213.0,204.6,212.5,23058.63,481348.109,0.021478999999999998
2021-12-29,213.58,217.54,210.88,213.56,22947.25,491354.444,0.021376
2021-12-30,215.58,221.0,212.0,219.7,27503.0,598437.581,0.025619
2021-12-31,229.0,240.22,224.06,231.55,47326.39,1103149.528,0.044085
2022-01-04,230.0,230.0,206.93,207.23,41638.15,889461.232,0.038786
2022-01-05,208.48,210.99,202.14,209.48,34342.42,708855.226,0.03199
2022-01-06,205.45,211.5,200.55,209.56,31037.1,643300.161,0.028911
2022-01-07,207.35,209.56,189.94,206.67,54623.65,1092103.002,0.050882
2022-01-10,201.0,211.98,200.31,201.95,31126.38,639193.502,0.028995000000000003
2022-01-11,203.98,204.97,191.88,194.66,30516.88,597424.934,0.028426999999999997
2022-01-12,197.43,209.0,192.58,207.03,39485.05,792726.089,0.036781
2022-01-13,205.9,211.65,199.11,207.96,31621.18,651509.636,0.029455
2022-01-14,202.73,219.87,202.73,216.55,34112.94,732870.991,0.031777
2022-01-17,210.89,223.0,210.57,211.0,33631.77,724640.801,0.031328
2022-01-18,214.0,222.52,208.88,218.32,31210.49,680159.717,0.029073
2022-01-19,217.15,220.0,212.0,217.9,21590.44,468014.311,0.020112
2022-01-20,216.05,227.88,214.13,221.43,22740.93,504328.882,0.021183
2022-01-21,221.0,232.59,221.0,225.93,20964.04,476314.782,0.019528
2022-01-24,226.0,259.87,224.0,247.99,54382.31,1331144.646,0.050658
2022-01-25,249.47,252.0,240.91,242.29,20244.45,497533.611,0.018858
2022-01-26,247.0,259.9,245.99,253.0,31413.87,793374.771,0.029262
2022-01-27,248.88,255.99,240.0,245.76,36521.08,896886.591,0.03402
2022-01-28,246.56,250.0,226.27,234.96,38815.87,913802.575,0.036157
2022-02-07,240.41,241.0,218.5,231.59,35565.42,807394.542,0.03313
2022-02-08,227.36,228.0,206.2,213.0,35346.31,755037.527,0.032925
2022-02-09,213.0,219.36,210.81,217.0,22984.85,494501.596,0.021411
2022-02-10,216.34,218.89,203.98,206.8,21941.26,457966.784,0.020438
2022-02-11,206.14,209.3,201.63,202.3,16553.57,340001.243,0.01542
2022-02-14,201.0,206.82,198.88,201.05,12972.37,261858.782,0.012084
2022-02-15,204.19,219.8,200.2,219.49,28828.6,611744.454,0.026854
2022-02-16,220.0,222.38,214.46,216.56,18611.69,405409.222,0.017337
2022-02-17,215.37,239.58,215.0,235.96,39233.3,904398.116,0.036545999999999995
2022-02-18,231.75,240.38,230.08,236.47,24254.44,574306.723,0.022593000000000002
2022-02-21,235.77,235.78,220.09,231.0,27543.0,625410.847,0.025657
2022-02-22,225.0,242.5,224.3,240.6,29333.28,695363.331,0.027324
2022-02-23,240.56,247.99,238.8,245.32,22827.92,553980.19,0.021263999999999998
2022-02-24,243.3,252.0,240.35,243.52,23748.71,584289.816,0.022122000000000003
2022-02-25,249.0,253.61,240.0,242.95,19168.49,470223.711,0.017856
2022-02-28,242.96,255.18,238.76,253.0,23085.61,574987.126,0.021504
2022-03-01,256.79,262.0,253.01,258.29,29760.19,769815.874,0.027722000000000004
2022-03-02,257.19,257.19,240.0,249.5,23742.03,586907.878,0.022115999999999997
2022-03-03,249.49,249.79,241.0,241.4,14072.12,343414.149,0.013108
2022-03-04,236.0,253.89,235.82,247.4,17784.06,440855.809,0.016566
2022-03-07,246.45,257.49,243.62,251.6,20140.84,507874.236,0.018761
2022-03-08,255.98,265.88,237.71,242.19,38210.36,970779.55,0.035593
2022-03-09,245.01,251.9,226.08,240.52,32398.52,769953.682,0.03018
2022-03-10,248.35,257.0,244.01,249.5,30700.6,770564.288,0.028598
2022-03-11,245.0,250.55,229.0,235.5,29765.89,702196.145,0.027726999999999998
2022-03-14,232.79,236.99,226.8,230.98,16615.79,385794.938,0.015478
2022-03-15,228.99,246.5,226.36,240.0,30125.8,722974.992,0.028062
2022-03-16,247.01,249.99,222.28,242.9,42655.13,1005306.896,0.039734
2022-03-17,244.44,246.9,227.06,230.0,43155.42,1010322.164,0.04019999999999999
2022-03-18,225.0,229.39,215.77,225.92,26195.17,586543.611,0.024394
2022-03-21,225.56,235.66,223.0,226.97,23884.08,548478.076,0.009749
2022-03-22,212.53,216.5,204.0,209.7,56949.57,1198532.164,0.023247
2022-03-23,212.0,219.1,206.98,214.89,29331.6,628747.975,0.011973000000000001
2022-03-24,214.89,214.89,205.15,211.41,22672.06,475407.07,0.009255
2022-03-25,216.16,216.29,204.0,205.5,19648.98,407492.154,0.008021
2022-03-28,203.28,209.9,200.52,203.47,20812.3,425014.268,0.008496
2022-03-29,205.5,208.06,203.47,203.89,16395.45,337198.101,0.006693
2022-03-30,206.0,217.41,203.89,215.0,23526.65,497469.658,0.009604
2022-03-31,214.99,214.99,206.0,209.64,18320.82,383730.191,0.007479
2022-04-01,209.7,213.5,207.95,209.59,12620.99,265596.936,0.005152
2022-04-06,208.0,208.49,200.88,201.38,17402.11,354080.318,0.007103000000000001
2022-04-07,200.21,204.35,197.04,201.73,14789.9,297693.288,0.006037
2022-04-08,200.0,205.61,198.5,201.13,16261.4,327188.111,0.006638
2022-04-11,197.1,198.1,187.17,188.5,20035.16,384117.516,0.008178
2022-04-12,189.89,194.6,182.0,186.69,19348.24,360071.334,0.007897999999999999
2022-04-13,185.0,185.55,180.0,180.05,16375.4,298705.671,0.006684
2022-04-14,181.0,182.51,166.21,169.0,30916.14,530845.025,0.01262
2022-04-15,169.0,178.32,162.1,176.39,31250.99,532093.065,0.012757000000000001
2022-04-18,174.0,188.8,172.1,187.9,23226.03,428241.811,0.009481
2022-04-19,190.38,198.93,190.38,192.82,20407.15,397160.869,0.008329999999999999
2022-04-20,180.0,190.01,178.89,183.88,33034.68,611321.419,0.013485
2022-04-21,182.16,190.38,177.3,178.23,19289.14,353416.978,0.007873999999999999
2022-04-22,178.24,181.3,171.98,176.11,17310.2,303286.048,0.007066
2022-04-25,171.98,177.5,167.01,169.0,28286.75,487855.237,0.011547
2022-04-26,171.01,182.5,169.25,173.55,28419.18,499623.963,0.016264
2022-04-27,170.83,195.0,170.83,193.5,43213.79,802032.998,0.024731
2022-04-28,190.6,196.0,187.22,189.0,31219.32,594768.891,0.017867
2022-04-29,188.32,194.6,182.0,193.0,35381.66,667990.656,0.020249000000000003
2022-05-05,192.09,201.83,187.99,194.31,27430.4,534622.353,0.014066
2022-05-06,188.09,189.99,183.0,184.4,17179.25,320609.877,0.008809
2022-05-09,183.99,192.47,182.01,188.46,18158.84,342106.693,0.009266
2022-05-10,184.0,205.0,182.8,201.48,28177.85,560273.654,0.014378
2022-05-11,203.16,212.5,198.0,208.5,24756.19,517079.284,0.012632
2022-05-12,206.52,210.53,203.5,208.99,15773.8,327298.087,0.008048999999999999
2022-05-13,208.99,209.8,200.3,206.3,18470.01,378132.66,0.009424
2022-05-16,207.8,212.0,200.1,201.72,12495.29,255422.042,0.006376
2022-05-17,203.0,210.5,201.01,207.34,13186.95,272146.747,0.006729000000000001
2022-05-18,206.6,217.19,206.5,215.03,21653.01,459877.856,0.011049
2022-05-19,211.19,230.88,209.5,227.0,27426.5,611115.884,0.013999
2022-05-20,231.0,233.5,223.05,231.17,22961.91,523744.565,0.01172
2022-05-23,231.17,247.38,228.19,243.0,23426.11,555905.586,0.011957
2022-05-24,242.0,248.88,235.0,237.55,19379.9,467708.239,0.009892
2022-05-25,234.85,238.48,227.3,234.28,19053.86,443893.947,0.009726
2022-05-26,156.8,165.88,155.0,157.9,24478.62,391818.638,0.008329999999999999
2022-05-27,159.0,160.77,154.01,156.68,18624.39,293221.098,0.006338
2022-05-30,157.22,162.8,156.0,161.2,16060.76,255974.891,0.005465
2022-05-31,161.87,169.68,158.48,169.0,27732.34,458672.116,0.009437
2022-06-01,166.42,167.02,159.06,159.87,33581.6,546597.551,0.011427
2022-06-02,158.1,164.08,155.21,161.86,25898.13,415167.102,0.008813
2022-06-06,159.72,173.3,159.3,167.6,31847.67,533043.639,0.010837000000000001
2022-06-07,170.5,173.33,167.02,171.0,31949.46,543166.245,0.010872
2022-06-08,169.7,169.82,163.39,167.48,28349.06,472257.638,0.009647
2022-06-09,167.48,168.0,162.16,164.05,27033.28,443410.462,0.009199
2022-06-10,163.0,167.79,158.9,164.38,50273.44,826498.694,0.017107
2022-06-13,162.25,164.89,159.86,162.62,42937.26,693810.698,0.014611
2022-06-14,160.24,160.24,140.0,143.95,107552.17,1575101.385,0.036598
2022-06-15,145.0,148.98,139.5,141.79,61654.28,885571.182,0.02098
2022-06-16,142.79,152.27,142.0,147.82,54179.07,798027.634,0.018435999999999998
2022-06-17,146.48,152.82,146.0,151.03,44576.69,671008.958,0.015168999999999998
2022-06-20,161.0,181.24,161.0,181.24,98474.27,1698710.672,0.033509000000000004
2022-06-21,184.0,188.42,177.95,185.21,92763.03,1696655.42,0.031566000000000004
2022-06-22,185.23,206.0,185.23,197.8,96280.41,1917875.786,0.032763
2022-06-23,198.0,201.0,191.2,200.6,71699.01,1412748.189,0.024398
2022-06-24,200.0,206.87,197.01,204.1,48686.6,987039.697,0.016567000000000002
2022-06-27,206.82,213.0,201.68,207.53,45806.59,943738.686,0.015587
2022-06-28,207.54,215.5,204.3,213.0,43342.28,912662.481,0.014749000000000002
2022-06-29,208.5,210.0,202.97,204.9,54538.0,1127420.602,0.018559000000000003
2022-06-30,206.5,220.2,201.5,213.0,52113.68,1102394.921,0.017734
2022-07-01,212.13,222.09,210.1,213.0,34752.63,748248.576,0.011826000000000001
2022-07-04,210.27,229.86,207.77,225.46,49661.52,1104141.775,0.016891
2022-07-05,225.0,227.0,213.83,217.79,46412.84,1007883.337,0.015786
2022-07-06,213.68,220.23,213.0,216.74,39298.82,850932.138,0.013366
2022-07-07,216.46,237.42,215.55,235.52,62745.7,1436076.845,0.021341000000000002
2022-07-08,236.0,237.5,213.58,215.82,68935.89,1521225.76,0.023445999999999998
2022-07-11,218.29,220.2,211.98,217.95,45159.87,974352.87,0.01536
2022-07-12,217.03,221.01,208.0,212.33,43060.33,915957.651,0.014644999999999998
2022-07-13,212.14,222.36,212.14,216.49,43652.44,951640.76,0.014846999999999999
2022-07-14,216.5,230.0,214.21,223.0,49444.85,1109886.015,0.016817
2022-07-15,223.22,233.18,221.35,224.57,47861.57,1083925.597,0.016278
2022-07-18,235.0,254.0,234.6,250.72,89036.64,2198060.214,0.030283
2022-07-19,249.0,249.0,232.29,233.0,57302.64,1367787.019,0.019489
2022-07-20,233.0,238.99,230.5,232.8,34851.33,817787.894,0.011853
2022-07-21,232.6,245.39,226.89,233.38,42648.55,1014687.809,0.014504999999999999
2022-07-22,232.0,242.08,229.0,236.19,40935.33,962153.86,0.013923000000000001
2022-07-25,235.91,235.91,223.95,233.0,38618.0,892762.925,0.013134999999999999
2022-07-26,233.51,245.88,232.0,235.0,39484.33,942478.227,0.013429
2022-07-27,237.0,246.66,236.01,242.4,56196.5,1360575.881,0.019113
2022-07-28,245.23,247.25,233.0,236.05,43502.14,1037538.587,0.014796
2022-07-29,242.5,244.06,226.8,228.8,67705.96,1584163.885,0.023028
2022-08-01,226.68,250.19,225.0,250.15,75758.72,1825221.828,0.025767
2022-08-02,245.0,257.19,242.0,252.5,53616.5,1352220.661,0.018236000000000002
2022-08-03,256.5,257.5,239.89,241.0,38909.61,953890.269,0.013229999999999999
2022-08-04,241.0,247.0,234.0,238.2,31107.59,742713.103,0.010578
2022-08-05,240.42,243.8,233.5,237.39,29110.45,692188.996,0.009898
2022-08-08,234.3,248.18,224.92,246.45,50328.74,1208284.159,0.017113
2022-08-09,246.29,256.58,243.06,248.9,27679.71,694243.932,0.009412
2022-08-10,245.0,257.55,243.0,253.0,25748.76,646993.636,0.008754999999999999
2022-08-11,259.0,259.5,241.19,250.0,34655.82,859559.577,0.011784
2022-08-12,246.9,249.5,242.63,244.53,17228.64,422048.201,0.0058579999999999995
2022-08-15,244.0,258.74,244.0,256.5,30090.6,768862.423,0.010232000000000002
2022-08-16,258.24,265.88,253.01,256.6,27968.92,727080.659,0.00951
2022-08-17,256.0,265.1,254.38,262.17,24767.18,647809.825,0.008421999999999999
2022-08-18,264.97,288.01,260.0,282.98,43797.48,1228617.037,0.014893
2022-08-19,283.0,290.03,276.0,283.98,41126.59,1169422.123,0.013984000000000002
2022-08-22,277.69,285.0,269.9,275.89,33885.34,936928.08,0.011522
2022-08-23,276.67,290.88,273.0,284.44,36064.67,1022278.127,0.012263
2022-08-24,283.61,292.12,278.37,282.99,41211.95,1178883.96,0.014013
2022-08-25,283.0,288.43,261.92,265.0,46539.05,1256483.144,0.015825
2022-08-26,266.6,272.2,260.0,261.44,37877.12,1001616.722,0.012879
2022-08-29,253.02,270.0,251.62,267.25,33902.62,897992.11,0.011528
2022-08-30,268.68,270.1,254.0,256.99,42313.28,1100866.687,0.014388000000000001
2022-08-31,257.12,259.0,224.99,229.75,95750.61,2261164.919,0.032558
2022-09-01,231.54,236.18,227.7,232.46,53921.11,1252988.128,0.018335
2022-09-02,235.46,235.57,219.22,228.77,64302.65,1462765.305,0.021865000000000002
2022-09-05,228.77,241.51,227.01,239.52,48890.33,1162038.269,0.016624
2022-09-06,239.52,257.48,236.23,253.22,53905.92,1345161.784,0.01833
2022-09-07,252.89,267.99,252.36,261.01,40108.53,1056689.301,0.01362
2022-09-08,263.97,271.5,261.28,263.01,45710.84,1215037.522,0.015522000000000001
2022-09-09,264.51,264.8,253.0,257.98,29402.88,756855.911,0.009985
2022-09-13,258.0,261.0,249.0,255.3,28565.16,725988.561,0.0097
2022-09-14,251.36,259.8,249.0,252.35,25365.17,639099.079,0.008612999999999999
2022-09-15,253.76,255.0,218.2,222.03,76910.13,1764249.441,0.026116999999999998
2022-09-16,224.0,230.0,221.21,225.71,44576.88,1009987.146,0.015137000000000001
2022-09-19,222.36,229.55,220.11,223.29,30994.61,693106.071,0.010525
2022-09-20,226.06,239.99,226.06,235.01,45264.25,1062787.917,0.015371
2022-09-21,238.83,243.0,232.0,234.27,32917.51,779638.249,0.011012
2022-09-22,234.0,242.35,225.0,237.96,34906.74,829317.753,0.011677
2022-09-23,243.0,245.0,228.7,231.9,34174.36,796457.992,0.011432
2022-09-26,230.0,251.7,230.0,248.83,52924.0,1298550.062,0.017704
2022-09-27,249.0,249.19,233.1,237.16,46888.98,1121388.45,0.015686
2022-09-28,238.86,243.5,226.5,227.77,39566.47,917344.128,0.013236000000000001
2022-09-29,230.11,232.9,217.07,229.53,37892.45,858212.588,0.012676
2022-09-30,229.0,229.8,219.0,220.95,32358.88,721104.591,0.010825
2022-10-10,216.3,226.79,213.27,215.1,34312.78,745430.351,0.011477999999999999
2022-10-11,216.0,221.5,194.94,199.9,101274.94,2088985.92,0.033879
2022-10-12,201.7,204.61,187.07,204.61,113546.61,2220149.061,0.037855
2022-10-13,200.98,214.0,200.8,205.42,53978.74,1119409.853,0.017996
2022-10-14,218.0,224.77,209.65,215.18,85497.96,1849020.514,0.028504
2022-10-17,211.54,217.9,200.81,211.99,59916.76,1246484.059,0.019976
2022-10-18,212.0,216.49,207.02,210.99,40150.22,851367.612,0.013386
2022-10-19,208.7,214.5,205.5,206.42,39157.26,818325.983,0.013055
2022-10-20,201.92,205.91,194.76,201.37,58776.61,1176035.463,0.019595
2022-10-21,199.98,208.89,197.0,204.45,43477.19,888410.399,0.014495000000000001
2022-10-24,202.79,205.0,194.46,195.5,42844.75,847699.46,0.014283999999999998
2022-10-25,195.53,205.6,193.21,201.6,50130.71,1004536.281,0.016713
2022-10-26,201.6,204.0,195.53,202.67,48502.52,973645.187,0.01617
2022-10-27,210.99,215.89,191.68,193.3,98917.2,2012076.077,0.032978
2022-10-28,190.38,197.79,189.26,192.58,51744.3,1003138.038,0.017251000000000002
2022-10-31,190.9,196.81,184.6,186.8,59227.15,1114796.852,0.019746
2022-11-01,186.95,192.88,185.6,188.77,47439.34,894585.397,0.015816
2022-11-02,187.77,199.66,187.23,198.21,60109.02,1168019.063,0.02004
2022-11-03,195.65,215.55,195.62,209.4,77633.97,1624989.462,0.025882000000000002
2022-11-04,209.38,220.01,207.61,218.35,58798.19,1272816.113,0.019603
2022-11-07,218.0,224.65,217.5,222.44,46602.21,1031439.471,0.015537
2022-11-08,219.76,220.97,206.5,210.88,68201.58,1434117.538,0.022738
2022-11-09,211.2,212.3,206.61,209.01,33736.59,704878.029,0.011247
2022-11-10,207.0,210.48,200.88,203.16,35760.74,732472.075,0.011921999999999999
2022-11-11,210.0,214.5,207.53,211.05,49715.4,1049217.636,0.016575
2022-11-14,208.0,210.47,194.51,196.92,61078.08,1216335.56,0.020363000000000003
2022-11-15,197.0,202.0,195.88,201.32,39149.81,780272.071,0.013052
2022-11-16,201.99,203.48,194.8,196.5,30760.72,609477.711,0.010255
2022-11-17,194.88,196.32,188.15,191.0,35469.37,675938.522,0.011825
2022-11-18,191.23,199.8,185.21,197.11,38303.97,747811.096,0.012769999999999998
2022-11-21,195.05,200.74,194.0,195.82,22845.56,449149.506,0.007616
2022-11-22,195.43,195.87,188.58,191.96,25764.09,492586.299,0.008589
2022-11-23,191.24,203.0,188.2,201.88,38013.13,750465.999,0.012673
2022-11-24,201.92,208.0,200.8,205.68,40202.85,827132.9,0.013403
2022-11-25,203.04,204.6,196.75,197.8,23898.69,476046.331,0.007968
2022-11-28,188.7,200.48,188.24,198.58,25584.27,503139.978,0.008529
2022-11-29,197.4,198.5,189.18,189.6,36785.77,703830.978,0.012263999999999999
2022-11-30,189.68,201.0,189.68,197.72,34463.89,674328.396,0.01149
2022-12-01,202.0,202.31,191.11,197.4,27514.6,538825.919,0.009173
2022-12-02,200.0,205.5,195.3,203.93,35739.82,724616.619,0.011915
2022-12-05,198.0,198.16,184.0,186.5,74041.03,1391721.451,0.024683999999999998
2022-12-06,186.11,189.5,181.03,188.03,40208.42,747724.751,0.013405
2022-12-07,187.89,194.49,186.0,192.37,40466.52,772878.397,0.013491
2022-12-08,191.47,201.21,189.2,195.89,40767.88,799811.01,0.013592
2022-12-09,195.86,197.8,192.0,193.45,35057.65,682040.235,0.011688
2022-12-12,192.01,194.19,188.61,191.53,32028.07,612385.879,0.010678
2022-12-13,189.61,190.99,174.88,175.07,75394.8,1350688.843,0.025136
2022-12-14,172.97,176.83,171.95,174.97,35152.57,611769.95,0.011719
2022-12-15,173.08,177.1,167.0,176.8,36284.03,623675.556,0.012097
2022-12-16,173.0,175.36,168.33,169.0,28211.43,481490.225,0.009405
2022-12-19,168.64,174.82,167.19,168.53,27721.54,470584.367,0.009242
2022-12-20,168.9,171.4,164.96,167.2,28577.69,477811.893,0.009527
2022-12-21,167.25,168.6,163.57,165.37,29004.38,479785.01,0.00967
2022-12-22,165.7,166.3,161.71,162.6,23285.2,380900.41,0.007763
2022-12-23,161.88,163.77,157.5,160.0,23219.32,372577.851,0.0077410000000000005
2022-12-26,160.03,172.88,159.0,171.65,42116.26,706955.98,0.014041
2022-12-27,171.78,177.2,169.8,176.72,36700.23,644054.412,0.012235000000000001
2022-12-28,175.74,182.48,174.57,179.81,40675.66,728376.309,0.013561
2022-12-29,177.1,181.25,175.0,177.0,27296.66,485236.421,0.0091
2022-12-30,179.0,182.8,176.5,180.05,27886.37,503402.081,0.009297
2023-01-03,179.32,185.2,174.8,181.71,42041.57,760992.819,0.014015999999999999
2023-01-04,180.74,182.67,170.0,172.5,59794.68,1039884.112,0.019935
2023-01-05,172.49,178.9,170.89,176.52,59880.15,1051186.925,0.019962999999999998
2023-01-06,175.88,188.98,175.88,182.8,77608.4,1436459.808,0.025874
2023-01-09,184.83,186.3,178.2,179.0,57149.32,1039446.4,0.019053
2023-01-10,180.28,181.63,176.94,178.7,36251.19,647619.47,0.012086
2023-01-11,177.47,179.01,173.91,174.12,34735.3,610388.04,0.01158
2023-01-12,175.0,178.25,172.44,172.5,31609.44,552932.133,0.010538
2023-01-13,173.5,174.1,168.2,170.9,38367.66,652891.636,0.012790999999999999
2023-01-16,170.99,172.37,167.03,169.01,54153.26,916620.671,0.018054
2023-01-17,169.5,175.98,168.36,174.87,44866.31,775725.867,0.014958
2023-01-18,174.87,175.08,170.4,173.0,30498.46,527810.029,0.010168
2023-01-19,173.96,174.3,170.18,171.7,26650.21,458514.822,0.008883
2023-01-20,172.62,177.19,170.82,174.56,38309.69,666206.956,0.012768999999999999
2023-01-30,178.5,185.48,176.0,181.24,61189.25,1108601.185,0.020396
2023-01-31,180.03,184.85,178.55,183.11,44853.23,818663.582,0.014951
2023-02-01,182.7,183.5,168.21,171.35,104692.17,1809343.133,0.034895999999999996
2023-02-02,170.5,172.41,168.83,169.79,47193.16,802723.875,0.015731
2023-02-03,168.78,169.59,165.7,166.3,47873.66,798612.338,0.015957
2023-02-06,165.84,169.28,165.39,168.2,43461.14,729414.661,0.014487000000000002
2023-02-07,168.0,174.35,167.72,170.11,50467.86,863224.675,0.016822
2023-02-08,170.13,170.88,164.39,165.85,47170.43,784465.29,0.015723
2023-02-09,165.95,179.85,164.11,175.71,92100.08,1601010.172,0.030699
2023-02-10,176.1,176.59,168.75,169.0,46495.26,794439.881,0.015498000000000001
2023-02-13,169.01,169.91,166.63,167.48,42058.78,705689.278,0.014018999999999998
2023-02-14,167.43,169.98,165.18,168.7,41247.66,689205.776,0.013749
2023-02-15,168.7,170.83,165.6,166.02,29750.96,496267.092,0.009917
2023-02-16,166.0,166.19,161.28,162.13,39363.39,643402.865,0.013121
2023-02-17,160.81,163.43,158.88,159.15,31985.44,512609.852,0.010661
2023-02-20,157.55,163.8,156.71,162.25,30629.76,492714.395,0.010209999999999999
2023-02-21,161.0,161.5,156.2,159.4,42697.11,675644.977,0.014232
2023-02-22,158.0,162.24,157.18,157.7,23940.71,380280.928,0.007980000000000001
2023-02-23,157.0,161.82,156.81,160.85,34936.99,559122.741,0.011645
2023-02-24,161.0,161.62,157.25,157.57,23267.18,368494.679,0.007755
2023-02-27,157.57,163.0,156.5,158.8,29853.68,477259.259,0.009951
2023-02-28,160.0,160.58,157.25,158.78,21928.48,347281.315,0.0073089999999999995
2023-03-01,158.3,158.3,154.84,155.0,36921.34,575540.181,0.012306999999999998
2023-03-02,155.0,156.39,152.01,152.35,31083.82,476799.27,0.010361
2023-03-03,152.56,154.5,151.71,152.3,20327.43,310319.173,0.006776
2023-03-06,152.88,156.54,149.5,154.83,49540.38,760086.375,0.016513
2023-03-07,154.93,157.76,152.77,155.24,39683.05,616278.867,0.013227
2023-03-08,155.24,158.78,152.0,153.22,43318.34,670389.972,0.014439
2023-03-09,153.62,154.51,148.88,149.03,37165.32,560952.722,0.012388
2023-03-10,148.15,150.58,146.39,150.11,43927.39,652642.184,0.014641999999999999
2023-03-13,149.05,154.0,149.05,151.95,33816.12,511918.277,0.011271999999999999
2023-03-14,151.95,152.5,143.25,146.68,44693.69,654338.269,0.014897
2023-03-15,146.7,152.4,146.7,148.27,29048.93,433185.13,0.009683
2023-03-16,146.87,148.5,140.8,141.34,38047.96,543590.916,0.012682
2023-03-17,141.86,142.88,138.7,139.0,38292.68,537828.274,0.012764
2023-03-20,138.7,141.57,134.0,137.62,59001.8,811723.639,0.019667
2023-03-21,138.11,140.35,134.34,138.85,48278.42,660738.047,0.016092
2023-03-22,139.4,141.4,135.86,137.19,38116.23,525861.609,0.012705
2023-03-23,137.01,137.2,134.06,134.24,38415.52,518461.062,0.012805
2023-03-24,134.21,138.1,132.02,135.85,41922.62,568371.378,0.013974
2023-03-27,135.0,138.5,134.01,137.08,50660.69,690046.513,0.016886
2023-03-28,138.02,138.07,132.04,133.3,49088.18,658526.213,0.016362
2023-03-29,134.0,136.3,132.2,133.3,39947.78,535206.136,0.013316
2023-03-30,133.2,135.99,130.1,134.15,41602.49,555032.739,0.013867
2023-03-31,134.57,137.49,133.05,133.58,48894.13,659238.406,0.016298
2023-04-03,133.18,136.59,130.76,134.1,48194.95,645466.848,0.016064000000000002
2023-04-04,134.03,134.03,128.3,130.3,67214.68,875890.002,0.022404
2023-04-06,129.65,131.29,128.31,130.18,35672.65,461999.736,0.011891
2023-04-07,129.58,131.28,127.58,127.58,39257.58,506199.543,0.013085
2023-04-10,128.5,130.08,127.1,129.54,50076.99,645053.07,0.016692
2023-04-11,129.97,131.36,127.02,129.0,61979.99,798553.192,0.020659
2023-04-12,127.99,129.3,124.83,125.4,52685.09,663312.643,0.017561
2023-04-13,125.83,128.2,124.44,125.1,41980.24,528872.742,0.013993
2023-04-14,124.9,126.51,123.35,124.68,47220.45,591470.718,0.01574
2023-04-17,124.48,127.32,123.95,125.69,53015.87,667118.588,0.017671
2023-04-18,125.24,129.66,124.55,127.9,88631.94,1132750.959,0.029543
2023-04-19,127.08,127.86,124.0,125.02,52932.69,663296.243,0.017644
2023-04-20,125.02,125.02,121.4,122.05,46335.05,567300.65,0.015445
2023-04-21,122.21,124.16,119.18,119.18,60519.19,736667.298,0.020172
2023-04-24,119.75,120.18,116.56,117.55,47857.05,563909.841,0.015952
2023-04-25,117.8,119.41,111.0,111.34,85696.64,974623.632,0.028565
2023-04-26,111.77,127.7,111.0,123.49,156562.01,1886635.339,0.052186
2023-04-27,122.01,123.4,118.88,119.62,85865.08,1035228.578,0.028620999999999997
2023-04-28,119.61,119.88,113.56,113.8,97647.78,1128345.446,0.032548
2023-05-04,114.0,117.89,112.8,114.61,61398.51,708515.914,0.020466
2023-05-05,113.0,114.5,109.84,111.8,65784.06,734712.344,0.021927
2023-05-08,112.9,113.58,109.72,111.18,44284.28,492262.122,0.014673
2023-05-09,112.33,112.33,108.8,109.11,39579.46,434845.045,0.013113999999999999
2023-05-10,108.58,111.6,106.82,110.0,51251.32,559454.209,0.016982
2023-05-11,110.11,113.2,109.0,109.52,53627.77,594516.94,0.017769
2023-05-12,109.0,110.38,107.05,107.05,35006.1,378298.207,0.011599
2023-05-15,107.84,114.5,107.3,111.53,76290.92,849541.561,0.025278000000000002
2023-05-16,111.8,114.44,110.73,112.13,56452.96,634073.588,0.018705
2023-05-17,112.13,112.97,109.8,110.83,37675.41,417718.416,0.012483
2023-05-18,110.3,110.91,107.38,108.18,51293.18,556597.472,0.016995
2023-05-19,107.49,108.39,106.44,107.21,37800.32,405648.312,0.012525
2023-05-22,106.66,108.71,106.0,106.57,42903.41,459386.432,0.014216
2023-05-23,106.73,108.88,105.38,105.52,42553.13,453915.276,0.014098999999999999
2023-05-24,104.96,109.55,104.21,106.93,69606.17,744301.159,0.023062999999999997
2023-05-25,106.82,111.77,104.52,109.82,104411.17,1141217.777,0.034595
2023-05-26,108.77,108.9,103.08,105.11,76638.81,805393.636,0.025393
2023-05-29,105.2,105.38,101.41,102.52,60783.05,623152.264,0.020139999999999998
2023-05-30,103.68,104.1,100.28,101.59,47361.84,480878.08,0.015693
2023-05-31,101.6,102.02,99.37,99.81,46380.74,464967.757,0.015368
2023-06-01,100.21,102.48,99.58,99.66,50070.29,504443.294,0.01659
2023-06-02,99.5,102.35,98.14,101.39,51082.97,516658.998,0.016926
2023-06-05,101.25,101.25,98.28,98.51,46763.19,463156.99,0.015494
2023-06-06,99.0,99.53,96.9,97.68,47635.04,466675.775,0.015783000000000002
2023-06-07,97.68,98.18,95.5,95.74,42956.24,412873.866,0.014233
2023-06-08,95.74,97.69,94.46,94.48,45377.13,435332.812,0.015035
2023-06-09,94.29,95.7,93.55,95.25,54541.31,516505.392,0.018071999999999998
2023-06-12,95.15,97.99,93.7,97.1,57586.87,554048.543,0.019081
2023-06-13,97.0,98.0,95.62,97.45,39034.67,377788.625,0.012934000000000001
2023-06-14,97.45,97.74,95.0,95.0,36094.11,346754.476,0.011959
2023-06-15,95.08,102.5,94.08,101.5,111952.68,1114390.849,0.037094
2023-06-16,101.51,105.88,100.71,104.66,97778.69,1011201.046,0.032397999999999996
2023-06-19,103.55,107.53,103.1,104.52,72853.1,763385.495,0.024139
2023-06-20,105.01,105.55,103.0,104.25,48316.86,503535.643,0.016009
2023-06-21,103.64,105.88,101.88,101.9,54818.72,568486.959,0.018164
2023-06-26,100.22,106.99,99.75,104.27,76404.76,789367.642,0.025316
2023-06-27,103.5,106.98,101.69,103.3,78859.3,816773.25,0.026129
2023-06-28,103.35,104.3,101.33,102.26,54580.74,559215.563,0.018085
2023-06-29,102.21,103.75,99.89,99.89,56934.01,575660.009,0.018864000000000002
2023-06-30,99.78,106.66,97.33,104.1,105991.78,1088347.753,0.035119
2023-07-03,104.59,110.37,104.2,107.9,125746.34,1363597.812,0.041665
2023-07-04,108.1,108.23,103.41,104.06,99636.11,1047775.571,0.033013
2023-07-05,104.38,105.24,100.8,101.23,65869.24,674225.813,0.021825
2023-07-06,101.25,103.48,99.9,100.2,65410.89,661795.124,0.021673
2023-07-07,99.2,99.76,96.53,96.53,59878.67,585519.248,0.01984
2023-07-10,96.77,110.56,96.2,108.48,201508.9,2135858.877,0.066768
2023-07-11,108.86,109.12,105.17,106.35,84038.14,893757.069,0.027844999999999998
2023-07-12,106.41,114.85,105.27,113.59,200289.74,2225974.9,0.066364
2023-07-13,115.3,116.85,112.0,113.8,162080.96,1842250.176,0.053711
2023-07-14,113.45,114.0,107.98,108.48,142676.98,1573517.376,0.047281000000000004
2023-07-17,107.81,109.48,105.08,106.69,81183.22,868976.722,0.026903
2023-07-18,107.0,107.3,103.8,105.5,72892.38,768099.117,0.024141
2023-07-19,105.3,105.37,100.4,101.39,102909.42,1049365.162,0.034082
2023-07-20,101.23,102.48,99.01,99.11,95143.63,957781.499,0.031509999999999996
2023-07-21,99.0,100.21,96.83,98.53,64042.75,630748.01,0.02121
2023-07-24,97.57,99.08,95.53,95.6,68409.78,660766.028,0.022656
2023-07-25,96.6,98.09,95.9,97.05,68984.13,668202.212,0.022846
2023-07-26,96.4,98.99,96.1,96.4,58511.74,569727.393,0.019378
2023-07-27,95.87,96.67,93.3,93.71,75198.55,710444.788,0.024904000000000003
2023-07-28,93.0,94.04,91.5,93.91,67143.51,622630.208,0.022237
2023-07-31,93.53,96.5,93.5,94.53,63196.77,600361.215,0.02093
2023-08-01,94.4,95.1,91.5,92.23,65984.52,612849.826,0.021852999999999997
2023-08-02,91.78,92.52,90.23,90.28,58995.72,536410.475,0.019538
2023-08-03,90.85,93.58,90.85,91.99,73934.26,682312.566,0.024485999999999997
2023-08-04,91.3,93.39,90.6,92.58,69413.99,638290.328,0.022989000000000002
2023-08-07,92.0,92.26,89.71,90.1,59102.4,535607.115,0.019574
2023-08-08,92.0,92.28,87.0,87.44,88444.86,783623.525,0.029291
2023-08-09,86.22,88.52,86.02,86.71,51105.78,445703.634,0.016925
2023-08-10,86.03,93.26,86.01,91.55,191045.11,1731235.593,0.059432
2023-08-11,91.02,91.28,88.8,88.8,89565.59,806529.652,0.027863000000000002
2023-08-14,87.39,88.3,84.88,87.08,88530.9,764722.301,0.027541000000000003
2023-08-15,87.0,87.0,82.8,83.89,97791.87,822762.744,0.030421999999999998
2023-08-16,83.94,84.98,82.65,82.86,55412.29,462746.062,0.017238
2023-08-17,82.01,83.9,81.45,83.12,63869.6,526833.118,0.019869
2023-08-18,82.9,84.2,81.09,81.09,54236.64,447593.531,0.016873
2023-08-21,80.6,81.01,77.95,78.11,91621.7,722064.341,0.028502999999999997
2023-08-22,78.95,79.23,75.75,77.69,86428.32,668495.174,0.026886999999999998
2023-08-23,77.23,77.6,74.18,74.22,71143.92,537006.478,0.022132
2023-08-24,74.82,77.71,74.1,75.96,83652.8,636840.967,0.026024
2023-08-25,74.9,76.47,74.26,74.68,59228.26,444880.542,0.018425
2023-08-28,80.0,80.5,75.2,75.55,98561.47,759457.967,0.030662
2023-08-29,74.9,77.97,74.6,77.72,84995.89,654349.299,0.026441
2023-08-30,76.88,77.78,75.51,76.76,103861.23,794228.522,0.03231
2023-08-31,76.9,76.9,74.4,75.04,77412.68,581324.326,0.024082
2023-09-01,75.24,75.79,73.83,73.86,55307.85,412013.117,0.017206
2023-09-04,73.86,76.5,72.75,75.61,80352.35,601737.147,0.024997
2023-09-05,75.4,77.75,74.68,76.12,85845.08,653180.956,0.026705999999999997
2023-09-06,75.63,76.02,74.39,75.41,57574.63,432227.399,0.017911
2023-09-07,75.41,75.48,72.95,73.03,49861.42,368219.545,0.015510999999999999
2023-09-08,73.0,73.44,71.48,71.55,47732.12,343358.597,0.014849000000000001
2023-09-11,71.9,73.45,71.05,72.71,55516.79,402394.448,0.017271
2023-09-12,72.57,74.27,72.12,72.65,49264.93,360770.57,0.015326
2023-09-13,72.45,73.0,70.85,71.31,39118.9,280246.651,0.01217
2023-09-14,71.26,71.6,69.75,69.87,49891.51,350689.254,0.015521
2023-09-15,70.2,70.88,68.88,69.0,46925.13,326713.878,0.014598
2023-09-18,68.9,73.72,68.66,71.36,105978.56,759874.112,0.032969
2023-09-19,71.36,72.95,69.67,70.06,55290.47,391638.319,0.0172
2023-09-20,69.88,73.6,69.0,70.9,103509.56,734321.31,0.032201
2023-09-21,69.8,75.97,69.59,73.73,177737.78,1303159.212,0.055293
2023-09-22,73.44,76.61,73.03,75.51,173524.83,1300788.707,0.053982
2023-09-25,74.4,77.75,71.67,76.1,166354.78,1238445.048,0.051751
2023-09-26,75.9,77.5,75.37,76.1,111929.12,854807.512,0.034820000000000004
2023-09-27,75.6,83.0,75.45,79.48,202585.53,1618473.376,0.063022
2023-09-28,79.8,80.15,77.93,78.51,97678.57,767656.495,0.030387
2023-10-09,77.55,77.88,75.85,76.58,83238.25,638228.436,0.025895
2023-10-10,76.84,77.35,75.28,75.5,77895.72,592245.246,0.024232999999999998
2023-10-11,76.35,78.14,74.88,75.68,103252.29,790277.458,0.032121
2023-10-12,75.51,80.47,75.44,79.37,151759.71,1187017.681,0.047210999999999996
2023-10-13,78.18,78.29,75.79,77.75,108040.07,831224.845,0.03361
2023-10-16,76.67,78.82,75.88,78.16,89938.37,695901.4,0.027978999999999997
2023-10-17,77.72,81.79,77.22,79.98,119502.05,955004.601,0.037176
2023-10-18,79.22,81.32,79.0,79.9,88665.58,710996.246,0.027583000000000003
2023-10-19,79.21,86.29,77.4,84.24,182526.65,1496000.296,0.056782000000000006
2023-10-20,82.8,86.33,82.73,86.23,163305.86,1383423.366,0.050803
2023-10-23,85.17,86.19,83.6,83.6,114662.14,970531.182,0.03567
2023-10-24,82.83,83.49,79.13,79.33,141684.5,1148594.468,0.044077000000000005
2023-10-25,79.5,81.3,75.46,75.5,161225.23,1252419.288,0.050156
2023-10-26,70.0,71.85,65.68,67.66,189277.9,1306737.474,0.058883
2023-10-27,66.99,70.57,65.33,69.88,142169.42,966016.902,0.044227999999999996
2023-10-30,68.74,70.76,68.34,69.8,103796.38,722391.842,0.03229
2023-10-31,69.39,69.79,66.25,66.99,106486.47,718598.199,0.033127
2023-11-01,66.9,67.78,64.87,65.18,94997.73,624667.463,0.029553
2023-11-02,65.0,65.6,63.32,63.32,77391.77,495797.663,0.024076
2023-11-03,63.33,66.21,63.33,64.93,88309.39,575584.942,0.027472
2023-11-06,65.05,68.16,65.05,67.74,107183.67,721952.36,0.033344
2023-11-07,67.11,69.65,66.7,69.3,98854.6,676325.804,0.030753
2023-11-08,69.66,70.49,68.59,69.37,88791.1,616321.127,0.027622
2023-11-09,69.36,71.43,68.86,70.0,84948.39,597042.843,0.026427
2023-11-10,69.2,70.4,68.17,69.8,67770.48,469002.386,0.021082999999999998
2023-11-13,70.05,72.3,69.5,71.13,82715.26,587107.628,0.025731999999999998
2023-11-14,71.28,71.97,69.89,70.42,59011.18,416709.382,0.018358
2023-11-15,72.11,74.38,71.8,72.44,105750.66,771984.094,0.032898000000000004
2023-11-16,71.9,72.15,69.7,69.7,78701.6,555404.337,0.024483
2023-11-17,69.5,70.29,68.74,69.71,42329.86,294397.783,0.013168
2023-11-20,69.81,72.1,68.71,71.68,77490.43,548053.656,0.024107
2023-11-21,71.32,72.27,70.88,71.18,52532.68,375650.63,0.016342000000000002
2023-11-22,70.87,71.68,70.02,70.1,48842.24,344480.418,0.015194000000000001
2023-11-23,70.11,70.96,69.57,70.43,44063.94,309579.094,0.013708
2023-11-24,70.4,70.66,69.12,69.14,31907.73,222707.364,0.009926
2023-11-27,69.6,69.6,65.69,66.1,75783.43,509228.147,0.023576
2023-11-28,66.08,66.98,64.77,65.27,53292.84,349822.063,0.016579
2023-11-29,65.28,66.28,64.18,65.94,54477.22,356581.323,0.016947
2023-11-30,65.63,68.66,65.42,66.65,65295.64,437387.022,0.020312999999999998
2023-12-01,66.23,66.73,64.88,65.36,51766.16,339733.071,0.016104
2023-12-04,65.03,66.09,64.37,65.38,52407.11,341261.457,0.016303
2023-12-05,65.0,66.4,63.8,63.84,53939.9,351155.671,0.01678
2023-12-06,63.5,65.93,63.4,64.85,62740.23,408602.558,0.019518
2023-12-07,64.26,64.6,62.55,62.57,68292.34,431197.191,0.021245
2023-12-08,63.09,64.32,62.31,62.98,63651.14,402759.883,0.019801
2023-12-11,62.0,62.67,60.91,62.49,65132.31,401363.182,0.020262
2023-12-12,62.2,62.53,59.96,60.23,84836.51,517068.268,0.026392000000000002
2023-12-13,60.01,60.02,57.5,57.52,87599.14,512810.942,0.027250999999999997
2023-12-14,58.31,59.25,57.41,57.5,59303.44,346273.284,0.018449
2023-12-15,58.15,61.38,58.15,59.04,112686.96,671432.079,0.035056
2023-12-18,58.66,59.63,57.7,57.93,54242.96,316567.091,0.016874
2023-12-19,57.9,60.88,57.62,59.52,100590.68,599940.349,0.031293
2023-12-20,59.8,59.98,58.35,59.39,69461.84,410595.574,0.021609
2023-12-21,58.92,65.25,58.66,64.35,176063.97,1095961.013,0.054772
2023-12-22,63.6,69.49,62.9,67.28,214138.12,1418905.363,0.066616
2023-12-25,66.68,68.59,66.59,68.28,102460.86,695455.71,0.031875
2023-12-26,67.78,70.89,67.46,67.99,135053.33,931109.483,0.042013999999999996
2023-12-27,67.77,68.44,65.96,67.15,95782.04,641662.956,0.029796999999999997
2023-12-28,67.01,73.87,66.66,72.84,193146.5,1374801.995,0.060086
2023-12-29,71.86,72.69,69.65,69.9,139787.91,986799.347,0.043487
2024-01-02,69.7,69.9,68.3,68.42,70056.6,482798.745,0.021793999999999997
2024-01-03,68.28,69.57,67.43,68.15,68495.36,467420.577,0.021307999999999997
2024-01-04,67.9,67.96,65.99,66.65,66910.39,447066.749,0.020815
2024-01-05,66.15,67.99,64.5,65.09,71029.61,470238.601,0.022097000000000002
2024-01-08,64.63,66.26,64.13,64.46,59009.83,384122.574,0.018357000000000002
2024-01-09,65.1,75.16,64.83,72.27,254804.61,1790977.759,0.079267
2024-01-10,71.01,78.8,71.01,76.53,259645.78,1961344.966,0.080773
2024-01-11,76.67,79.59,76.6,77.83,193162.97,1503315.538,0.060091
2024-01-12,77.72,78.59,76.45,76.7,127865.43,989953.41,0.039778
2024-01-15,75.93,77.1,74.35,75.36,85333.36,645139.799,0.026546
2024-01-16,75.36,76.84,74.0,75.24,98118.24,738166.242,0.030524
2024-01-17,74.94,76.79,73.23,75.02,121437.44,912453.925,0.037778
2024-01-18,74.0,79.79,74.0,79.76,190886.12,1479993.415,0.059367
2024-01-19,78.17,78.92,71.41,71.51,203235.94,1520529.658,0.063208
2024-01-22,72.21,74.25,70.19,71.68,135842.58,984835.109,0.042248
2024-01-23,71.41,75.39,68.97,72.63,126064.32,917298.925,0.039207
2024-01-24,73.64,73.8,69.1,71.6,104168.97,739648.644,0.032397
2024-01-25,70.95,71.0,67.34,70.64,125161.12,868936.054,0.038925999999999995
2024-01-26,69.99,73.28,69.66,70.09,99156.93,708680.583,0.030839
2024-01-29,70.0,70.09,61.88,61.91,149842.72,960785.759,0.046602
2024-01-30,61.01,63.49,60.4,60.49,88495.67,546693.21,0.027523
2024-01-31,59.87,61.77,59.03,59.7,93596.44,564627.245,0.029109
2024-02-01,59.06,63.49,59.0,60.98,115160.06,707000.936,0.035816
2024-02-02,60.5,60.92,54.97,57.26,111851.13,649278.604,0.034787
2024-02-05,56.52,56.99,51.11,53.57,100279.24,542567.234,0.031187999999999997
2024-02-06,53.57,58.5,52.9,57.81,95928.48,537964.031,0.029834999999999997
2024-02-07,58.63,61.22,58.54,59.57,103647.09,622550.46,0.032235
2024-02-08,60.35,60.6,57.23,60.11,111752.01,664076.381,0.034756
2024-02-19,59.9,60.8,58.5,60.5,73030.36,438097.387,0.022713
2024-02-20,60.0,60.26,57.81,59.27,82173.12,484145.868,0.025557
2024-02-21,58.61,63.05,58.39,60.99,117188.2,718391.724,0.036447
2024-02-22,60.47,63.5,60.17,61.41,84964.58,520842.934,0.026425
2024-02-23,61.78,63.98,61.43,62.4,89186.79,557268.573,0.027738
2024-02-26,62.0,63.3,60.76,62.85,98109.35,608743.078,0.030513
2024-02-27,62.2,65.3,61.8,65.05,101399.16,643978.073,0.031536
2024-02-28,66.02,69.52,62.88,63.23,146151.4,972057.411,0.045454
2024-02-29,63.2,65.28,62.17,65.13,100893.09,646238.472,0.031379000000000004
2024-03-01,65.14,66.47,64.04,66.15,93933.92,614572.656,0.029214000000000004
2024-03-04,65.6,67.57,65.44,65.7,76913.81,509367.518,0.023921
2024-03-05,65.1,65.11,62.7,63.12,93596.06,594241.128,0.029109
2024-03-06,62.81,67.67,62.38,65.79,109923.06,717151.686,0.034186999999999995
2024-03-07,65.04,65.79,62.75,62.81,74275.97,476764.113,0.0231
2024-03-08,63.5,66.79,63.3,66.56,115065.76,754404.166,0.035786
2024-03-11,68.34,72.46,67.13,70.84,170898.38,1188384.299,0.053151000000000004
2024-03-12,71.1,71.4,69.31,69.57,106322.23,743361.606,0.033067
2024-03-13,69.26,71.26,68.46,69.74,83528.24,583213.717,0.025977999999999998
2024-03-14,69.0,70.1,67.64,68.14,70633.76,484824.177,0.021968
2024-03-15,68.14,68.44,65.69,66.66,78629.84,523449.621,0.024455
2024-03-18,67.1,68.6,66.17,68.27,70804.02,478290.419,0.022021000000000002
2024-03-19,68.27,69.7,66.51,66.57,66860.28,453116.83,0.020794
2024-03-20,66.0,68.36,65.99,66.97,48324.39,323364.852,0.015028999999999999
2024-03-21,66.8,67.2,64.48,64.78,79805.09,522099.224,0.024820000000000002
2024-03-22,64.5,64.78,60.2,60.22,129849.9,802859.507,0.040384
2024-03-25,60.0,60.9,58.7,58.84,76354.28,454486.424,0.023746999999999997
2024-03-26,58.98,61.55,58.7,60.97,94731.03,567481.763,0.029462000000000002
2024-03-27,60.59,60.8,57.3,57.3,72132.68,425011.469,0.022434
2024-03-28,57.79,60.16,57.77,59.29,80381.97,474553.52,0.024998999999999997
2024-03-29,59.0,60.06,58.66,59.56,46567.46,276411.324,0.014483
2024-04-01,60.15,63.63,59.65,63.59,118374.11,735795.002,0.036815
2024-04-02,62.83,65.02,62.4,64.06,98669.01,627393.1,0.030687000000000002
2024-04-03,63.41,64.2,62.02,62.07,60032.92,377406.851,0.018671
2024-04-08,61.5,61.96,59.3,59.4,61107.69,368429.843,0.019005
2024-04-09,59.75,61.2,59.67,60.12,44600.0,268750.968,0.013871
2024-04-10,60.18,62.36,58.39,61.79,81203.58,490327.06,0.025255
2024-04-11,61.18,62.05,60.0,61.0,47912.03,292570.932,0.014901
2024-04-12,60.61,61.1,57.79,58.01,68613.35,404916.743,0.021339
2024-04-15,58.01,59.74,56.34,57.35,69178.64,401127.128,0.021515
2024-04-16,57.0,57.08,54.9,55.33,58638.19,326801.433,0.018237
2024-04-17,55.78,56.8,55.71,56.49,47783.33,268801.944,0.014861
2024-04-18,55.95,57.75,55.08,56.79,56365.25,319602.516,0.01753
2024-04-19,56.16,56.38,53.67,53.8,55980.07,306201.985,0.017410000000000002
2024-04-22,53.86,56.47,53.68,54.34,43078.63,236991.039,0.013398
2024-04-23,54.79,57.25,54.71,55.02,53395.89,298231.452,0.016607
2024-04-24,54.61,54.95,52.63,53.51,60130.71,320815.696,0.018701000000000002
2024-04-25,52.61,54.32,52.26,53.13,43030.65,230539.048,0.013383
2024-04-26,52.35,54.35,52.0,54.1,67900.84,363713.024,0.021118
2024-04-29,52.5,56.64,52.5,55.78,101647.2,559388.158,0.031613
2024-04-30,55.78,56.3,53.0,53.55,86985.3,470820.719,0.027052999999999997
2024-05-06,54.37,56.28,54.37,55.73,80124.31,443844.984,0.024918999999999997
2024-05-07,56.0,57.34,55.44,56.49,72424.77,408916.38,0.022525
2024-05-08,56.97,57.98,56.07,56.1,82652.1,471567.983,0.025706000000000003
2024-05-09,56.07,59.63,56.07,58.39,110096.45,643605.047,0.034241
2024-05-10,58.43,58.76,56.71,58.1,67500.29,389491.728,0.020992999999999998
2024-05-13,57.5,62.96,57.5,61.22,163695.82,1005275.01,0.050911
2024-05-14,61.5,61.98,59.23,59.98,100216.13,602954.6,0.031168
2024-05-15,62.49,63.09,59.49,60.24,92226.94,563537.291,0.028683
2024-05-16,59.21,60.46,58.5,58.71,74679.78,441873.852,0.023226
2024-05-17,57.51,60.36,56.8,60.19,84631.1,496859.427,0.026320999999999997
2024-05-20,59.75,60.28,59.01,59.6,44110.6,262882.06,0.013718999999999999
2024-05-21,59.42,59.86,58.0,58.13,36363.5,213111.995,0.011309
2024-05-22,58.85,62.65,58.64,62.48,134955.89,820101.613,0.041971999999999995
2024-05-23,61.3,62.15,59.9,60.16,74661.06,454283.357,0.02322
2024-05-24,60.11,61.08,58.33,58.4,51867.07,308003.154,0.016131
2024-05-27,58.7,58.96,56.68,57.6,45547.55,261105.802,0.014166000000000002
2024-05-28,56.79,59.25,56.79,57.75,44207.47,256797.88,0.013749
2024-05-29,57.27,61.1,57.27,58.63,78900.14,470747.512,0.024539
2024-05-30,59.3,59.99,57.31,57.85,49342.0,287026.924,0.015346
2024-05-31,57.84,58.32,57.18,57.4,38733.61,223116.502,0.012046
2024-06-03,57.14,57.16,56.1,56.65,36703.34,207576.283,0.011415
2024-06-04,56.5,57.2,55.66,57.02,42981.6,242247.305,0.013368
2024-06-05,56.9,57.3,56.01,56.01,33563.7,190011.726,0.010439
2024-06-06,56.2,56.44,53.2,53.24,61749.25,335389.273,0.019205
2024-06-07,53.6,53.88,51.82,52.3,46897.12,246069.855,0.014584999999999999
2024-06-11,52.05,52.48,51.3,52.22,32891.78,170927.034,0.01023
2024-06-12,52.6,52.6,51.0,51.48,51594.61,265498.612,0.016046
2024-06-13,51.59,52.6,51.25,51.43,66644.89,346640.059,0.020727000000000002
2024-06-14,51.21,51.5,49.5,50.87,120850.35,604597.038,0.037585
2024-06-17,50.87,52.49,50.3,51.02,83166.94,426735.06,0.025865999999999997
2024-06-18,51.0,52.05,50.72,51.1,55581.43,284873.97,0.017286
2024-06-19,51.1,51.24,49.02,49.25,72727.89,360811.207,0.022618999999999997
2024-06-20,48.78,49.21,46.8,46.8,80228.06,382075.6,0.024952000000000002
2024-06-21,47.07,47.48,46.12,46.43,49673.04,231871.602,0.015449
2024-06-24,45.99,46.0,44.76,44.83,63078.11,285031.435,0.019618
2024-06-25,45.0,45.31,43.23,43.75,54381.05,239126.437,0.016913
2024-06-26,43.91,44.72,42.8,44.52,57472.78,252277.735,0.017875000000000002
2024-06-27,44.07,44.19,43.08,43.08,37621.18,164134.546,0.011701
2024-06-28,43.08,43.48,41.58,41.64,75754.57,321859.395,0.023559999999999998
2024-07-01,47.44,49.97,46.5,49.97,227239.7,1099764.549,0.070673
2024-07-02,49.95,50.25,48.34,48.63,162225.34,795537.38,0.050453
2024-07-03,48.23,49.49,46.3,47.67,116821.95,556946.474,0.036333000000000004
2024-07-04,47.58,48.1,45.77,46.11,81072.8,377477.333,0.025214
2024-07-05,46.49,48.08,46.09,46.6,126481.59,594064.55,0.039337
2024-07-08,45.98,46.51,45.02,46.01,88391.65,403963.384,0.027490999999999998
2024-07-09,45.79,48.71,45.72,47.36,134108.35,631089.533,0.041708999999999996
2024-07-10,46.89,51.27,46.31,48.92,181273.45,897506.818,0.056378000000000004
2024-07-11,49.35,52.9,49.35,52.32,184981.05,948005.616,0.057531
2024-07-12,54.37,61.0,53.27,58.71,276225.04,1572515.509,0.085908
2024-07-15,57.62,61.22,57.09,59.95,199905.61,1186378.112,0.062172
2024-07-16,59.95,62.5,59.58,61.92,154270.07,942554.75,0.047979
2024-07-17,62.49,62.57,59.48,59.69,131558.96,799229.896,0.040915999999999994
2024-07-18,59.69,63.73,59.18,62.72,182909.41,1132719.945,0.056886
2024-07-19,62.98,65.85,62.59,65.07,163972.01,1058982.163,0.050997
2024-07-22,65.7,67.85,64.19,65.0,179967.57,1182930.735,0.055971
2024-07-23,64.64,65.64,63.66,64.4,121637.89,787019.05,0.03783
2024-07-24,64.39,65.64,62.73,63.7,109342.69,697868.864,0.034007
2024-07-25,64.06,67.0,63.73,64.98,147299.17,963015.821,0.045811000000000004
2024-07-26,64.45,65.8,63.2,64.0,115397.44,741703.382,0.03589
2024-07-29,63.24,64.26,61.6,62.99,116617.39,731780.755,0.036269
2024-07-30,62.98,64.75,62.74,64.33,85276.31,544638.573,0.026522
2024-07-31,64.03,64.82,61.8,63.75,97029.06,613210.366,0.030177
2024-08-01,63.2,66.0,63.04,64.11,91126.87,586939.011,0.028340999999999998
2024-08-02,63.97,65.88,62.1,64.63,107685.2,688025.566,0.033491
2024-08-05,64.01,69.08,62.73,62.89,130900.5,856497.688,0.040711000000000004
2024-08-06,63.8,67.25,63.29,67.09,147754.61,973014.941,0.045953
2024-08-07,66.3,67.74,65.19,65.73,92502.66,612335.25,0.028769
2024-08-08,65.29,65.8,63.66,64.1,76765.64,494070.019,0.023875
2024-08-09,63.96,64.83,62.42,62.48,59573.17,378210.268,0.018528
2024-08-12,63.46,63.78,61.08,61.97,55371.01,343656.987,0.017221
2024-08-13,62.1,63.28,61.03,62.2,56781.6,351664.383,0.01766
2024-08-14,62.28,62.8,60.57,60.57,52121.12,318780.336,0.01621
2024-08-15,60.26,61.95,59.7,60.51,61460.9,373737.961,0.019115
2024-08-16,60.56,60.86,58.92,59.26,57246.28,340675.819,0.017804
2024-08-19,59.01,59.74,57.85,58.84,53221.0,312358.397,0.016552
2024-08-20,58.6,59.3,57.66,57.82,47537.95,278019.546,0.014785
2024-08-21,58.01,58.29,55.66,55.9,81610.51,460641.934,0.025382
2024-08-22,55.89,56.2,54.45,55.5,58133.3,322805.474,0.01808
2024-08-23,55.49,56.47,54.66,55.04,35193.1,195337.774,0.010945
2024-08-26,55.05,56.89,53.92,54.5,54367.89,300312.387,0.016909
2024-08-27,54.32,54.91,53.21,53.49,55556.85,299082.726,0.017279
2024-08-28,53.35,54.81,52.72,54.25,50225.48,270401.422,0.015621000000000001
2024-08-29,54.25,60.19,54.14,59.35,151084.98,869096.888,0.046989
2024-08-30,58.8,61.14,58.6,59.6,118681.8,709358.982,0.036911
2024-09-02,59.2,60.3,57.03,57.3,89725.85,526534.478,0.027906
2024-09-03,57.03,57.99,56.3,57.13,68968.54,392900.904,0.02145
2024-09-04,56.6,57.98,55.83,56.99,59234.87,337418.963,0.018423000000000002
2024-09-05,57.08,60.63,56.99,59.22,116006.34,688803.646,0.036079
2024-09-06,59.0,59.49,56.01,56.16,80033.12,457319.546,0.024891
2024-09-09,55.64,58.16,55.63,57.41,80931.91,462325.289,0.025171000000000002
2024-09-10,57.62,62.8,57.35,61.35,142010.7,854353.228,0.044167
2024-09-11,61.81,66.6,61.81,66.36,156936.14,1014618.27,0.048808
2024-09-12,66.21,67.8,65.18,65.18,117442.47,775867.846,0.036526
2024-09-13,64.91,65.65,63.47,63.99,92210.14,593228.392,0.028678
2024-09-18,63.42,65.02,62.7,63.2,81652.3,519699.138,0.025394999999999997
2024-09-19,64.3,64.89,62.07,62.5,117809.62,746803.986,0.03664
2024-09-20,62.1,62.23,60.5,61.54,86245.83,528319.807,0.026823
2024-09-23,61.54,61.76,58.85,59.02,97809.28,585909.221,0.03042
2024-09-24,59.2,60.79,56.96,60.65,142826.99,844785.065,0.04442
2024-09-25,61.0,62.29,59.2,59.49,130396.52,793479.649,0.040554
2024-09-26,58.9,62.93,57.5,62.9,142363.34,856036.929,0.044276
2024-09-27,63.8,71.84,62.6,71.38,198935.68,1350665.91,0.061871
2024-09-30,75.47,85.0,72.5,83.2,224389.96,1745302.575,0.069787
2024-10-08,97.0,97.79,86.01,95.39,275210.09,2571420.363,0.085593
2024-10-09,88.0,89.18,77.48,77.5,267704.19,2230287.214,0.083258
2024-10-10,79.6,81.38,76.8,76.83,150213.09,1183157.898,0.046718
2024-10-11,75.39,76.97,71.32,72.61,140805.0,1030609.26,0.043792
2024-10-14,73.88,74.77,71.5,74.02,114482.51,841209.544,0.035605000000000005
2024-10-15,73.86,74.1,71.57,71.71,117367.42,852451.654,0.036502
2024-10-16,70.5,71.89,69.17,69.89,86612.62,609410.88,0.026937000000000003
2024-10-17,70.49,73.58,69.31,71.44,132604.9,943960.175,0.041241
2024-10-18,70.86,77.92,70.5,74.76,184515.87,1366587.823,0.057386
2024-10-21,73.99,81.0,72.7,77.68,224772.65,1712145.726,0.069906
2024-10-22,75.86,77.25,73.49,75.94,184902.4,1383132.017,0.057506
2024-10-23,75.7,83.0,75.49,80.48,260093.16,2061143.225,0.080891
2024-10-24,79.0,79.43,73.81,74.0,168051.38,1283694.255,0.052265
2024-10-25,73.59,82.0,73.39,78.85,253633.58,1990136.435,0.07888200000000001
2024-10-28,78.31,78.7,75.28,76.39,165971.29,1264266.011,0.051618000000000004
2024-10-29,78.23,79.27,73.6,74.47,154651.69,1168989.662,0.048098
2024-10-30,74.05,74.2,70.2,71.62,201795.01,1444802.071,0.06276
2024-10-31,72.6,73.87,70.77,71.97,155703.11,1126612.098,0.048425
2024-11-01,70.82,71.29,68.88,69.15,133361.84,933692.887,0.04147700000000001
2024-11-04,69.01,70.96,68.68,69.92,90073.14,629937.897,0.028014
2024-11-05,69.92,72.5,69.11,72.03,144906.48,1035399.551,0.045067
2024-11-06,72.05,75.38,70.83,71.15,170262.75,1244908.821,0.052953
2024-11-07,68.93,70.4,67.56,70.25,137741.12,950031.405,0.042839
2024-11-08,71.3,73.15,70.11,70.38,128939.86,924554.579,0.040101000000000005
2024-11-11,70.5,73.6,69.36,73.6,141804.77,1026741.929,0.044101999999999995
2024-11-12,74.11,77.99,73.79,76.06,230386.01,1742766.846,0.071652
2024-11-13,74.37,77.77,74.31,77.77,174507.83,1327532.277,0.054272999999999995
2024-11-14,78.2,81.28,75.95,76.66,220286.65,1743688.214,0.068511
2024-11-15,76.03,78.66,74.68,74.86,136900.33,1043709.79,0.042577
2024-11-18,73.3,73.5,68.92,69.6,138276.14,980991.245,0.043005
2024-11-19,70.19,72.59,69.28,71.71,88021.5,623873.783,0.027374999999999997
2024-11-20,70.9,71.56,69.7,70.97,91690.62,646638.515,0.028517
2024-11-21,72.01,72.65,69.8,70.49,78692.5,558481.87,0.024474
2024-11-22,69.91,70.65,66.42,66.69,102488.79,703732.115,0.031875
2024-11-25,66.44,67.6,65.79,66.3,66635.74,444197.02,0.020724
2024-11-26,66.5,68.6,65.87,65.91,62919.85,422010.03,0.019569
2024-11-27,66.1,67.9,65.02,67.87,65547.31,435448.946,0.020386
2024-11-28,67.61,69.1,67.09,67.14,61438.72,417969.404,0.019108
2024-11-29,67.0,68.66,66.88,67.86,66261.71,449649.097,0.020608
2024-12-02,65.9,67.4,64.83,67.37,93885.49,625216.19,0.029199000000000003
2024-12-03,67.5,68.2,66.42,66.9,67394.92,451737.38,0.02096
2024-12-04,66.63,66.8,64.67,65.06,69553.5,456035.265,0.021632
2024-12-05,64.41,65.52,64.41,65.18,39658.7,258003.6,0.012334000000000001
2024-12-06,64.99,70.86,63.9,70.62,182533.6,1242221.067,0.056769999999999994
2024-12-09,69.5,70.69,67.72,68.67,97677.2,672168.783,0.030378
2024-12-10,70.9,71.05,68.9,68.95,92202.48,642997.701,0.028676
2024-12-11,68.83,69.61,68.6,69.32,51292.68,354683.961,0.015952
2024-12-12,69.0,70.33,68.21,69.73,68293.3,474608.119,0.021240000000000002
2024-12-13,69.1,70.94,68.56,69.0,84052.86,586460.73,0.026141
2024-12-16,67.93,68.56,66.06,66.8,80176.48,537065.356,0.024936
2024-12-17,66.54,68.15,65.76,65.9,56369.45,376668.837,0.017531
2024-12-18,66.21,66.35,65.17,65.33,44870.46,294804.182,0.013955
2024-12-19,64.71,66.81,64.25,66.43,52204.79,344234.488,0.016236
2024-12-20,66.42,66.93,65.31,65.6,61536.2,405782.315,0.019138
2024-12-23,65.48,66.99,64.8,64.85,67138.16,442480.399,0.020880999999999997
2024-12-24,64.86,67.0,64.86,65.93,61438.63,404947.575,0.019108
2024-12-25,66.0,66.3,63.0,63.47,74706.81,479562.583,0.023233999999999998
2024-12-26,63.18,65.1,63.18,64.4,57114.06,365010.931,0.017763
2024-12-27,64.4,65.0,63.4,63.55,50416.36,323151.657,0.01568
2024-12-30,63.55,64.2,62.85,63.34,43142.12,273369.947,0.013418000000000001
2024-12-31,63.3,64.94,61.07,61.07,61187.48,383198.317,0.019030000000000002
2025-01-02,61.07,61.57,56.69,57.5,121884.4,714310.057,0.037907
2025-01-03,57.5,57.86,55.25,55.36,73901.24,418570.735,0.022984
2025-01-06,55.5,57.23,55.21,56.29,68389.1,384382.545,0.021269999999999997
2025-01-07,55.8,56.62,55.41,56.55,49390.46,276604.693,0.015361
2025-01-08,56.29,57.11,54.76,56.59,58445.5,328422.41,0.018177000000000002
2025-01-09,56.1,57.32,55.58,55.69,62003.0,349125.513,0.019282999999999998
2025-01-10,55.63,56.13,53.65,53.69,57574.0,315471.484,0.017906
2025-01-13,53.1,54.45,53.0,53.91,52961.25,285072.57,0.016471
2025-01-14,53.96,55.76,53.33,55.67,89680.38,490543.482,0.027891
2025-01-15,55.2,57.17,54.68,55.56,95893.64,534506.598,0.029824000000000003
2025-01-16,55.39,57.27,54.9,55.91,83404.59,466935.017,0.025939999999999998
2025-01-17,54.95,56.26,54.55,55.42,70017.1,387297.825,0.021776
2025-01-20,55.98,56.94,55.51,56.24,73576.0,414182.848,0.022885
2025-01-21,56.53,56.58,54.38,54.58,72402.0,397102.891,0.022519
2025-01-22,54.1,54.28,53.03,53.52,68607.94,367447.386,0.021339
2025-01-23,54.0,55.6,52.56,53.31,144584.83,779925.763,0.044971
2025-01-24,52.99,53.79,52.32,52.49,133294.7,706152.757,0.041459
2025-01-27,52.52,53.5,50.73,50.73,85972.25,445705.112,0.02674
2025-02-05,51.23,52.23,49.77,51.42,79184.88,406063.55,0.024628999999999998
2025-02-06,51.4,52.87,50.8,52.82,83904.7,437513.404,0.026097000000000002
2025-02-07,52.99,56.15,52.81,55.07,148616.85,812846.203,0.046224999999999995
2025-02-10,55.23,55.27,53.35,54.04,131196.65,706328.501,0.040807
2025-02-11,53.89,53.99,52.52,52.98,71825.89,380159.604,0.02234
2025-02-12,52.73,53.49,52.06,53.46,89894.32,474443.288,0.02796
2025-02-13,53.3,53.78,52.32,52.32,87818.77,465504.252,0.027315
2025-02-14,52.23,53.74,51.97,52.3,104410.24,550238.056,0.032475000000000004
2025-02-17,52.4,52.97,51.85,52.18,88376.27,462301.231,0.027488000000000002
2025-02-18,53.03,53.5,51.5,51.53,146707.28,773094.591,0.045631000000000005
2025-02-19,51.55,53.29,51.51,52.75,125743.6,660799.664,0.03911
2025-02-20,52.69,52.77,51.1,51.71,108082.57,559926.06,0.033617
2025-02-21,51.52,52.39,50.81,52.24,104978.19,543471.416,0.032652
2025-02-24,52.22,52.77,51.4,52.14,94359.05,492095.707,0.029349
2025-02-25,51.57,52.98,51.45,52.23,109136.49,571837.389,0.033944999999999996
2025-02-26,52.06,54.2,52.05,54.06,172062.21,916779.235,0.053517
2025-02-27,54.0,54.18,52.45,53.29,124923.45,665475.8,0.038855
2025-02-28,52.88,54.09,51.52,51.52,151578.04,800154.153,0.047146
2025-03-03,51.8,54.09,51.8,52.71,152326.36,809676.577,0.047379
2025-03-04,52.24,52.3,50.9,51.47,136050.73,698955.244,0.042316
2025-03-05,51.18,51.3,50.0,50.15,107811.46,542910.146,0.033533
2025-03-06,50.42,51.55,50.21,51.18,115999.45,591266.485,0.03608
2025-03-07,50.85,51.26,49.89,50.06,120508.89,605702.887,0.037482
2025-03-10,49.91,51.36,49.82,51.18,134760.4,681417.361,0.041914999999999994
2025-03-11,50.46,51.18,50.01,51.17,96452.33,487237.206,0.03
2025-03-12,51.11,51.68,50.54,50.6,86632.67,440333.597,0.026945999999999998
2025-03-13,50.6,50.96,49.19,49.58,100110.82,500150.118,0.031138
2025-03-14,49.68,50.76,49.41,50.48,103595.25,521307.479,0.032222
2025-03-17,50.8,51.55,50.5,50.89,92008.69,469063.79,0.028618
2025-03-18,50.99,52.0,50.73,51.48,100861.89,517450.926,0.031371
2025-03-19,51.39,54.17,50.55,52.96,237366.51,1248053.285,0.073829
2025-03-20,52.54,54.0,52.51,53.18,182041.11,970557.691,0.056621
2025-03-21,53.18,54.54,52.4,54.01,216377.88,1159435.773,0.067301
2025-03-24,54.27,54.41,51.76,53.12,169765.02,896102.215,0.052803
2025-03-25,52.7,57.89,52.7,56.86,314140.27,1755188.396,0.09770799999999999
2025-03-26,56.0,58.97,55.6,56.73,319254.98,1830039.515,0.099299
2025-03-27,56.58,57.9,56.0,56.68,173421.48,986738.652,0.05394
2025-03-28,56.81,60.39,56.81,58.33,285012.35,1684537.549,0.088648
2025-03-31,57.46,59.2,54.89,55.1,202693.64,1139354.535,0.063044
2025-04-01,55.6,62.5,55.31,60.48,339578.32,2022110.283,0.10561999999999999
2025-04-02,60.18,60.8,59.2,60.09,167352.41,1004648.92,0.052051999999999994
2025-04-03,59.13,59.86,57.35,57.82,170522.23,993130.348,0.053038
2025-04-07,53.05,54.93,46.26,46.39,255824.84,1275199.781,0.07957
2025-04-08,48.0,49.59,46.68,47.69,165276.93,793816.451,0.051407
2025-04-09,46.0,49.25,43.44,48.7,178620.9,834794.472,0.055556999999999995
2025-04-10,50.88,53.64,50.8,52.03,211904.53,1100061.91,0.06590900000000001
2025-04-11,51.6,52.86,51.1,51.99,112207.44,582675.656,0.0349
2025-04-14,52.86,53.2,51.37,51.44,96496.6,502974.808,0.030014
2025-04-15,51.45,51.78,50.01,50.61,92018.98,465192.834,0.028620999999999997
2025-04-16,50.43,51.24,49.83,50.19,90487.16,455796.406,0.028144999999999996
2025-04-17,49.74,50.3,49.29,49.5,84798.66,422639.382,0.026375000000000003
2025-04-18,49.5,50.15,48.95,49.39,63314.59,312595.289,0.019693000000000002
2025-04-21,49.39,51.78,48.99,50.75,101469.12,516095.023,0.031560000000000005
2025-04-22,50.73,52.13,49.79,51.01,129556.73,658564.657,0.040296000000000005
2025-04-23,52.0,52.9,51.2,51.49,99207.33,515292.255,0.030857000000000002
2025-04-24,51.7,51.72,50.26,50.29,70864.1,360971.639,0.022040999999999998
2025-04-25,50.44,51.92,50.35,51.13,83428.66,427882.746,0.025949
2025-04-28,52.0,53.29,51.08,51.27,91435.74,472572.643,0.02844
2025-04-29,53.01,54.43,52.56,53.26,167799.72,896988.981,0.052191
2025-04-30,52.78,53.64,52.02,52.4,103279.9,544608.204,0.032123
2025-05-06,52.69,54.3,52.42,54.18,122875.8,658503.481,0.038218
2025-05-07,55.5,55.9,53.42,53.9,115403.17,629117.433,0.035894
2025-05-08,53.8,56.56,53.5,56.03,150322.17,835057.563,0.046755000000000005
2025-05-09,55.5,56.48,54.35,55.51,108319.53,598437.126,0.033691
2025-05-12,56.49,57.65,56.0,57.09,132963.9,754234.925,0.041356000000000004
2025-05-13,57.3,58.75,56.2,56.38,155495.64,893139.776,0.048364000000000004
2025-05-14,56.18,56.18,54.7,55.57,101679.72,561818.207,0.031626
2025-05-15,55.36,55.62,54.71,54.93,62909.16,346403.266,0.019567
2025-05-16,54.7,56.5,54.12,54.25,88932.53,490748.186,0.027660999999999998
2025-05-19,54.04,56.47,54.04,55.6,106812.96,593342.522,0.033222
2025-05-20,55.5,55.57,54.63,54.95,58539.16,321434.432,0.018208
2025-05-21,54.91,55.28,54.28,54.56,57213.66,312643.096,0.017795000000000002
2025-05-22,54.12,54.54,53.12,53.15,63635.17,342991.566,0.019793
2025-05-23,53.0,53.52,52.19,52.49,75750.36,400421.035,0.023561000000000002
2025-05-26,52.49,53.66,52.31,52.76,49861.66,264735.143,0.015509
2025-05-27,52.71,52.88,51.87,52.18,42658.62,222546.429,0.013268
2025-05-28,52.2,52.5,51.0,51.14,41156.0,212475.816,0.012801
2025-05-29,51.27,51.89,51.2,51.6,41094.03,212002.428,0.012782
2025-05-30,51.42,51.54,50.71,51.09,36075.13,184727.856,0.011221000000000002
2025-06-03,50.7,51.76,50.53,51.58,36762.05,188156.686,0.011434
2025-06-04,51.75,52.79,51.66,51.95,57000.64,297443.507,0.017728999999999998
2025-06-05,52.26,52.59,51.81,52.48,43051.14,225052.307,0.013389999999999999
2025-06-06,52.57,52.57,51.88,51.96,33631.0,175308.56,0.01046
2025-06-09,52.18,54.45,52.18,53.83,86163.08,460700.252,0.0268
2025-06-10,54.0,56.23,54.0,54.6,146979.38,809887.245,0.045715000000000006
2025-06-11,54.66,55.5,54.5,54.69,59057.96,324315.678,0.018369
2025-06-12,54.53,55.1,54.02,54.47,50873.05,276772.084,0.015823
2025-06-13,54.03,55.38,53.53,53.61,65553.91,356382.65,0.020389
2025-06-16,53.3,55.49,53.26,54.62,50892.0,278295.858,0.015829
2025-06-17,54.6,54.79,53.75,53.88,44688.73,241489.435,0.0139
2025-06-18,53.78,55.68,53.78,54.73,96855.5,532517.407,0.030125000000000002
2025-06-19,54.34,54.81,52.63,52.89,75415.06,404049.663,0.023457
2025-06-20,53.01,54.45,52.31,52.31,73309.42,391791.359,0.022802
2025-06-23,52.09,53.45,51.81,52.84,54869.83,289710.594,0.017065999999999998
2025-06-24,53.28,55.15,52.93,55.02,96565.28,526316.484,0.030035
2025-06-25,55.0,55.61,54.68,55.52,66291.19,365470.068,0.020619000000000002
2025-06-26,55.52,55.75,54.65,54.67,58265.43,320535.182,0.018122
2025-06-27,54.88,56.15,54.88,55.16,72625.23,403438.856,0.022589
2025-06-30,55.48,58.0,55.48,57.39,110929.46,630229.333,0.034503
2025-07-01,57.01,57.66,56.1,57.01,78811.03,446361.564,0.024512999999999997
2025-07-02,57.3,58.08,56.74,57.56,107559.29,617909.506,0.033455
2025-07-03,57.12,60.08,57.11,59.1,147587.83,864852.328,0.045904999999999994
2025-07-04,59.4,59.8,56.77,56.99,114478.72,659795.98,0.035607
2025-07-07,56.67,57.38,56.3,56.98,56274.15,319950.13,0.017503
2025-07-08,56.91,62.6,56.7,61.45,220870.16,1334687.078,0.068698
2025-07-09,61.16,63.98,61.13,63.04,219427.14,1381538.018,0.068249
2025-07-10,63.0,64.92,62.75,63.7,181435.18,1157238.643,0.056432
2025-07-11,63.51,64.47,62.89,64.02,133036.59,845426.297,0.041379
2025-07-14,63.8,63.8,62.02,62.65,110603.74,693510.674,0.034401
2025-07-15,62.49,63.21,61.02,61.3,92955.44,574230.945,0.028912
2025-07-16,61.13,62.06,60.56,61.5,79972.96,490314.386,0.024874
2025-07-17,61.99,62.38,58.47,59.46,207142.78,1236782.791,0.064428
2025-07-18,59.0,59.88,58.74,59.31,103208.68,611652.713,0.032101000000000005
2025-07-21,59.08,59.52,58.32,58.88,103468.0,608238.408,0.032182
2025-07-22,58.84,59.95,58.6,59.43,112915.41,669189.232,0.03512
2025-07-23,60.06,60.06,57.96,58.15,104874.6,618127.358,0.032618999999999995
2025-07-24,57.83,59.69,57.83,59.69,103127.96,609609.782,0.032076
2025-07-25,59.63,59.88,59.07,59.23,63823.87,378673.623,0.019851
2025-07-28,59.2,59.77,58.52,58.99,61509.82,363762.029,0.019132
2025-07-29,59.03,60.11,58.62,60.08,88602.77,526493.339,0.027558
2025-07-30,59.79,60.2,58.26,58.75,97364.52,576998.634,0.030284
2025-07-31,58.31,58.85,56.8,56.87,123654.4,710974.847,0.038460999999999995
2025-08-01,56.87,58.65,56.87,57.86,98905.18,572948.012,0.030763
2025-08-04,57.5,57.86,56.9,57.71,69085.46,396422.481,0.021488
2025-08-05,57.98,58.99,57.68,58.84,73317.52,427471.227,0.022804
2025-08-06,58.5,59.1,58.32,58.87,56067.22,329744.011,0.017439
2025-08-07,59.1,59.3,57.53,58.3,75500.08,440328.901,0.023483
2025-08-08,58.12,62.0,58.1,60.03,183306.39,1101472.026,0.057013999999999995
2025-08-11,60.39,61.15,59.59,61.03,147428.52,888566.071,0.045855
2025-08-12,61.13,62.22,60.28,61.71,138822.65,852685.203,0.043178
2025-08-13,61.71,64.89,60.7,64.06,210828.99,1320104.206,0.065575
2025-08-14,63.8,65.68,62.11,64.2,188778.7,1201155.991,0.058716
2025-08-15,66.5,67.8,63.4,65.2,348840.99,2286897.236,0.108501
2025-08-18,64.8,66.42,64.17,65.2,241869.63,1575249.301,0.075229
2025-08-19,65.2,66.57,63.99,64.03,188785.31,1230887.325,0.058718000000000006
2025-08-20,65.0,65.33,63.65,64.87,128923.78,829815.595,0.0401
2025-08-21,64.8,65.49,64.41,64.64,105025.78,681588.976,0.032667
2025-08-22,64.58,66.73,64.41,65.93,162288.75,1067605.916,0.050477
2025-08-25,66.0,67.59,65.62,67.26,180380.72,1201133.073,0.056104
2025-08-26,66.84,68.2,65.68,66.14,135695.62,906531.221,0.042206
2025-08-27,66.0,67.78,64.68,64.79,173657.08,1154497.861,0.054013
2025-08-28,64.59,66.8,64.49,66.48,183327.93,1205156.824,0.057020999999999995
2025-08-29,66.2,70.98,65.61,67.63,290723.93,1990903.182,0.090425
2025-09-01,67.76,69.36,66.85,69.19,208700.4,1425500.906,0.064913
2025-09-02,69.03,71.6,67.58,67.98,206819.32,1435568.976,0.064328
2025-09-03,68.34,77.1,67.96,73.33,393131.14,2815567.39,0.12227700000000001
2025-09-04,74.0,78.78,72.95,74.37,459236.37,3486855.059,0.142838
2025-09-05,73.99,89.24,73.2,89.24,531901.47,4431980.018,0.165439
2025-09-08,94.99,95.8,89.31,91.01,634825.11,5843261.741,0.19745200000000002
2025-09-09,90.0,92.4,86.88,88.41,373810.49,3334947.067,0.116267
2025-09-10,86.17,89.0,83.5,84.49,397091.32,3389697.073,0.123509
2025-09-11,83.1,85.47,82.02,85.31,347925.55,2923600.016,0.108216
2025-09-12,84.88,85.97,82.82,82.98,316900.49,2661103.911,0.098567
2025-09-15,84.01,89.4,84.01,84.63,402810.66,3476656.855,0.125287
2025-09-16,83.51,85.5,81.23,83.71,285291.61,2369461.869,0.088735
2025-09-17,83.5,84.44,81.8,83.71,239970.33,1998605.453,0.074639
2025-09-18,83.06,86.93,82.02,84.4,354649.01,2996070.493,0.11030799999999999
2025-09-19,83.8,87.56,82.48,85.85,280181.17,2383932.375,0.087146
2025-09-22,85.0,85.27,81.45,81.51,258245.8,2134864.393,0.08032299999999999
2025-09-23,80.8,84.85,80.01,82.62,222252.15,1828630.353,0.069128
2025-09-24,81.78,86.12,80.88,85.75,298508.78,2516758.84,0.092846
2025-09-25,85.75,88.88,84.1,87.48,326809.21,2819050.074,0.10164899999999999
2025-09-26,86.0,89.53,83.93,83.93,248447.6,2156772.968,0.077275
2025-09-29,85.0,91.69,84.59,88.54,346338.54,3047341.301,0.107723
2025-09-30,88.72,93.23,87.6,92.57,338066.56,3079486.566,0.10515000000000001
2025-10-09,94.2,99.86,91.5,98.0,340606.6,3256355.247,0.10593999999999999
2025-10-10,96.0,96.1,87.39,88.99,320717.56,2929969.948,0.09975400000000001
2025-10-13,83.88,87.88,83.03,86.69,197748.82,1689171.055,0.061506
2025-10-14,88.0,92.0,87.5,87.9,254104.95,2282302.821,0.07903500000000001
2025-10-15,80.0,82.82,76.02,81.25,317248.78,2544658.311,0.098675
2025-10-16,80.5,83.38,79.76,79.76,203951.22,1658586.834,0.063436
2025-10-17,78.76,79.64,75.15,75.29,208005.19,1595159.792,0.06469699999999999
2025-10-20,76.5,77.42,75.53,76.38,134674.3,1031463.964,0.041887999999999995
2025-10-21,76.78,77.83,75.9,77.33,116002.96,893883.602,0.036081
2025-10-22,76.6,77.96,76.09,76.85,82865.37,638790.173,0.025774
2025-10-23,76.68,77.5,74.86,77.3,106968.53,813301.606,0.033271
2025-10-24,77.69,79.5,77.45,79.15,145514.95,1144002.863,0.045259999999999995
2025-10-27,80.0,80.36,76.75,77.78,170013.8,1328883.212,0.05288
2025-10-28,77.2,77.45,75.92,76.1,129383.85,991576.371,0.040243
2025-10-29,75.8,82.4,75.79,81.42,274638.29,2189545.399,0.085422
2025-10-30,81.41,82.97,79.93,80.0,220074.12,,0.06845
2025-10-31,80.5,84.18,80.38,80.43,239386.9,,0.07445700000000001
2025-11-03,80.28,83.19,78.68,82.54,197582.51,,0.061455
2025-11-04,82.86,83.98,79.81,80.46,144773.39,,0.045029000000000007
2025-11-05,78.01,83.99,77.88,83.21,217909.33,,0.067777
2025-11-06,83.78,87.45,82.37,85.17,258860.59,,0.08051399999999999
2025-11-07,84.39,87.2,83.89,85.69,218376.38,,0.067922
