Date,Open,High,Low,Close,Volume,Amount,TurnoverRate
2023-07-05,45.0,50.0,42.9,42.93,239468.81,1090900.169,0.7411570000000001
2023-07-06,39.31,45.6,38.97,44.12,198342.43,823588.994,0.6138709999999999
2023-07-07,42.5,43.22,38.58,38.62,153829.17,633384.452,0.47610199999999997
2023-07-10,36.83,40.58,35.63,39.73,146023.55,553985.196,0.451943
2023-07-11,40.5,44.27,39.8,40.68,191333.33,799815.871,0.592177
2023-07-12,38.5,38.88,36.22,36.67,162777.38,603815.614,0.503797
2023-07-13,35.76,36.15,34.5,35.22,115382.54,405999.316,0.357109
2023-07-14,35.06,36.85,35.05,36.38,106196.87,382736.012,0.32868
2023-07-17,36.38,38.0,36.0,36.7,111212.57,411562.825,0.344203
2023-07-18,36.0,37.86,34.58,37.42,112451.82,408399.124,0.348039
2023-07-19,37.0,38.74,35.63,37.61,111546.11,415525.891,0.34523600000000004
2023-07-20,37.71,38.64,35.66,36.54,111131.46,411397.242,0.34395200000000004
2023-07-21,36.0,36.52,34.77,34.79,69919.61,247697.638,0.216401
2023-07-24,33.98,35.49,33.0,35.14,56881.67,196951.345,0.176049
2023-07-25,35.07,35.6,34.64,35.15,52639.7,185199.458,0.16292
2023-07-26,34.9,35.2,33.75,33.97,50810.53,174830.487,0.15725899999999998
2023-07-27,33.68,34.45,33.01,33.12,41174.5,138334.511,0.127435
2023-07-28,33.0,33.37,32.55,32.86,40127.05,131841.99,0.124193
2023-07-31,32.75,33.2,32.62,33.1,31636.73,104239.08,0.097916
2023-08-01,33.59,34.32,32.36,34.09,80290.42,268934.011,0.24849900000000003
2023-08-02,33.5,34.27,33.14,34.11,52002.77,175242.402,0.16094899999999998
2023-08-03,33.6,34.23,33.22,33.24,45238.72,152021.775,0.140014
2023-08-04,33.0,35.18,33.0,35.02,87384.98,300163.124,0.270457
2023-08-07,35.0,36.9,34.58,36.18,105301.64,377331.962,0.325909
2023-08-08,35.5,38.46,35.21,36.32,127445.61,469459.851,0.394445
2023-08-09,35.63,37.65,35.43,36.13,86310.25,313145.335,0.267131
2023-08-10,35.6,37.95,35.16,37.58,108974.77,404409.706,0.337277
2023-08-11,37.98,38.78,35.8,36.08,98135.8,365526.604,0.30373100000000003
2023-08-14,35.02,43.3,35.01,43.3,137460.09,557628.65,0.425439
2023-08-15,48.0,51.96,45.05,46.38,262978.9,1295291.657,0.813921
2023-08-16,47.3,49.0,44.99,48.0,204687.98,964120.193,0.63351
2023-08-17,46.08,47.77,43.88,44.86,157908.92,721300.393,0.488729
2023-08-18,43.59,47.49,41.85,43.76,163186.39,725197.325,0.505062
2023-08-21,44.1,47.32,44.1,44.51,152691.51,696988.195,0.472581
2023-08-22,44.52,48.33,42.8,47.58,182113.86,828417.887,0.563643
2023-08-23,45.3,45.3,39.4,39.85,155697.47,650870.515,0.48188400000000003
2023-08-24,40.0,42.22,38.0,38.0,113646.48,457372.806,0.351736
2023-08-25,37.13,38.22,33.8,34.29,102890.45,368970.299,0.318446
2023-08-28,36.6,36.9,34.21,34.24,82080.53,291717.184,0.25404
2023-08-29,34.3,37.75,34.18,37.7,104778.59,382037.334,0.32429
2023-08-30,37.58,38.7,36.71,38.38,82346.74,312207.078,0.254863
2023-08-31,37.7,38.7,37.09,38.15,61172.95,232274.539,0.189331
2023-09-01,38.1,38.62,36.9,37.18,55820.29,210250.98,0.172764
2023-09-04,37.46,37.46,36.05,36.7,47844.33,174707.531,0.14807800000000002
2023-09-05,36.59,36.89,35.89,36.1,37849.46,137270.377,0.117144
2023-09-06,35.83,36.9,35.35,36.8,45375.8,164804.773,0.14043799999999998
2023-09-07,36.79,36.79,35.23,35.24,35414.97,126872.622,0.10960900000000001
2023-09-08,35.15,36.0,34.81,35.8,25242.91,89783.221,0.078127
2023-09-11,36.0,36.87,35.08,36.12,43176.0,154864.943,0.13363
2023-09-12,36.05,37.44,35.61,37.17,60457.63,221761.29,0.187117
2023-09-13,36.5,36.7,34.75,35.4,56115.25,199144.87,0.173677
2023-09-14,35.12,35.86,35.0,35.42,31491.99,111800.967,0.097468
2023-09-15,35.2,35.3,34.24,34.25,31903.91,110454.267,0.098743
2023-09-18,33.86,34.9,33.63,34.59,19218.38,66331.249,0.059481
2023-09-19,34.43,34.58,33.69,33.88,17787.54,60553.245,0.055053
2023-09-20,35.0,36.66,34.83,34.93,68915.56,245970.436,0.21329399999999998
2023-09-21,34.04,35.25,33.78,34.45,40670.59,140320.612,0.125876
2023-09-22,34.14,36.63,34.07,36.51,66918.6,241131.325,0.20711300000000002
2023-09-25,36.21,36.54,35.68,35.78,37694.97,135732.491,0.116666
2023-09-26,35.98,36.3,35.45,35.92,37253.16,133358.353,0.115299
2023-09-27,35.4,36.1,34.6,34.7,45084.47,158986.047,0.139537
2023-09-28,35.12,36.15,35.02,35.4,34649.6,122887.346,0.107241
2023-10-09,35.53,37.46,35.4,36.48,63392.09,229726.769,0.196199
2023-10-10,36.8,36.87,35.78,35.98,42832.86,154879.088,0.132568
2023-10-11,35.78,36.14,34.71,35.98,38072.57,135733.354,0.117835
2023-10-12,35.75,35.96,34.97,35.19,32670.0,115053.804,0.101114
2023-10-13,34.79,35.05,33.9,34.12,31470.0,108203.428,0.0974
2023-10-16,34.12,34.2,33.06,33.41,26190.12,87747.822,0.081059
2023-10-17,33.93,34.69,33.5,33.91,35626.22,121466.762,0.11026300000000001
2023-10-18,33.6,33.61,31.38,32.22,40399.77,129773.095,0.125037
2023-10-19,31.66,32.98,31.56,32.2,23578.0,76652.901,0.072974
2023-10-20,32.17,33.18,31.49,31.56,23895.0,76793.122,0.073955
2023-10-23,31.18,31.37,29.98,30.06,23544.08,71933.308,0.072869
2023-10-24,30.2,31.38,30.01,31.3,22392.16,69362.585,0.06930399999999999
2023-10-25,31.58,33.09,31.28,32.93,38910.62,125728.316,0.120429
2023-10-26,32.3,33.65,32.2,33.13,31970.97,105385.68,0.09895
2023-10-27,32.62,33.5,32.18,33.16,29575.56,97031.464,0.091536
2023-10-30,32.78,33.75,32.5,33.58,23552.53,78739.487,0.072895
2023-10-31,33.41,33.83,32.59,32.82,21617.39,71381.691,0.066906
2023-11-01,32.82,33.34,32.42,32.59,14339.92,47067.98,0.044382000000000005
2023-11-02,32.48,33.18,31.85,31.89,16226.99,52216.667,0.050223000000000004
2023-11-03,32.03,32.79,32.03,32.59,17830.31,58019.515,0.055185000000000005
2023-11-06,33.31,33.46,32.89,33.35,22793.0,75758.638,0.070544
2023-11-07,33.1,40.02,33.03,40.02,142993.89,531957.784,0.44256700000000004
2023-11-08,39.0,39.09,37.57,38.18,148327.52,567986.138,0.45907400000000004
2023-11-09,38.02,39.6,37.61,38.2,102487.41,393853.631,0.317199
2023-11-10,37.15,37.69,36.39,36.55,69083.8,255061.14,0.21381499999999998
2023-11-13,36.69,37.0,36.42,36.91,43821.37,161094.012,0.135627
2023-11-14,36.9,37.43,36.58,37.42,54184.57,200769.5,0.167701
2023-11-15,37.62,37.79,36.78,36.92,44408.12,164588.017,0.137443
2023-11-16,36.56,37.17,36.45,36.51,32145.48,118354.098,0.09949
2023-11-17,36.25,36.83,35.88,36.39,33390.04,121277.549,0.10334199999999999
2023-11-20,36.5,37.58,36.12,37.51,57179.84,212049.635,0.176972
2023-11-21,37.39,37.69,36.29,36.5,43237.74,159143.959,0.133821
2023-11-22,36.61,36.75,35.6,35.6,30096.23,108286.084,0.093148
2023-11-23,35.62,36.18,34.75,36.14,29050.13,103339.261,0.08990999999999999
2023-11-24,35.96,35.99,34.5,34.54,34542.5,120608.022,0.10690899999999999
2023-11-27,34.5,35.24,34.4,35.06,19362.49,67497.739,0.059927
2023-11-28,34.96,35.6,34.62,35.14,20150.58,70744.391,0.062366000000000005
2023-11-29,34.85,35.61,34.84,35.23,21296.0,75156.519,0.065911
2023-11-30,35.08,36.95,35.07,36.95,72766.21,264004.506,0.225212
2023-12-01,36.89,36.89,35.6,36.0,46502.06,167514.533,0.143924
2023-12-04,36.0,36.26,35.38,35.79,27532.16,98501.182,0.08521200000000001
2023-12-05,35.89,35.89,33.03,33.47,46004.65,156800.347,0.142385
2023-12-06,33.05,33.64,32.85,33.02,26066.96,86499.728,0.080677
2023-12-07,32.99,33.83,32.9,33.56,24570.55,82006.106,0.076046
2023-12-08,33.2,34.55,33.2,33.9,27474.42,93284.657,0.085033
2023-12-11,33.78,34.25,33.2,34.15,21996.79,74545.76,0.06808
2023-12-12,33.99,34.35,33.77,34.23,15534.0,52911.386,0.048078
2023-12-13,34.8,35.14,33.45,33.55,23666.55,81180.317,0.073248
2023-12-14,33.46,34.08,32.59,32.62,21983.49,73138.214,0.068039
2023-12-15,32.7,32.96,32.13,32.66,14040.07,45767.918,0.043454
2023-12-18,32.28,32.9,32.0,32.18,12351.14,39919.426,0.038227000000000004
2023-12-19,32.07,32.74,32.03,32.6,11059.35,35900.285,0.034228999999999996
2023-12-20,32.73,33.29,32.24,32.26,12933.25,42538.916,0.040027999999999994
2023-12-21,32.05,32.63,31.42,32.29,14073.0,45024.205,0.043556
2023-12-22,32.24,32.4,31.36,31.45,14920.35,47408.428,0.046179
2023-12-25,31.4,31.65,30.82,30.92,10145.13,31557.561,0.031398999999999996
2023-12-26,30.89,31.0,29.9,30.23,13218.54,39959.304,0.040911
2023-12-27,30.44,31.73,30.44,31.6,18838.86,58761.986,0.058306
2023-12-28,31.45,32.24,30.94,31.91,17949.54,57051.885,0.055554
2023-12-29,31.88,32.35,31.62,32.13,15377.16,49421.531,0.047591999999999995
2024-01-02,32.28,32.47,31.54,31.68,12717.53,40495.785,0.039361
2024-01-03,31.59,31.79,30.89,31.35,14048.04,43935.384,0.043479000000000004
2024-01-04,31.69,31.69,31.07,31.33,8019.21,25170.099,0.024819
2024-01-05,31.67,31.69,30.61,30.94,25712.77,79823.139,0.075404
2024-01-08,30.8,31.11,30.13,30.13,12978.33,39764.681,0.038060000000000004
2024-01-09,30.46,31.02,29.8,29.85,16605.81,50372.308,0.048697
2024-01-10,29.61,29.92,29.12,29.52,14543.91,42952.367,0.042651
2024-01-11,29.57,30.29,29.3,30.1,13812.08,41408.483,0.040505000000000006
2024-01-12,30.04,30.29,29.46,29.46,14171.26,42260.835,0.041558000000000005
2024-01-15,29.46,29.62,28.98,29.24,10754.97,31443.91,0.03154
2024-01-16,29.37,29.38,28.22,28.7,16343.34,46797.583,0.047928
2024-01-17,28.91,29.1,27.7,27.82,10786.75,30467.596,0.031633
2024-01-18,27.7,28.01,26.76,27.52,17322.57,47240.708,0.050799000000000004
2024-01-19,27.5,27.8,27.03,27.12,11020.19,30102.646,0.032317
2024-01-22,27.06,27.12,24.86,25.15,19747.25,51380.036,0.05791
2024-01-23,25.1,25.54,24.7,25.39,17344.03,43721.194,0.050862
2024-01-24,25.49,25.67,24.29,25.38,16982.09,42428.061,0.049801000000000005
2024-01-25,25.42,26.39,25.13,26.27,15308.16,39624.046,0.044892
2024-01-26,26.29,26.92,26.08,26.11,17053.17,45292.35,0.050009
2024-01-29,26.47,26.98,25.4,25.41,13574.3,35284.507,0.039807
2024-01-30,25.0,25.52,24.2,24.32,11870.35,29426.665,0.03481
2024-01-31,24.25,24.44,22.5,22.55,19875.05,46546.849,0.058285000000000003
2024-02-01,22.23,22.98,21.85,22.45,17069.56,38347.027,0.050057
2024-02-02,22.66,23.08,20.14,21.01,19171.01,41013.991,0.05622
2024-02-05,20.85,20.9,17.63,17.63,29436.79,54927.591,0.086325
2024-02-06,17.31,18.9,16.12,18.14,32232.76,55943.928,0.09452400000000001
2024-02-07,18.18,18.5,16.7,17.22,31845.25,56119.34,0.09338800000000001
2024-02-08,17.0,19.38,17.0,19.35,30502.67,55611.398,0.089451
2024-02-19,19.85,20.98,19.85,20.36,31112.36,63538.535,0.09123900000000001
2024-02-20,20.37,24.29,19.95,23.33,62210.84,139506.703,0.18243600000000001
2024-02-21,22.33,25.66,21.35,24.09,72632.68,168734.824,0.21299900000000002
2024-02-22,23.97,25.99,23.88,25.16,64920.4,162015.2,0.190382
2024-02-23,24.88,25.35,24.26,25.16,59094.54,146724.001,0.17329799999999998
2024-02-26,25.1,26.25,24.68,25.5,55828.99,142813.837,0.163721
2024-02-27,24.99,27.28,24.75,27.02,63491.1,166975.336,0.186191
2024-02-28,28.03,28.63,23.55,24.4,82397.35,223247.069,0.241634
2024-02-29,23.36,25.76,23.36,25.38,47906.2,119796.96,0.140487
2024-03-01,25.56,26.8,25.54,26.47,46157.03,121586.354,0.135358
2024-03-04,27.2,30.98,26.58,28.22,87679.67,251128.124,0.257125
2024-03-05,27.0,27.89,26.6,26.86,59404.23,161659.023,0.174206
2024-03-06,26.59,29.15,26.3,28.21,62592.68,173362.711,0.183556
2024-03-07,28.14,28.39,26.9,27.01,43820.55,121058.357,0.128506
2024-03-08,27.2,29.0,26.46,28.68,61410.42,171385.716,0.180089
2024-03-11,28.7,34.42,27.66,34.42,136342.69,430519.548,0.39983199999999997
2024-03-12,34.99,35.58,32.81,33.34,160283.52,544735.523,0.47003999999999996
2024-03-13,36.0,38.64,34.1,34.33,169906.99,615337.163,0.49826099999999995
2024-03-14,34.0,40.44,34.0,38.21,179063.85,664625.74,0.525114
2024-03-15,39.29,45.85,37.51,45.85,190555.56,821595.78,0.558814
2024-03-18,44.66,46.99,42.81,46.5,177095.71,794374.458,0.519342
2024-03-19,44.61,45.28,42.85,43.4,131791.63,577369.255,0.386486
2024-03-20,42.35,42.85,39.9,41.63,156188.51,643462.425,0.458031
2024-03-21,41.23,41.44,39.16,39.6,128062.2,511795.361,0.375549
2024-03-22,39.96,41.5,39.88,40.85,144149.5,588504.79,0.422726
2024-03-25,38.52,39.4,35.0,35.0,130051.01,474112.29,0.381381
2024-03-26,34.68,38.0,34.06,36.78,130475.08,467261.435,0.38262500000000005
2024-03-27,36.0,36.68,33.11,33.35,92008.22,318567.525,0.269819
2024-03-28,33.3,35.09,32.98,34.4,80692.74,276036.41,0.23663599999999999
2024-03-29,34.41,34.7,33.36,34.5,65537.73,223431.991,0.192193
2024-04-01,34.98,35.2,34.14,34.44,61794.98,213558.731,0.18121700000000002
2024-04-02,34.44,34.75,32.86,33.28,56705.84,190791.956,0.166293
2024-04-03,33.26,33.28,31.2,31.79,56136.83,179046.743,0.164624
2024-04-08,31.9,32.2,30.93,31.3,44809.27,141053.652,0.131405
2024-04-09,31.25,31.85,30.72,31.69,34933.94,109332.683,0.102446
2024-04-10,31.6,32.88,30.76,32.76,72777.66,232574.745,0.213424
2024-04-11,32.16,33.95,32.16,32.8,63449.09,210157.28,0.186068
2024-04-12,32.6,35.07,32.6,33.98,86758.94,295799.178,0.254425
2024-04-15,33.2,33.76,29.45,30.14,70995.86,220898.48,0.208199
2024-04-16,28.95,29.67,26.02,26.84,65133.14,177962.098,0.191006
2024-04-17,27.87,29.46,27.2,29.08,47262.2,136264.134,0.138599
2024-04-18,28.88,29.76,27.92,28.71,44103.66,127135.604,0.129336
2024-04-19,28.5,28.85,27.78,28.06,41460.29,117017.589,0.121584
2024-04-22,27.52,27.83,25.89,27.12,33310.36,89610.24,0.09768399999999999
2024-04-23,27.42,27.9,27.14,27.63,27069.09,74625.61,0.07938100000000001
2024-04-24,28.0,30.77,28.0,29.9,66847.62,195594.612,0.196034
2024-04-25,30.96,34.25,30.96,31.29,96881.12,310625.788,0.284109
2024-04-26,32.66,36.55,32.07,34.53,139884.85,473336.584,0.41022
2024-04-29,33.7,35.16,33.22,34.33,104138.69,356597.407,0.305392
2024-04-30,35.26,35.97,33.61,33.98,74944.45,258938.997,0.21977799999999997
2024-05-06,34.9,35.26,34.11,34.44,65754.34,227172.223,0.19282800000000003
2024-05-07,34.3,35.0,33.5,34.15,60352.56,205889.317,0.17698699999999998
2024-05-08,33.47,33.88,32.78,33.01,42557.3,141330.067,0.124801
2024-05-09,33.11,33.37,32.77,32.9,36557.18,120655.341,0.107206
2024-05-10,32.82,33.07,31.5,31.61,41597.98,132809.226,0.121988
2024-05-13,31.63,31.92,30.51,30.73,33178.76,103128.803,0.097298
2024-05-14,30.73,31.98,30.41,31.82,44369.5,139436.179,0.130116
2024-05-15,31.5,32.46,31.23,31.46,31756.94,101065.651,0.093129
2024-05-16,33.1,35.45,32.28,34.29,107825.75,363639.078,0.316205
2024-05-17,33.01,34.32,33.01,33.8,65358.98,220201.364,0.19166899999999998
2024-05-20,33.4,33.52,32.6,33.33,51330.05,169702.656,0.150528
2024-05-21,33.75,34.92,33.2,33.31,65451.52,222835.11,0.19194
2024-05-22,32.46,34.91,32.0,34.91,85457.33,290370.866,0.250608
2024-05-23,34.97,36.52,34.4,35.49,115521.52,412530.506,0.338773
2024-05-24,35.2,36.7,32.93,35.28,114502.48,400156.942,0.335784
2024-05-27,35.55,35.7,33.5,34.45,66198.14,227377.966,0.194129
2024-05-28,33.66,33.88,31.3,31.58,62966.21,204061.568,0.18465199999999998
2024-05-29,31.09,33.38,31.02,32.01,50440.5,163766.574,0.147919
2024-05-30,31.2,31.39,30.09,30.1,48656.27,148873.97,0.142687
2024-05-31,30.44,33.42,30.21,31.8,70384.01,225517.054,0.206405
2024-06-03,31.81,32.45,31.11,31.65,42817.0,136022.055,0.125563
2024-06-04,31.09,31.18,29.62,30.41,40671.03,122536.113,0.11927
2024-06-05,29.89,29.99,29.0,29.0,29377.55,86141.386,0.086151
2024-06-06,29.58,29.7,27.9,28.3,29709.0,85050.582,0.087123
2024-06-07,28.4,28.68,27.68,28.22,24335.12,68526.04,0.071364
2024-06-11,27.6,28.85,26.61,28.67,21919.08,61933.681,0.064279
2024-06-12,28.8,29.5,28.51,29.3,23383.11,68349.656,0.068572
2024-06-13,29.2,29.87,29.0,29.04,24184.79,71234.183,0.070923
2024-06-14,29.0,29.85,28.29,29.8,30027.66,88263.379,0.088058
2024-06-17,29.57,30.1,29.38,29.5,23018.06,68265.366,0.067502
2024-06-18,29.25,30.26,29.22,29.96,28567.15,85459.14,0.08377499999999999
2024-06-19,30.09,30.38,29.53,29.94,25727.0,76864.844,0.075446
2024-06-20,30.3,30.5,28.3,28.31,36048.88,105409.941,0.105715
2024-06-21,27.89,28.47,27.53,28.01,18546.06,51971.825,0.054387
2024-06-24,28.0,28.0,26.11,26.17,25749.6,69151.798,0.075512
2024-06-25,26.17,26.55,25.42,25.72,18261.57,47342.746,0.053552999999999996
2024-06-26,25.9,27.49,25.52,27.41,24584.52,65455.507,0.072095
2024-06-27,27.61,27.7,26.58,26.6,17596.84,47723.402,0.051604000000000004
2024-06-28,26.6,27.57,26.13,26.76,19406.72,52658.023,0.056910999999999996
2024-07-01,26.69,27.15,26.35,26.98,14608.48,39063.278,0.042839999999999996
2024-07-02,26.94,27.22,26.51,26.65,16496.1,44298.272,0.048376
2024-07-03,26.8,26.8,25.78,25.92,14931.06,38941.289,0.043786
2024-07-04,25.73,26.2,25.22,25.3,15065.4,38563.579,0.044180000000000004
2024-07-05,25.3,26.37,24.79,26.03,22491.06,57921.086,0.060492
2024-07-08,25.6,26.66,25.3,25.41,16202.43,41818.751,0.043578
2024-07-09,25.35,26.55,25.0,26.46,23395.9,60665.012,0.062926
2024-07-10,26.61,27.0,26.18,26.23,20371.57,54098.194,0.054791999999999993
2024-07-11,26.7,27.2,26.68,26.92,22974.0,61862.527,0.061791
2024-07-12,26.8,28.95,26.77,28.87,53702.89,150328.779,0.14444
2024-07-15,28.0,28.26,27.08,27.37,35085.9,97033.009,0.094368
2024-07-16,27.09,27.88,26.81,27.37,24754.08,67757.703,0.066579
2024-07-17,27.0,28.16,27.0,27.42,24818.14,68371.621,0.06675099999999999
2024-07-18,26.86,26.86,25.48,26.04,28894.87,75108.689,0.07771600000000001
2024-07-19,26.0,26.95,25.68,26.45,18118.03,47953.222,0.048731
2024-07-22,26.03,27.05,26.03,26.97,18767.38,50173.235,0.050477
2024-07-23,26.75,27.66,26.45,27.04,29135.85,78926.461,0.078364
2024-07-24,26.36,28.6,26.36,27.99,49452.26,138286.168,0.13300800000000002
2024-07-25,27.0,27.26,26.0,26.59,36620.47,97546.636,0.09849500000000001
2024-07-26,26.3,27.15,26.27,26.77,22134.1,59403.199,0.059532
2024-07-29,26.76,27.42,26.5,27.37,23263.21,63015.206,0.062569
2024-07-30,27.15,28.39,26.86,27.68,29832.89,82295.855,0.08023899999999999
2024-07-31,27.67,28.35,27.5,28.17,37598.22,105472.221,0.101125
2024-08-01,28.23,28.52,27.91,27.97,26411.8,74238.08,0.07103799999999999
2024-08-02,27.46,27.88,26.72,26.72,25664.48,69953.452,0.069028
2024-08-05,26.5,26.74,25.28,25.3,23753.0,61692.4,0.063886
2024-08-06,25.69,25.88,25.29,25.67,13263.56,33892.429,0.035674000000000004
2024-08-07,25.52,26.61,25.5,26.35,20933.75,54923.595,0.056304
2024-08-08,26.4,27.6,26.18,26.68,21672.44,57827.33,0.058291
2024-08-09,27.01,27.36,26.19,26.21,24100.0,64737.949,0.06482
2024-08-12,25.91,26.34,25.4,25.72,13554.38,34956.776,0.036456
2024-08-13,25.81,26.95,25.75,26.18,12137.0,31711.439,0.032644
2024-08-14,26.15,26.19,25.81,25.82,11738.0,30485.739,0.031570999999999995
2024-08-15,25.7,26.52,25.41,26.18,15179.0,39385.099,0.040826
2024-08-16,26.2,26.87,26.06,26.45,16523.16,43920.546,0.044440999999999994
2024-08-19,26.35,26.58,25.41,25.43,19304.0,49722.891,0.05192
2024-08-20,25.43,25.66,25.0,25.08,10652.9,26940.277,0.028652
2024-08-21,24.83,25.37,24.83,25.18,7160.11,18053.719,0.019258
2024-08-22,25.1,25.42,24.6,24.6,10541.0,26217.418,0.028351
2024-08-23,24.71,24.88,24.0,24.21,11569.4,28154.343,0.031117
2024-08-26,24.27,26.65,24.23,25.37,30205.56,76722.849,0.08124100000000001
2024-08-27,24.84,25.31,24.43,24.48,18775.76,46565.951,0.050499999999999996
2024-08-28,24.79,24.95,24.24,24.49,9655.06,23766.301,0.025968
2024-08-29,24.23,24.93,24.2,24.77,11748.0,28993.776,0.031598
2024-08-30,25.31,26.4,25.25,25.89,35306.6,91798.64,0.094961
2024-09-02,25.62,26.09,25.2,25.26,18678.06,47951.306,0.050237
2024-09-03,25.22,25.71,25.1,25.46,10468.9,26614.612,0.028157
2024-09-04,25.11,25.75,25.01,25.54,11548.0,29366.362,0.031059999999999997
2024-09-05,25.8,25.93,25.45,25.74,11937.6,30635.044,0.032108
2024-09-06,25.74,25.92,25.23,25.3,8878.89,22598.718,0.023881
2024-09-09,25.29,25.42,24.86,25.01,8201.63,20552.503,0.022059000000000002
2024-09-10,25.05,25.73,24.82,25.6,11482.56,29097.208,0.030884
2024-09-11,25.11,25.89,25.11,25.4,8645.12,22107.519,0.023252000000000002
2024-09-12,25.47,25.92,24.93,24.93,10475.16,26617.405,0.028174
2024-09-13,24.9,25.3,24.4,24.4,10590.06,26163.037,0.028483
2024-09-18,24.54,24.66,23.82,24.16,7867.01,18988.149,0.021158999999999997
2024-09-19,24.27,24.78,24.06,24.49,9814.0,24026.343,0.026396000000000003
2024-09-20,24.55,24.84,24.4,24.54,8706.61,21411.387,0.023417
2024-09-23,24.33,24.92,24.18,24.44,8502.0,20940.921,0.022867000000000002
2024-09-24,24.6,25.23,24.13,25.16,16465.56,40835.029,0.044286000000000006
2024-09-25,25.3,25.99,25.3,25.41,21888.51,56210.632,0.058872
2024-09-26,25.29,26.5,25.18,26.34,24484.41,63690.135,0.065854
2024-09-27,26.76,31.37,26.58,31.37,96354.48,287872.806,0.259157
2024-09-30,34.05,37.48,32.58,37.07,156249.77,542007.715,0.42025199999999996
2024-10-08,44.0,44.01,37.46,40.94,143457.24,580684.546,0.385845
2024-10-09,38.03,39.5,33.63,33.63,110590.45,401866.867,0.297446
2024-10-10,33.94,35.19,32.51,32.91,57793.97,193886.442,0.155444
2024-10-11,32.6,33.2,30.53,30.97,46986.24,148311.628,0.126375
2024-10-14,30.97,32.96,30.56,32.94,43810.81,139740.486,0.11783400000000001
2024-10-15,32.4,33.55,31.92,32.03,42688.0,139929.641,0.11481400000000001
2024-10-16,31.15,32.65,31.15,32.4,30830.93,99268.878,0.082923
2024-10-17,32.67,33.32,32.32,32.41,34749.0,114139.802,0.09346199999999999
2024-10-18,33.99,35.12,33.52,34.18,69560.16,237945.462,0.18709
2024-10-21,33.84,35.83,33.84,35.1,67989.23,238032.575,0.182865
2024-10-22,35.08,35.91,34.18,35.29,59913.07,209870.532,0.161143
2024-10-23,34.71,35.38,34.03,34.43,48706.06,169095.807,0.131001
2024-10-24,34.1,35.09,33.89,34.65,33910.78,117136.712,0.091207
2024-10-25,34.65,35.1,34.15,34.71,36961.68,127894.079,0.099413
2024-10-28,34.6,34.75,34.18,34.61,28003.83,96615.828,0.07532
2024-10-29,34.48,34.98,33.56,33.73,36321.03,124532.102,0.09769
2024-10-30,33.48,34.36,33.09,33.61,28418.4,95947.259,0.076435
2024-10-31,33.65,33.86,32.91,33.2,39310.57,130728.289,0.10573
2024-11-01,32.88,33.0,31.18,31.22,35172.04,111840.092,0.09459899999999999
2024-11-04,31.21,32.15,30.69,32.15,22624.23,71999.101,0.060850999999999995
2024-11-05,32.28,34.21,32.0,33.38,37042.0,122793.253,0.099629
2024-11-06,33.4,34.38,33.11,34.09,45682.91,155006.319,0.12287000000000001
2024-11-07,33.94,34.76,33.66,34.44,40004.3,137455.521,0.10759600000000001
2024-11-08,34.96,35.69,34.66,34.95,49439.51,174042.523,0.132973
2024-11-11,34.57,35.97,34.5,35.85,47496.06,169070.856,0.127746
2024-11-12,35.9,36.08,34.52,35.07,44264.74,156872.656,0.119055
2024-11-13,35.11,35.58,34.22,35.54,35542.68,124365.697,0.095596
2024-11-14,35.64,36.19,34.6,34.87,40702.41,144658.84,0.109474
2024-11-15,35.06,36.49,34.58,35.0,61546.09,218480.756,0.165535
2024-11-18,36.5,40.06,35.0,37.15,124083.41,463369.329,0.333737
2024-11-19,35.51,36.94,31.0,36.05,87855.92,303747.575,0.23629899999999998
2024-11-20,39.05,40.68,36.57,37.96,115318.99,437856.866,0.310164
2024-11-21,36.61,38.0,36.38,37.65,84340.71,313819.643,0.226844
2024-11-22,36.99,38.78,34.08,34.09,78951.62,287879.445,0.21234999999999998
2024-11-25,34.51,34.74,32.66,33.78,53074.19,177455.499,0.14274900000000001
2024-11-26,33.45,34.27,32.66,32.72,36600.34,121834.897,0.09844099999999999
2024-11-27,33.32,34.66,32.71,34.3,46620.04,156695.501,0.12539
2024-11-28,33.86,34.55,33.39,33.55,41958.65,142549.417,0.112853
2024-11-29,33.5,34.09,32.73,33.62,35204.77,117765.234,0.09468700000000001
2024-12-02,33.35,34.3,33.33,34.16,28094.73,95573.392,0.075564
2024-12-03,34.46,35.8,34.18,34.82,46095.59,161001.216,0.12397999999999999
2024-12-04,34.95,35.8,34.22,34.57,43277.7,152345.401,0.1164
2024-12-05,34.35,35.3,34.27,35.09,34706.87,120741.581,0.093348
2024-12-06,35.1,35.3,34.3,34.64,31890.0,110689.104,0.085772
2024-12-09,34.61,34.84,34.17,34.73,21081.0,72895.93,0.0567
2024-12-10,35.5,35.79,34.71,34.81,36132.0,127523.539,0.097181
2024-12-11,34.43,35.05,34.23,34.98,27842.04,96644.891,0.074884
2024-12-12,34.98,35.51,34.48,35.07,26524.64,92800.743,0.071341
2024-12-13,35.05,35.73,34.8,35.27,41570.94,146965.38,0.11180999999999999
2024-12-16,35.27,36.42,34.51,36.42,69930.97,250627.037,0.188088
2024-12-17,36.36,36.38,33.2,33.71,54022.7,187280.798,0.14529999999999998
2024-12-18,33.39,34.58,32.42,33.89,34663.16,116499.154,0.09323100000000001
2024-12-19,33.31,36.8,33.23,36.15,82506.34,293060.219,0.221911
2024-12-20,35.7,37.25,35.23,36.8,89789.93,329755.104,0.241501
2024-12-23,36.61,37.19,34.85,35.38,53778.4,193210.676,0.144643
2024-12-24,35.35,38.01,34.95,38.01,111835.11,414757.294,0.300794
2024-12-25,37.48,38.98,36.39,37.6,93482.1,350590.227,0.251431
2024-12-26,37.44,40.63,36.85,39.88,131476.55,516840.359,0.353622
2024-12-27,39.34,39.48,38.03,38.53,85771.49,332279.858,0.23069299999999998
2024-12-30,38.62,40.86,38.62,38.91,113967.64,453275.249,0.306529
2024-12-31,38.7,46.69,38.7,46.69,246592.81,1115952.923,0.6632399999999999
2025-01-02,46.5,46.66,42.4,42.64,215371.66,954538.488,0.579268
2025-01-03,42.75,43.36,35.8,36.43,172463.57,671461.479,0.46386099999999997
2025-01-06,34.82,35.34,33.43,34.28,111211.45,380982.213,0.299116
2025-01-07,34.2,35.75,33.76,35.67,113603.23,396173.335,0.305549
2025-01-08,35.0,35.7,32.91,34.77,106213.22,366019.625,0.285673
2025-01-09,34.77,37.1,34.59,35.61,110686.75,396961.649,0.297705
2025-01-10,35.0,35.69,32.66,32.82,92125.33,315302.782,0.24778199999999997
2025-01-13,32.22,32.8,31.22,32.0,53733.94,171648.436,0.144524
2025-01-14,32.73,34.49,32.33,34.47,79903.55,268864.115,0.21491
2025-01-15,34.47,35.9,34.16,34.78,84918.6,296537.473,0.228399
2025-01-16,34.93,35.52,33.9,34.19,75529.0,261270.494,0.203144
2025-01-17,33.9,34.16,33.05,33.66,53178.0,178720.343,0.143029
2025-01-20,33.9,35.3,33.61,34.9,69202.43,240152.245,0.186128
2025-01-21,35.0,35.62,34.7,35.53,61624.98,216807.061,0.165748
2025-01-22,38.0,41.89,37.22,38.32,187075.6,736190.834,0.503162
2025-01-23,40.14,41.8,38.63,38.68,176149.1,706780.923,0.47377400000000003
2025-01-24,38.31,41.28,38.31,40.11,136104.76,544643.184,0.36607
2025-01-27,39.28,39.73,37.2,37.69,101468.0,387521.554,0.27291
2025-02-05,36.9,38.09,36.0,37.81,95683.81,356590.842,0.257353
2025-02-06,37.61,38.55,37.31,38.42,97504.98,370738.161,0.262251
2025-02-07,38.91,40.31,38.85,39.77,145675.14,577696.282,0.39181
2025-02-10,39.13,40.3,38.77,39.61,91401.07,360981.627,0.245834
2025-02-11,39.21,41.08,38.72,40.96,117641.49,472658.044,0.316411
2025-02-12,41.8,43.2,40.0,40.72,135872.04,567619.567,0.36544400000000005
2025-02-13,40.57,42.2,39.81,41.99,123508.93,508463.228,0.332192
2025-02-14,41.0,41.07,39.32,40.39,94369.81,380704.782,0.253819
2025-02-17,42.18,43.39,41.35,42.14,123586.56,522299.437,0.332401
2025-02-18,41.45,42.97,40.89,41.01,100896.44,422196.303,0.271373
2025-02-19,40.79,42.0,40.5,41.05,87814.5,360038.876,0.236187
2025-02-20,40.61,41.2,39.46,40.85,81789.94,330470.413,0.219984
2025-02-21,43.5,49.02,43.5,49.02,103262.51,489815.738,0.277737
2025-02-24,51.25,58.82,50.16,58.1,236236.44,1298787.467,0.635386
2025-02-25,52.91,55.7,52.2,54.52,151388.9,815327.862,0.407178
2025-02-26,53.5,57.04,52.0,56.32,136686.05,745115.085,0.367633
2025-02-27,55.0,57.06,52.09,53.85,107673.94,588126.175,0.289602
2025-02-28,51.93,52.55,47.34,47.71,104487.88,517943.457,0.281032
2025-03-03,47.8,48.47,45.52,46.09,67509.93,314296.911,0.181576
2025-03-04,45.09,47.75,45.09,47.35,49640.93,232551.921,0.133515
2025-03-05,47.78,48.5,46.6,48.22,61718.0,295196.529,0.16599799999999998
2025-03-06,50.0,50.98,49.3,50.5,79281.63,399115.525,0.21323699999999998
2025-03-07,50.34,50.43,47.93,48.5,67585.65,330557.351,0.18178
2025-03-10,47.89,50.2,47.5,49.51,53416.0,261935.33,0.143669
2025-03-11,48.48,50.01,48.03,50.0,46351.51,226029.176,0.12466799999999999
2025-03-12,51.31,52.77,50.05,50.5,96048.49,494870.366,0.258334
2025-03-13,50.07,51.18,47.5,48.5,67436.0,332317.066,0.18137699999999998
2025-03-14,48.17,49.54,46.9,49.13,50174.6,242016.131,0.13495100000000002
2025-03-17,48.92,51.0,47.78,50.65,58383.0,291223.026,0.157028
2025-03-18,50.39,51.87,50.26,51.06,51475.0,262362.684,0.138448
2025-03-19,50.84,52.58,48.5,50.78,68839.3,346834.657,0.185151
2025-03-20,50.0,51.49,48.79,49.6,47443.0,237417.366,0.127604
2025-03-21,49.0,49.31,46.9,46.9,40073.0,191479.161,0.107781
2025-03-24,46.9,47.6,44.2,45.84,37568.0,171854.632,0.101044
2025-03-25,45.82,46.28,43.95,44.09,28768.76,128839.428,0.077377
2025-03-26,44.2,44.97,44.0,44.5,19973.0,88939.509,0.05372
2025-03-27,44.22,44.85,43.61,44.15,16924.0,74965.928,0.045519
2025-03-28,44.88,45.61,43.63,43.7,26427.0,117495.173,0.071079
2025-03-31,43.5,44.83,42.6,43.5,38420.6,167614.727,0.103337
2025-04-01,43.8,44.2,43.12,43.42,22560.0,98406.426,0.060678
2025-04-02,43.41,44.38,43.17,43.74,20339.0,89314.353,0.054703999999999996
2025-04-03,42.97,43.67,41.71,42.0,26680.54,113631.538,0.07176
2025-04-07,37.0,39.0,33.6,33.6,36636.94,130660.876,0.09853899999999999
2025-04-08,34.0,35.66,32.56,34.15,41270.0,141411.245,0.11100099999999999
2025-04-09,33.5,35.47,30.75,35.2,40500.0,136050.543,0.10893000000000001
2025-04-10,37.05,37.88,36.51,36.6,37037.6,137756.769,0.09961700000000001
2025-04-11,36.02,37.69,36.02,37.16,25768.0,95516.014,0.069306
2025-04-14,37.98,38.68,37.57,37.89,26311.0,99961.846,0.070767
2025-04-15,37.88,38.2,37.37,37.79,18676.0,70474.848,0.050231000000000005
2025-04-16,37.59,37.93,35.88,36.75,21300.0,78461.022,0.05728900000000001
2025-04-17,36.58,37.28,36.28,36.56,14679.0,54284.278,0.039481
2025-04-18,36.55,39.87,36.2,37.52,42304.05,160077.695,0.113782
2025-04-21,37.68,38.74,37.45,38.6,39659.44,151567.965,0.106669
2025-04-22,38.47,38.7,38.1,38.26,26176.0,100367.245,0.07040300000000001
2025-04-23,39.0,40.29,38.44,39.77,37113.78,146079.548,0.09982200000000001
2025-04-24,39.42,40.81,39.06,39.97,39037.0,155651.374,0.10499499999999999
2025-04-25,39.42,40.29,39.0,39.5,35931.0,142427.971,0.09664099999999999
2025-04-28,39.43,39.94,38.82,38.84,26359.55,103760.876,0.070897
2025-04-29,38.5,40.2,38.44,39.78,34291.0,136217.29,0.09223
2025-04-30,40.03,40.87,39.51,40.54,27717.0,112133.706,0.074548
2025-05-06,42.2,42.25,40.96,41.99,35720.55,149129.328,0.096075
2025-05-07,42.57,42.87,41.14,41.58,30357.0,127168.7,0.081649
2025-05-08,41.47,42.5,41.46,42.17,22988.0,96903.558,0.061829
2025-05-09,41.95,42.18,40.84,41.03,19473.0,80286.859,0.052375
2025-05-12,41.5,41.82,41.29,41.72,16729.95,69491.589,0.044996999999999995
2025-05-13,42.28,42.42,41.02,41.06,18793.0,78119.285,0.050546
2025-05-14,41.44,44.53,41.34,42.5,54525.12,234139.11,0.146652
2025-05-15,42.39,42.5,40.5,40.92,40932.0,167701.043,0.110091
2025-05-16,41.0,43.35,40.7,43.01,51870.0,218147.784,0.13951
2025-05-19,42.82,42.82,41.08,41.81,40703.12,169119.944,0.10947599999999999
2025-05-20,41.33,44.44,41.01,43.32,62457.73,267255.789,0.167987
2025-05-21,42.6,43.96,41.71,43.78,52667.21,226146.515,0.141655
2025-05-22,43.28,45.64,42.96,45.49,79422.46,355136.123,0.213616
2025-05-23,44.6,47.47,43.52,44.14,80934.57,368704.393,0.217683
2025-05-26,42.92,43.77,42.5,43.48,35164.7,151960.427,0.09458
2025-05-27,43.18,43.26,40.88,40.95,46269.22,192740.836,0.12444699999999999
2025-05-28,41.0,41.21,40.4,40.67,22530.0,91913.666,0.060597000000000005
2025-05-29,40.62,41.25,40.59,40.9,25921.41,106113.16,0.069719
2025-05-30,40.69,40.69,38.51,38.93,35817.59,140673.14,0.09633599999999999
2025-06-03,38.41,39.5,38.41,38.98,16332.41,63964.151,0.043928
2025-06-04,39.18,39.82,39.05,39.16,18169.0,71569.629,0.048868
2025-06-05,39.08,40.5,38.82,40.15,24847.4,98790.896,0.06683
2025-06-06,40.01,40.45,39.65,40.15,19103.0,76386.006,0.05138
2025-06-09,40.2,40.52,40.01,40.45,19207.94,77369.468,0.051662
2025-06-10,40.6,40.68,38.77,39.3,22804.65,90134.579,0.061336
2025-06-11,39.1,39.95,39.04,39.24,15404.59,60971.502,0.041432000000000004
2025-06-12,39.49,39.68,38.8,38.96,14962.0,58703.127,0.04024200000000001
2025-06-13,38.72,38.95,37.57,37.61,20262.0,77099.459,0.054497
2025-06-16,37.5,38.68,37.5,38.27,15282.64,58608.052,0.041104
2025-06-17,38.52,38.65,37.76,38.12,13151.85,50078.108,0.035373
2025-06-18,38.1,38.6,37.61,38.44,15870.0,60509.217,0.042684
2025-06-19,38.35,38.95,37.8,37.9,18523.0,71203.471,0.04982
2025-06-20,37.78,38.38,37.4,37.4,11843.19,44631.233,0.031854
2025-06-23,37.34,38.46,36.5,38.35,17284.0,65650.707,0.046487
2025-06-24,38.5,39.55,38.5,39.46,20211.0,79275.918,0.05436
2025-06-25,39.7,40.07,39.34,40.02,22377.0,89074.379,0.060186
2025-06-26,40.96,40.98,39.89,40.01,22823.0,91977.704,0.061384999999999995
2025-06-27,40.0,40.76,39.73,40.35,21782.0,87875.22,0.058585000000000005
2025-06-30,40.65,41.3,40.35,41.1,21870.0,89713.353,0.058822
2025-07-01,41.06,41.2,40.18,40.94,19820.43,80606.818,0.053308999999999995
2025-07-02,40.91,40.91,39.93,40.16,14901.0,60014.905,0.040077999999999996
2025-07-03,40.8,40.8,40.1,40.58,12854.0,51907.855,0.034572
2025-07-04,40.5,42.18,40.36,41.36,48927.81,203286.519,0.13159700000000002
2025-07-07,41.65,43.5,41.51,41.95,42444.99,179405.411,0.114161
2025-07-08,41.9,43.05,41.55,42.83,37674.43,160313.922,0.10132999999999999
2025-07-09,42.8,43.27,42.2,42.28,31910.2,136240.285,0.085826
2025-07-10,42.22,42.81,41.35,42.35,27495.0,115771.907,0.073951
2025-07-11,42.26,42.27,41.2,41.75,25317.63,105450.705,0.068095
2025-07-14,41.7,42.99,41.6,42.73,30168.6,128274.255,0.081142
2025-07-15,42.5,44.18,42.5,43.45,50633.6,219721.971,0.136185
2025-07-16,43.2,44.08,42.87,42.97,41370.59,179800.512,0.11127100000000001
2025-07-17,42.54,44.5,42.5,43.9,38062.6,165925.573,0.10237399999999999
2025-07-18,43.78,44.65,43.58,43.7,30494.0,133934.405,0.082017
2025-07-21,43.68,44.2,43.31,43.95,24915.0,108770.954,0.067012
2025-07-22,43.81,44.2,43.08,43.15,23473.32,102125.132,0.063134
2025-07-23,42.98,43.79,42.6,43.14,24049.99,103488.606,0.06468499999999999
2025-07-24,43.14,43.5,42.63,42.87,19177.87,82371.992,0.051581
2025-07-25,42.7,43.07,42.6,43.0,16713.09,71632.328,0.044952
2025-07-28,43.05,44.0,42.86,43.98,29765.29,129462.401,0.08005699999999999
2025-07-29,43.63,45.5,43.18,44.25,59401.0,263452.52,0.159766
2025-07-30,43.84,45.62,43.68,44.86,74257.13,333436.582,0.199723
2025-07-31,45.44,46.88,44.22,44.68,108686.12,499596.59,0.292324
2025-08-01,44.69,46.06,43.88,45.39,74486.05,335423.508,0.200339
2025-08-04,44.32,46.2,44.02,46.09,51707.18,234500.379,0.139073
2025-08-05,46.35,46.81,45.62,46.48,57199.94,264443.86,0.153846
2025-08-06,46.01,48.3,46.0,46.8,62471.21,294466.826,0.16802399999999998
2025-08-07,46.35,47.22,45.53,45.86,45979.26,212694.347,0.123667
2025-08-08,45.64,48.19,45.64,47.28,81474.3,383851.937,0.219135
2025-08-11,46.77,47.79,46.68,47.79,54258.0,256524.493,0.14593299999999998
2025-08-12,48.28,54.77,47.7,50.69,135809.26,686373.918,0.365275
2025-08-13,50.68,51.89,49.47,51.89,106842.81,541245.947,0.287366
2025-08-14,51.0,51.4,49.0,49.29,79859.06,399579.752,0.21478999999999998
2025-08-15,48.99,51.43,48.7,51.01,77275.82,391091.379,0.20784199999999997
2025-08-18,51.52,54.7,51.14,52.43,103137.59,544902.64,0.277401
2025-08-19,51.92,53.34,50.9,51.96,78164.2,407068.642,0.210232
2025-08-20,50.79,52.69,49.88,52.54,61369.64,316303.742,0.165061
2025-08-21,52.89,53.1,49.82,50.39,59116.41,301430.946,0.159001
2025-08-22,49.96,51.95,49.75,51.08,52425.63,264898.591,0.141005
2025-08-25,51.28,56.5,50.57,54.3,109753.91,592269.885,0.295196
2025-08-26,54.11,55.35,53.07,53.97,66430.99,360042.482,0.178674
2025-08-27,53.5,55.58,52.48,52.54,74959.11,405651.544,0.201611
2025-08-28,52.45,53.27,50.7,53.05,66093.0,343920.847,0.17776499999999998
2025-08-29,51.52,51.66,48.01,49.48,79126.34,392661.615,0.21282
2025-09-01,50.0,50.88,48.33,48.54,50405.67,247705.517,0.135572
2025-09-02,48.06,48.54,44.76,45.8,58101.29,268332.766,0.15627000000000002
2025-09-03,45.78,46.18,43.88,43.91,37449.01,168484.891,0.100724
2025-09-04,44.33,44.93,42.17,43.01,33539.26,146546.52,0.090208
2025-09-05,43.23,44.8,42.82,44.72,31097.0,136579.551,0.08363899999999999
2025-09-08,44.63,44.82,43.82,44.63,26352.22,116864.689,0.070877
2025-09-09,44.5,44.63,43.12,43.25,20215.38,88515.942,0.054372
2025-09-10,43.27,44.41,43.23,43.33,20804.5,90853.706,0.055956
2025-09-11,43.97,45.35,43.12,45.13,40598.25,181091.986,0.109194
2025-09-12,45.17,46.75,44.56,45.59,39793.2,182311.509,0.107029
2025-09-15,45.17,45.58,44.63,44.84,26449.11,118907.115,0.071138
2025-09-16,44.83,46.5,44.73,46.48,36867.6,169446.254,0.09916
2025-09-17,46.0,47.81,45.93,46.98,39996.38,188195.194,0.107575
2025-09-18,46.52,49.88,46.48,47.48,74089.59,356695.604,0.19927299999999998
2025-09-19,47.36,47.68,45.85,46.44,37290.0,174108.273,0.100296
2025-09-22,46.06,47.04,45.82,46.55,26179.02,121607.442,0.070412
2025-09-23,46.66,47.31,44.38,45.93,34149.71,155784.768,0.09185
2025-09-24,45.32,46.36,44.5,46.22,23850.8,109090.901,0.06415
2025-09-25,46.66,49.4,46.5,47.85,58344.31,279932.78,0.15692399999999998
2025-09-26,47.3,47.88,45.61,45.61,33321.11,154736.249,0.08962099999999999
2025-09-29,45.5,46.39,45.2,45.94,19460.7,89187.4,0.05234200000000001
2025-09-30,46.25,46.9,45.15,45.17,24612.94,112715.452,0.06619900000000001
2025-10-09,45.47,45.74,44.13,44.4,30267.01,135974.217,0.08140700000000001
2025-10-10,44.37,44.71,43.6,44.02,20998.03,92649.55,0.056477000000000006
2025-10-13,42.5,43.41,41.02,43.15,21285.85,90701.565,0.057251
2025-10-14,43.31,43.97,41.73,41.96,20959.0,89596.174,0.056372
2025-10-15,42.06,42.53,41.41,42.25,13055.99,54795.479,0.035116
2025-10-16,42.25,43.88,41.47,41.83,24608.01,104027.318,0.066186
2025-10-17,41.78,42.05,39.69,39.69,24362.0,98913.844,0.065524
2025-10-20,40.22,41.49,40.22,41.28,19850.99,81472.063,0.053392
2025-10-21,41.18,41.7,40.9,41.66,14072.02,58308.199,0.037848
2025-10-22,41.3,42.74,41.18,41.95,17175.98,72445.405,0.046197
2025-10-23,41.85,41.95,41.1,41.87,10343.0,42795.671,0.027818999999999997
2025-10-24,41.94,42.8,41.94,42.64,14812.25,62859.872,0.039839
2025-10-27,43.0,43.4,42.25,42.91,13174.36,56258.726,0.035434
2025-10-28,42.77,43.04,42.26,42.67,10975.6,46890.386,0.02952
2025-10-29,42.43,42.68,41.76,41.83,14922.0,62740.476,0.040133999999999996
2025-10-30,42.01,42.17,41.15,41.19,13014.0,,0.035003
2025-10-31,40.91,41.78,40.91,41.5,11345.25,,0.030514
2025-11-03,41.76,41.76,40.94,41.65,9839.0,,0.026463
2025-11-04,41.68,41.68,40.66,40.88,12469.98,,0.033539
2025-11-05,40.5,41.46,40.22,41.25,9288.0,,0.024981
2025-11-06,41.25,41.6,40.95,41.42,10747.81,,0.028908
2025-11-07,41.42,43.19,41.16,42.25,22534.39,,0.060609
