Date,Open,High,Low,Close,Volume,Amount,TurnoverRate
2003-06-26,15.63,15.8,14.56,14.73,137213.24,205335.037,0.457377
2003-06-27,14.58,14.75,14.05,14.11,50678.21,72681.968,0.16892700000000002
2003-06-30,14.08,14.2,13.87,14.0,17446.79,24459.902,0.058156
2003-07-01,14.0,14.19,13.71,13.74,17175.14,24029.045,0.057249999999999995
2003-07-02,13.7,14.17,13.44,13.97,22963.5,31705.146,0.076545
2003-07-03,13.9,13.94,13.68,13.84,12635.24,17409.664,0.042117
2003-07-04,13.7,13.88,13.6,13.69,9080.96,12451.655,0.030270000000000002
2003-07-07,13.61,13.78,13.4,13.77,9782.47,13275.402,0.032608
2003-07-08,13.71,14.15,13.64,14.08,15976.2,22331.32,0.053254
2003-07-09,14.07,14.14,13.86,13.9,7797.51,10909.199,0.025992
2003-07-10,13.89,14.3,13.81,14.25,14361.62,20230.344,0.047872000000000005
2003-07-11,14.2,14.25,14.0,14.06,7820.25,11032.257,0.026067999999999997
2003-07-14,14.02,14.11,13.83,13.91,5363.97,7490.783,0.01788
2003-07-15,13.85,14.0,13.78,13.9,6009.9,8345.926,0.020033
2003-07-16,13.91,13.91,13.71,13.74,5672.63,7813.975,0.018909
2003-07-17,13.74,13.86,13.7,13.76,8771.54,12062.21,0.029238
2003-07-18,13.76,13.99,13.6,13.63,10783.52,14863.466,0.035945
2003-07-21,13.58,13.63,13.21,13.31,10345.87,13885.171,0.034485999999999996
2003-07-22,13.43,13.55,13.1,13.25,6664.54,8850.965,0.022215
2003-07-23,13.35,13.5,13.23,13.48,3864.5,5177.769,0.012882
2003-07-24,13.41,13.45,13.21,13.27,2765.45,3680.86,0.009217999999999999
2003-07-25,13.27,13.43,13.0,13.01,6834.47,8975.995,0.022782
2003-07-28,13.0,13.09,12.88,12.95,3345.14,4335.754,0.01115
2003-07-29,12.95,13.14,12.91,13.07,3260.83,4236.993,0.010869
2003-07-30,13.05,13.14,12.93,13.09,2025.08,2640.139,0.006750000000000001
2003-07-31,13.09,13.14,12.95,13.07,2787.06,3637.312,0.00929
2003-08-01,13.13,13.13,12.7,12.88,4986.26,6389.924,0.016621
2003-08-04,12.88,13.06,12.74,13.05,3640.47,4705.647,0.012135
2003-08-05,13.06,13.06,12.86,12.94,2326.73,3010.983,0.007756
2003-08-06,12.86,12.93,12.77,12.88,2076.45,2665.536,0.006922
2003-08-07,12.9,13.16,12.83,12.99,4014.48,5243.152,0.013382
2003-08-08,12.99,13.05,12.83,12.9,2610.19,3369.445,0.008701
2003-08-11,12.86,13.12,12.82,13.11,2589.47,3364.257,0.008631999999999999
2003-08-12,13.11,13.24,13.09,13.09,3780.0,4975.909,0.0126
2003-08-13,13.09,13.24,12.9,12.99,3345.2,4365.93,0.011151
2003-08-14,12.94,13.3,12.92,13.02,4470.87,5866.749,0.014903
2003-08-15,13.15,13.15,12.96,13.01,2368.46,3080.713,0.007895
2003-08-18,13.01,13.12,12.86,12.89,2252.97,2920.343,0.00751
2003-08-19,12.8,13.06,12.8,12.93,2791.31,3604.743,0.009304
2003-08-20,12.92,13.05,12.83,12.9,1995.19,2569.166,0.006651000000000001
2003-08-21,12.9,12.93,12.82,12.85,1457.5,1876.172,0.004858
2003-08-22,12.82,13.0,12.82,12.92,2228.7,2877.775,0.007429
2003-08-25,12.5,12.5,11.63,11.68,27091.53,32155.822,0.090305
2003-08-26,11.6,11.68,11.4,11.58,9583.69,11053.002,0.031946
2003-08-27,11.56,11.75,11.53,11.62,5216.05,6080.695,0.017387
2003-08-28,11.58,11.75,11.44,11.46,3995.74,4632.486,0.013319000000000001
2003-08-29,11.43,11.6,11.3,11.54,4195.27,4798.252,0.013984000000000002
2003-09-01,11.55,12.08,11.4,11.96,12172.15,14428.134,0.040574000000000006
2003-09-02,11.93,12.13,11.81,11.84,7775.95,9290.014,0.025920000000000002
2003-09-03,11.74,11.84,11.62,11.76,4816.35,5644.043,0.016055
2003-09-04,11.8,11.98,11.73,11.78,3947.22,4677.83,0.013157
2003-09-05,11.78,11.78,11.43,11.48,4300.5,4969.751,0.014335
2003-09-08,11.4,11.5,11.35,11.43,2775.14,3179.081,0.009250000000000001
2003-09-09,11.43,11.57,11.4,11.5,3100.41,3564.317,0.010335
2003-09-10,11.5,11.64,11.43,11.6,1579.35,1824.12,0.005265
2003-09-11,11.5,11.6,11.43,11.45,1489.98,1711.987,0.004967
2003-09-12,11.4,11.5,10.95,11.0,8206.03,9116.979,0.027353000000000002
2003-09-15,11.02,11.14,10.95,11.0,3704.6,4076.062,0.012349
2003-09-16,10.98,11.14,10.89,11.12,2462.01,2709.938,0.008206999999999999
2003-09-17,11.15,11.15,10.79,10.84,2192.62,2391.863,0.0073089999999999995
2003-09-18,10.83,10.96,10.69,10.93,4951.22,5373.604,0.016504
2003-09-19,10.95,11.18,10.91,11.03,8358.11,9251.948,0.02786
2003-09-22,11.1,11.13,10.89,10.98,2818.8,3099.766,0.009396
2003-09-23,10.98,11.15,10.95,11.13,2041.0,2256.215,0.006803
2003-09-24,11.13,11.15,11.0,11.14,1964.81,2177.323,0.006549
2003-09-25,11.08,11.08,10.78,10.84,3044.18,3314.752,0.010147
2003-09-26,10.85,10.99,10.79,10.91,1444.66,1570.791,0.004816
2003-09-29,10.95,10.95,10.75,10.75,1502.0,1624.098,0.005007
2003-09-30,10.75,10.9,10.6,10.79,3106.68,3344.286,0.010356
2003-10-08,10.83,10.85,10.7,10.78,830.69,895.927,0.0027689999999999998
2003-10-09,10.7,10.97,10.68,10.88,2373.4,2582.026,0.007911
2003-10-10,10.61,10.75,10.21,10.63,13588.22,14238.103,0.045294
2003-10-13,10.53,10.85,10.51,10.71,6665.42,7124.16,0.022218
2003-10-14,10.7,10.7,10.41,10.51,3969.31,4169.496,0.013231
2003-10-15,10.54,10.8,10.51,10.6,3846.19,4094.715,0.012821
2003-10-16,10.6,10.63,10.33,10.37,3373.81,3529.123,0.011246
2003-10-17,10.3,10.48,10.28,10.3,2009.0,2080.063,0.006697
2003-10-20,10.25,10.35,9.95,9.95,4107.8,4120.024,0.013693
2003-10-21,9.91,10.04,9.85,9.99,3473.6,3450.102,0.011578999999999999
2003-10-22,10.0,10.3,9.95,10.19,5538.41,5620.913,0.018461
2003-10-23,10.25,10.28,10.0,10.06,3304.02,3338.339,0.011013
2003-10-24,10.01,10.08,9.95,9.99,3725.14,3728.011,0.012417000000000001
2003-10-27,9.97,10.1,9.71,10.02,5181.18,5113.692,0.017271
2003-10-28,9.88,10.05,9.8,9.96,3245.64,3208.917,0.010819
2003-10-29,9.96,9.99,9.35,9.95,8625.15,8323.113,0.028751000000000002
2003-10-30,9.8,9.9,9.65,9.88,2537.0,2476.308,0.008457
2003-10-31,9.89,10.03,9.75,9.97,8325.5,8258.602,0.027752
2003-11-03,9.94,9.95,9.72,9.85,4223.16,4154.773,0.014077
2003-11-04,9.8,10.1,9.78,9.95,8047.39,8004.139,0.026825
2003-11-05,9.94,9.99,9.71,9.72,2816.0,2768.62,0.009387
2003-11-06,9.67,9.67,8.93,8.94,9170.81,8397.75,0.030569000000000002
2003-11-07,8.94,8.94,8.45,8.78,6599.36,5740.142,0.021998000000000004
2003-11-10,8.68,8.71,8.48,8.61,2548.48,2186.904,0.008495
2003-11-11,8.59,8.61,8.4,8.57,3205.28,2730.528,0.010684
2003-11-12,8.51,8.58,8.36,8.37,2637.08,2234.173,0.00879
2003-11-13,8.37,8.58,8.25,8.48,2015.06,1699.203,0.006717
2003-11-14,8.36,8.72,8.36,8.58,2486.64,2138.54,0.008289
2003-11-17,8.55,8.64,8.5,8.54,1259.3,1077.463,0.004198
2003-11-18,8.6,8.6,8.39,8.41,1468.0,1242.102,0.004893
2003-11-19,8.4,8.78,8.33,8.73,4347.71,3765.689,0.014492
2003-11-20,8.78,9.42,8.75,9.29,12370.44,11315.117,0.041235
2003-11-21,9.3,9.4,8.9,8.91,8453.0,7683.864,0.028176999999999997
2003-11-24,8.9,9.49,8.83,9.4,9109.94,8459.484,0.030366
2003-11-25,9.5,9.57,9.25,9.35,10282.05,9662.696,0.034274
2003-11-26,9.3,9.42,9.21,9.38,4020.75,3754.362,0.013403
2003-11-27,9.37,9.4,9.1,9.18,5004.02,4615.428,0.01668
2003-11-28,9.25,9.3,9.13,9.21,2718.5,2506.399,0.009062
2003-12-01,9.26,9.42,9.14,9.38,4179.06,3880.214,0.01393
2003-12-02,9.4,9.68,9.38,9.41,7142.26,6827.177,0.023808
2003-12-03,9.35,9.6,9.35,9.44,4368.77,4137.777,0.014563
2003-12-04,9.4,9.64,9.38,9.64,4377.53,4151.968,0.014592
2003-12-05,9.69,9.75,9.43,9.45,2904.0,2759.98,0.00968
2003-12-08,9.45,9.45,9.1,9.14,3329.0,3072.031,0.011097
2003-12-09,9.13,9.18,9.04,9.15,2260.06,2057.37,0.007534
2003-12-10,9.16,9.28,9.11,9.28,2171.4,1998.179,0.007238
2003-12-11,9.32,9.5,9.22,9.3,3053.19,2853.054,0.010177
2003-12-12,9.3,9.35,9.17,9.32,2342.4,2166.529,0.007808000000000001
2003-12-15,9.23,9.34,9.21,9.27,1362.9,1263.52,0.004543
2003-12-16,9.22,9.23,8.99,9.15,4675.58,4233.396,0.015585
2003-12-17,9.13,9.17,9.01,9.05,2609.31,2373.104,0.008698000000000001
2003-12-18,8.88,9.05,8.73,8.75,3948.9,3487.67,0.013163000000000001
2003-12-19,8.77,8.87,8.3,8.4,6973.37,5886.039,0.023245000000000002
2003-12-22,8.38,8.6,8.05,8.6,6203.77,5127.526,0.020679
2003-12-23,8.55,8.55,8.4,8.53,3334.63,2820.379,0.011115
2003-12-24,8.53,9.25,8.42,9.2,10872.89,9641.778,0.036243
2003-12-25,9.05,9.22,8.93,9.1,7145.5,6501.985,0.023818000000000002
2003-12-26,9.1,9.38,8.97,9.2,4326.91,3972.039,0.014422999999999998
2003-12-29,9.15,9.3,8.95,8.96,2490.56,2255.024,0.008302
2003-12-30,8.95,9.0,8.7,8.84,3233.68,2849.505,0.010779
2003-12-31,8.8,9.17,8.72,9.07,5974.11,5398.923,0.019914
2004-01-02,9.08,9.3,9.0,9.12,4745.73,4359.742,0.015819
2004-01-05,9.09,9.58,9.08,9.38,7365.49,6933.412,0.024552
2004-01-06,8.9,8.9,8.44,8.44,16875.31,14346.697,0.056250999999999995
2004-01-07,8.11,8.61,8.06,8.5,22595.55,18763.586,0.075319
2004-01-08,8.48,9.2,8.36,9.06,19857.04,17661.397,0.06619
2004-01-09,9.05,9.16,8.75,8.76,13628.49,12176.683,0.045427999999999996
2004-01-12,8.7,8.98,8.67,8.91,4863.26,4308.944,0.016211
2004-01-13,8.93,9.26,8.86,9.25,11024.16,10034.052,0.036747
2004-01-14,9.28,9.29,9.02,9.21,5765.3,5255.901,0.019218
2004-01-15,9.2,9.22,9.08,9.11,5104.49,4651.01,0.017015
2004-01-16,9.11,9.5,9.11,9.48,12455.61,11669.484,0.041519
2004-01-29,9.48,9.92,9.41,9.86,9617.71,9339.96,0.032059000000000004
2004-01-30,9.93,9.97,9.52,9.53,8127.86,7863.931,0.027093
2004-02-02,9.61,9.95,9.44,9.6,12929.42,12445.322,0.043098
2004-02-03,9.6,10.33,9.53,10.32,22692.51,22737.948,0.075642
2004-02-04,10.6,11.09,10.5,10.67,48349.16,52106.043,0.16116399999999997
2004-02-05,10.61,10.95,10.55,10.92,17511.72,18880.623,0.058372
2004-02-06,10.88,11.24,10.65,11.0,18665.85,20455.544,0.062220000000000004
2004-02-09,10.95,11.16,10.85,11.01,10782.17,11848.433,0.035941
2004-02-10,10.98,11.06,10.7,10.79,11058.89,11986.5,0.036863
2004-02-11,10.73,10.98,10.61,10.92,7941.84,8555.327,0.026473
2004-02-12,11.0,11.06,10.73,10.8,7424.4,8078.522,0.024748000000000003
2004-02-13,10.85,11.12,10.71,10.94,9803.61,10746.097,0.032679
2004-02-16,11.09,11.68,11.08,11.6,23992.32,27659.573,0.079974
2004-02-17,11.6,12.17,11.6,11.7,24410.95,29123.929,0.08137
2004-02-18,11.75,12.2,11.75,11.94,16258.88,19474.114,0.054196
2004-02-19,11.95,12.25,11.8,12.25,16170.95,19435.557,0.053903
2004-02-20,12.2,12.3,11.94,12.19,10733.94,13014.16,0.03578
2004-02-23,12.2,12.76,12.19,12.21,15425.03,19204.968,0.051417000000000004
2004-02-24,12.12,12.13,11.65,11.95,14752.54,17491.569,0.049175
2004-02-25,12.0,12.14,11.28,11.31,13154.0,15375.674,0.043847
2004-02-26,11.2,11.45,10.9,11.02,10818.83,12037.116,0.036063
2004-02-27,11.02,11.45,11.01,11.43,7411.36,8288.049,0.024704999999999998
2004-03-01,11.51,11.68,11.25,11.66,5817.72,6654.049,0.019392
2004-03-02,11.63,11.82,11.54,11.59,5998.24,7002.427,0.019994
2004-03-03,11.56,11.6,11.1,11.12,5561.49,6294.671,0.018538
2004-03-04,11.2,11.29,11.02,11.26,5510.58,6144.76,0.018369
2004-03-05,11.24,11.36,11.11,11.17,2625.68,2945.75,0.008752
2004-03-08,11.1,11.26,10.88,10.89,4685.0,5193.6,0.015617
2004-03-09,10.89,11.02,10.57,10.59,3967.0,4298.715,0.013223
2004-03-10,10.6,10.92,10.56,10.91,3642.02,3911.605,0.01214
2004-03-11,10.91,11.29,10.8,11.12,5985.86,6603.818,0.019953000000000002
2004-03-12,11.2,11.28,10.98,11.09,2899.64,3217.247,0.009665
2004-03-15,11.0,11.33,10.97,11.27,4336.18,4857.851,0.014454
2004-03-16,11.35,11.39,11.2,11.26,3134.36,3534.983,0.010447999999999999
2004-03-17,11.21,11.25,11.05,11.14,2709.05,3012.139,0.00903
2004-03-18,11.2,11.29,10.86,11.1,3470.5,3848.337,0.011568
2004-03-19,11.19,11.25,10.9,11.2,3302.3,3649.27,0.011008
2004-03-22,11.18,11.33,11.12,11.21,3367.45,3776.572,0.011225
2004-03-23,11.22,11.78,11.22,11.6,9970.89,11539.09,0.033236
2004-03-24,11.58,11.67,11.45,11.52,4096.99,4738.557,0.013656999999999999
2004-03-25,11.51,11.6,11.34,11.6,3166.59,3643.564,0.010555000000000002
2004-03-26,11.63,11.82,11.5,11.77,5451.26,6372.297,0.018171
2004-03-29,11.78,12.05,11.63,11.65,4939.25,5866.119,0.016464
2004-03-30,11.62,12.11,11.58,12.03,8928.12,10627.513,0.029759999999999998
2004-03-31,12.15,12.18,11.98,12.08,5956.29,7184.167,0.019854
2004-04-01,12.08,12.2,11.98,12.03,5042.53,6095.106,0.016808
2004-04-02,12.05,12.18,11.88,12.17,8621.4,10394.733,0.028738
2004-04-05,12.18,13.09,12.13,12.88,19694.03,25072.645,0.065647
2004-04-06,12.89,13.15,12.73,12.92,9116.51,11823.644,0.030388000000000002
2004-04-07,12.95,13.05,12.83,12.88,7780.89,10072.306,0.025936
2004-04-08,12.88,14.08,12.73,13.58,24636.29,33527.675,0.082121
2004-04-09,13.56,14.5,13.52,13.61,30162.08,42459.136,0.10054
2004-04-12,13.6,14.43,13.54,14.33,19501.46,27330.017,0.065005
2004-04-13,14.35,14.59,13.76,13.87,14441.22,20368.474,0.048137
2004-04-14,13.87,13.98,12.9,13.48,17802.38,23940.716,0.059341
2004-04-15,13.45,13.47,13.03,13.05,9491.15,12526.081,0.031637
2004-04-16,12.87,13.47,12.72,13.42,14386.14,18858.065,0.047954
2004-04-19,13.4,13.4,12.9,13.0,7437.82,9754.074,0.024793
2004-04-20,13.0,13.28,12.96,13.14,4509.95,5911.902,0.015033000000000001
2004-04-21,13.2,13.4,13.04,13.16,4574.2,6032.377,0.015247
2004-04-22,13.15,13.95,13.15,13.7,8661.01,11815.629,0.02887
2004-04-23,13.68,13.9,13.5,13.56,6878.2,9432.549,0.022927
2004-04-26,13.5,13.61,12.2,12.2,15468.68,19387.839,0.051562000000000004
2004-04-27,11.99,12.35,11.82,11.94,6930.0,8388.465,0.0231
2004-04-28,11.93,12.44,11.88,12.2,6196.34,7511.428,0.020654
2004-04-29,11.65,12.07,11.43,11.49,7301.8,8584.862,0.024339
2004-04-30,11.7,11.77,11.2,11.49,3121.27,3595.12,0.010404
2004-05-10,11.51,11.69,11.0,11.0,2188.0,2471.076,0.007292999999999999
2004-05-11,11.24,11.36,10.95,11.15,2050.72,2283.093,0.006836
2004-05-12,11.1,11.5,11.1,11.48,1680.96,1915.171,0.005603
2004-05-13,11.52,11.68,11.31,11.59,1592.29,1836.866,0.005308
2004-05-14,11.6,11.6,11.2,11.21,1602.0,1820.111,0.00534
2004-05-17,11.22,11.39,11.1,11.28,1038.3,1164.271,0.003461
2004-05-21,11.35,11.95,11.23,11.7,5370.57,6278.02,0.017902
2004-05-24,11.73,11.81,11.3,11.33,2527.0,2914.845,0.008423
2004-05-25,11.26,11.31,10.7,10.86,2562.7,2841.67,0.008542
2004-05-26,10.98,10.98,10.61,10.71,3210.5,3459.286,0.010702
2004-05-27,10.7,11.2,10.63,11.1,2708.08,2958.949,0.009027
2004-05-28,11.42,12.07,11.38,11.5,8058.14,9458.239,0.02686
2004-05-31,11.42,12.0,11.32,11.93,6103.72,7194.786,0.020346000000000003
2004-06-01,11.98,12.48,11.85,12.35,8394.37,10245.147,0.027981
2004-06-02,12.45,12.58,12.1,12.2,9940.89,12316.759,0.033136
2004-06-03,12.2,12.22,11.58,11.7,7285.2,8596.134,0.024284
2004-06-04,11.8,11.99,11.6,11.9,3591.09,4233.712,0.011970000000000001
2004-06-07,11.9,11.9,11.63,11.75,1741.85,2044.379,0.005806
2004-06-08,11.75,11.9,11.58,11.68,1461.49,1713.624,0.0048720000000000005
2004-06-09,11.7,11.83,11.12,11.21,2824.4,3252.701,0.009415
2004-06-10,11.21,11.42,10.71,10.74,5155.06,5663.739,0.017183999999999998
2004-06-11,10.75,11.28,10.75,10.86,5262.35,5776.533,0.017541
2004-06-14,10.76,10.76,10.21,10.27,4059.7,4217.718,0.013531999999999999
2004-06-15,10.25,10.52,10.22,10.5,2914.7,3015.033,0.009716
2004-06-16,10.48,10.66,10.31,10.43,2621.0,2751.659,0.008737
2004-06-17,10.77,10.77,10.3,10.38,2714.71,2856.592,0.009049
2004-06-18,10.37,10.58,10.02,10.16,5179.0,5337.235,0.017263
2004-06-21,10.17,10.6,10.08,10.6,7605.76,7898.344,0.025353
2004-06-22,10.71,10.91,10.6,10.7,11025.0,11882.073,0.03675
2004-06-23,10.7,10.79,10.35,10.59,5043.24,5289.095,0.016811
2004-06-24,10.59,11.1,10.51,10.99,9940.42,10823.387,0.033135
2004-06-25,11.1,11.2,10.1,10.33,7505.5,7975.019,0.025018
2004-06-28,10.22,10.35,9.8,9.85,5008.5,4991.845,0.016695
2004-06-29,9.9,10.08,9.62,9.83,4729.81,4665.139,0.015766
2004-06-30,9.92,10.06,9.46,9.55,5383.19,5209.547,0.017944
2004-07-01,9.94,10.4,9.94,10.29,13710.31,13905.407,0.045701
2004-07-02,10.21,10.32,10.12,10.23,5232.36,5356.899,0.017440999999999998
2004-07-05,10.06,10.08,9.96,10.08,2718.06,2716.874,0.00906
2004-07-06,10.1,10.29,10.1,10.18,3814.57,3900.143,0.012715
2004-07-07,10.13,10.18,9.86,9.87,3502.94,3487.322,0.011675999999999999
2004-07-08,9.8,9.97,9.8,9.94,1898.7,1874.963,0.006329
2004-07-09,9.94,10.05,9.7,9.71,3978.05,3925.681,0.013260000000000001
2004-07-12,9.68,9.68,9.16,9.25,4618.75,4327.461,0.015396
2004-07-13,9.25,9.36,9.12,9.29,1443.52,1334.4,0.004812
2004-07-14,9.28,9.44,9.07,9.31,2437.19,2255.759,0.008124
2004-07-15,9.35,9.4,9.2,9.32,2581.48,2405.535,0.008605
2004-07-16,9.36,9.8,9.3,9.79,5059.7,4877.222,0.016866000000000003
2004-07-19,9.76,9.87,9.6,9.75,2842.48,2762.712,0.009475
2004-07-20,9.78,9.98,9.68,9.84,2869.98,2823.238,0.009566999999999999
2004-07-21,9.92,9.92,9.7,9.75,1085.41,1061.248,0.003618
2004-07-22,9.7,9.81,9.4,9.45,2799.65,2688.391,0.009332
2004-07-23,9.31,9.49,9.3,9.49,1780.75,1672.796,0.005936
2004-07-26,9.41,9.41,9.1,9.23,2123.7,1959.396,0.007078999999999999
2004-07-27,9.18,9.28,9.11,9.16,1519.9,1396.917,0.005066
2004-07-28,9.23,9.38,9.12,9.32,1169.03,1079.635,0.003897
2004-07-29,9.42,9.66,9.34,9.6,3120.71,2971.375,0.010402
2004-07-30,9.61,9.71,9.34,9.34,1589.7,1507.649,0.005299000000000001
2004-08-02,9.5,9.5,9.15,9.23,2804.16,2580.68,0.009347
2004-08-03,9.23,9.43,9.22,9.31,925.55,863.579,0.003085
2004-08-04,9.27,9.73,9.26,9.62,4754.8,4556.651,0.015849
2004-08-05,9.62,9.65,9.48,9.54,1996.92,1906.219,0.006656
2004-08-06,9.55,9.69,9.48,9.62,2683.35,2568.295,0.008945
2004-08-09,9.68,9.85,9.42,9.57,1701.71,1640.517,0.005672
2004-08-10,9.55,9.66,9.51,9.61,836.99,802.703,0.0027900000000000004
2004-08-11,9.6,9.6,9.2,9.26,2465.17,2302.762,0.008217
2004-08-12,9.2,9.26,9.1,9.25,3074.34,2820.743,0.010248
2004-08-13,9.23,9.41,9.08,9.2,1932.16,1770.621,0.006441
2004-08-16,9.15,9.25,8.8,8.8,3130.38,2796.131,0.010435000000000002
2004-08-17,8.8,8.95,8.75,8.86,1226.4,1085.406,0.004088
2004-08-18,8.95,9.05,8.82,8.86,720.0,641.662,0.0024
2004-08-19,8.99,8.99,8.7,8.88,1197.5,1054.472,0.003992
2004-08-20,8.75,9.02,8.73,8.89,986.12,874.698,0.003287
2004-08-23,8.75,8.93,8.61,8.68,1242.0,1082.791,0.00414
2004-08-24,8.68,9.0,8.68,8.85,1536.89,1359.669,0.005123
2004-08-25,8.85,8.9,8.73,8.8,730.0,642.997,0.002433
2004-08-26,8.78,8.8,8.65,8.66,669.41,582.397,0.002231
2004-08-27,8.58,8.7,8.45,8.48,1266.88,1082.25,0.004223
2004-08-30,8.44,8.65,8.44,8.61,729.51,625.815,0.002432
2004-08-31,8.85,8.95,8.75,8.8,2262.8,2001.159,0.007542999999999999
2004-09-01,8.82,8.83,8.56,8.65,777.9,674.725,0.002593
2004-09-02,8.65,8.86,8.55,8.78,759.53,657.603,0.002532
2004-09-03,8.65,8.81,8.65,8.75,840.2,734.721,0.002801
2004-09-06,8.7,8.79,8.64,8.69,356.0,309.322,0.001187
2004-09-07,8.69,8.72,8.62,8.65,434.0,376.282,0.001447
2004-09-08,8.66,8.7,8.64,8.67,501.2,434.594,0.001671
2004-09-09,8.65,8.78,8.5,8.58,785.4,678.426,0.0026179999999999997
2004-09-10,8.66,8.74,8.55,8.7,720.5,621.699,0.002402
2004-09-13,8.54,8.77,8.5,8.5,1423.1,1224.269,0.004744
2004-09-14,8.69,8.9,8.6,8.78,2482.69,2173.477,0.008276
2004-09-15,8.78,9.45,8.73,9.2,5929.6,5448.317,0.019764999999999998
2004-09-16,9.3,9.35,9.12,9.29,4099.03,3789.128,0.013663000000000002
2004-09-17,9.34,9.6,9.3,9.6,7134.24,6771.983,0.023781
2004-09-20,9.71,10.1,9.62,9.99,9679.97,9502.603,0.032267000000000004
2004-09-21,10.05,10.19,9.77,10.01,11291.86,11261.43,0.03764
2004-09-22,9.98,9.98,9.68,9.69,6819.66,6680.873,0.022732000000000002
2004-09-23,9.7,9.98,9.65,9.98,5409.87,5294.41,0.018033
2004-09-24,9.98,10.2,9.68,9.73,10631.21,10655.609,0.035436999999999996
2004-09-27,9.65,9.98,9.37,9.39,4933.63,4745.392,0.016445
2004-09-28,9.42,9.6,9.32,9.53,2132.91,2016.042,0.00711
2004-09-29,9.52,9.63,9.33,9.34,2050.5,1933.114,0.006835
2004-09-30,9.47,9.5,9.28,9.31,2243.3,2100.357,0.007478
2004-10-08,9.71,9.84,9.4,9.82,3024.86,2916.535,0.010083
2004-10-11,9.83,10.4,9.8,10.18,13531.27,13745.608,0.045104
2004-10-12,10.18,10.37,10.15,10.23,12801.87,13148.881,0.042672999999999996
2004-10-13,10.21,10.33,10.0,10.21,5746.02,5822.7,0.019153
2004-10-14,10.2,10.25,9.4,9.41,6699.03,6500.608,0.022330000000000003
2004-10-15,9.36,9.65,9.34,9.6,4023.89,3826.183,0.013413
2004-10-18,9.98,10.3,9.98,10.04,13928.28,14137.836,0.046428000000000004
2004-10-19,10.05,10.69,9.93,10.5,19990.17,20728.198,0.066634
2004-10-20,10.47,10.6,10.22,10.57,11666.68,12148.715,0.038889
2004-10-21,10.65,10.75,10.35,10.53,9462.19,9984.524,0.031541
2004-10-22,10.53,10.73,10.2,10.72,12309.12,12952.312,0.04103
2004-10-25,10.82,10.98,10.43,10.5,11038.06,11763.543,0.036794
2004-10-26,10.48,10.69,10.25,10.68,8149.08,8537.748,0.027164
2004-10-27,10.5,10.67,10.16,10.41,10282.88,10619.209,0.034276
2004-10-28,10.31,10.43,10.11,10.16,6579.0,6768.405,0.02193
2004-10-29,9.65,10.2,9.65,9.89,6255.09,6222.23,0.02085
2004-11-01,9.89,10.09,9.77,9.95,2980.4,2979.535,0.009935000000000001
2004-11-02,9.93,10.03,9.85,9.97,2112.95,2094.439,0.007043000000000001
2004-11-03,9.88,10.05,9.62,10.05,7749.38,7596.586,0.025831
2004-11-04,9.93,10.35,9.8,9.9,5628.19,5653.005,0.018761
2004-11-05,9.91,10.05,9.81,9.85,1677.37,1658.728,0.0055910000000000005
2004-11-08,9.84,9.84,9.58,9.62,2953.03,2849.964,0.009843
2004-11-09,9.58,9.8,9.58,9.7,1338.6,1298.284,0.004462
2004-11-10,9.72,10.27,9.66,10.14,4213.5,4228.398,0.014045
2004-11-11,10.15,10.47,10.1,10.14,7239.91,7471.249,0.024133
2004-11-12,10.16,10.37,10.03,10.2,2880.44,2928.855,0.009601
2004-11-15,10.25,10.33,10.18,10.25,2681.6,2753.376,0.008939
2004-11-16,10.25,10.34,10.17,10.2,2156.68,2205.117,0.007189
2004-11-17,10.18,10.3,9.98,10.0,2845.1,2860.974,0.009484
2004-11-18,10.0,10.11,9.96,10.1,1816.43,1825.248,0.0060550000000000005
2004-11-19,10.24,10.25,10.1,10.23,1769.09,1800.092,0.005897
2004-11-22,10.26,10.44,10.2,10.34,3746.2,3877.835,0.012487
2004-11-23,10.4,10.4,10.0,10.13,3023.59,3078.694,0.010079
2004-11-24,10.13,10.25,10.05,10.05,2166.9,2193.313,0.007223
2004-11-25,10.39,10.39,10.08,10.28,3425.51,3496.367,0.011418
2004-11-26,10.38,10.67,10.27,10.46,10037.08,10548.13,0.033457
2004-11-29,10.49,10.56,10.22,10.28,4268.45,4443.484,0.014228000000000001
2004-11-30,10.24,10.36,10.16,10.23,2465.78,2521.715,0.008218999999999999
2004-12-01,10.3,10.6,10.3,10.42,6801.9,7129.709,0.022673000000000002
2004-12-02,10.4,10.49,10.2,10.34,3693.16,3799.221,0.012311
2004-12-03,10.28,10.47,10.2,10.38,3673.0,3805.568,0.012242999999999999
2004-12-06,10.38,10.38,10.0,10.09,5336.4,5390.185,0.017787999999999998
2004-12-07,10.13,10.17,9.91,9.94,2756.58,2762.72,0.009189000000000001
2004-12-08,10.05,10.1,9.86,9.92,1922.0,1917.793,0.006407
2004-12-09,9.95,10.12,9.9,9.97,1705.23,1706.295,0.005684
2004-12-10,9.9,10.01,9.71,9.71,2122.01,2090.082,0.007073
2004-12-13,9.7,9.71,9.58,9.68,1815.7,1750.249,0.006051999999999999
2004-12-14,9.7,9.7,9.62,9.67,1168.98,1129.603,0.003897
2004-12-15,9.67,9.7,9.4,9.58,2196.7,2094.651,0.0073219999999999995
2004-12-16,9.6,9.7,9.54,9.58,640.3,615.675,0.002134
2004-12-17,9.46,9.62,9.46,9.47,695.0,664.502,0.002317
2004-12-20,9.44,9.44,9.3,9.3,957.2,895.322,0.003191
2004-12-21,9.28,9.46,9.25,9.28,920.41,860.049,0.003068
2004-12-22,9.42,9.56,9.28,9.56,1362.72,1290.976,0.004542
2004-12-23,9.56,9.58,9.3,9.37,580.57,546.081,0.001935
2004-12-24,9.3,9.44,9.18,9.27,1243.69,1153.171,0.004146
2004-12-27,9.34,9.36,9.22,9.28,359.0,333.343,0.001197
2004-12-28,9.28,9.3,9.09,9.1,1502.0,1374.15,0.005007
2004-12-29,9.1,9.2,9.08,9.12,882.0,802.889,0.00294
2004-12-30,9.1,9.1,8.81,8.86,2095.0,1866.462,0.0069830000000000005
2004-12-31,8.9,8.98,8.8,8.81,826.0,732.442,0.002753
2005-01-04,8.71,8.95,8.68,8.82,1014.91,895.819,0.0033829999999999997
2005-01-05,8.9,9.05,8.82,8.96,697.0,622.225,0.002323
2005-01-06,8.88,8.98,8.85,8.88,567.0,503.802,0.00189
2005-01-07,8.8,8.98,8.8,8.83,885.29,786.047,0.0029509999999999996
2005-01-10,8.8,8.98,8.8,8.9,531.55,472.005,0.001772
2005-01-11,8.98,9.47,8.98,9.18,2505.16,2308.29,0.008350999999999999
2005-01-12,9.1,9.15,9.06,9.12,512.93,466.983,0.0017100000000000001
2005-01-13,9.1,9.2,9.1,9.12,708.63,648.132,0.002362
2005-01-14,9.03,9.17,8.95,8.95,644.0,582.304,0.002147
2005-01-17,8.85,8.91,8.7,8.77,955.16,840.307,0.003184
2005-01-18,8.8,8.94,8.77,8.93,881.0,777.905,0.0029370000000000004
2005-01-19,8.9,8.97,8.75,8.84,399.28,353.79,0.001331
2005-01-20,8.76,8.8,8.58,8.62,1443.63,1255.587,0.004812
2005-01-21,8.56,8.84,8.5,8.78,1369.02,1185.987,0.004563
2005-01-24,9.02,9.06,8.83,8.95,2044.15,1825.816,0.006814
2005-01-25,8.88,8.93,8.74,8.91,1023.59,905.204,0.003412
2005-01-26,9.04,9.09,8.9,8.93,2434.58,2193.853,0.008115
2005-01-27,8.95,8.95,8.7,8.77,919.74,809.025,0.0030659999999999997
2005-01-28,8.84,8.85,8.68,8.7,703.8,614.216,0.002346
2005-01-31,8.62,8.7,8.5,8.53,1260.93,1081.487,0.004203
2005-02-01,8.52,8.75,8.5,8.52,837.6,719.536,0.002792
2005-02-02,8.55,8.97,8.55,8.93,1519.38,1339.265,0.005064999999999999
2005-02-03,8.93,9.08,8.8,8.84,1493.2,1331.473,0.004977
2005-02-04,8.94,9.16,8.83,9.07,2037.01,1834.84,0.006790000000000001
2005-02-16,9.27,9.27,8.91,9.03,1205.51,1095.279,0.004018
2005-02-17,9.1,9.1,8.85,8.99,971.19,869.537,0.003237
2005-02-18,8.99,9.07,8.9,8.92,999.0,894.863,0.00333
2005-02-21,8.92,9.09,8.92,9.08,1746.05,1577.067,0.00582
2005-02-22,9.1,9.35,9.01,9.3,2847.17,2617.073,0.009491000000000001
2005-02-23,9.35,9.48,9.25,9.37,3171.76,2966.447,0.010572999999999999
2005-02-24,9.37,9.39,9.25,9.32,2411.9,2246.352,0.00804
2005-02-25,9.35,9.6,9.35,9.38,3728.62,3523.012,0.012428999999999999
2005-02-28,9.38,9.44,9.2,9.22,1780.12,1656.14,0.005934
2005-03-01,9.22,9.34,9.18,9.27,1037.23,960.104,0.003457
2005-03-02,9.27,9.35,9.08,9.09,1402.8,1286.454,0.0046760000000000005
2005-03-03,9.09,9.17,9.03,9.16,1095.21,996.169,0.0036509999999999997
2005-03-04,9.1,9.15,9.05,9.06,1154.9,1048.826,0.00385
2005-03-07,9.13,9.13,9.03,9.12,955.5,867.119,0.003185
2005-03-08,9.15,9.35,9.0,9.32,3454.1,3168.156,0.011514
2005-03-09,9.27,9.4,9.21,9.4,6468.56,6047.39,0.021562
2005-03-10,9.39,9.43,9.11,9.14,3374.75,3154.031,0.011249
2005-03-11,9.13,9.23,9.05,9.15,2678.16,2442.251,0.008927000000000001
2005-03-14,9.22,9.4,9.0,9.18,2727.21,2495.718,0.009091
2005-03-15,9.18,9.2,8.95,9.0,2345.3,2122.985,0.007818
2005-03-16,8.95,8.98,8.71,8.74,2939.17,2585.411,0.009797
2005-03-17,8.72,8.84,8.58,8.62,1823.0,1593.677,0.006077
2005-03-18,8.62,8.76,8.6,8.66,1605.0,1386.78,0.005350000000000001
2005-03-21,8.53,8.69,8.52,8.58,1530.6,1314.223,0.005102
2005-03-22,8.75,8.75,8.0,8.0,4725.0,3873.636,0.01575
2005-03-23,8.0,8.18,7.88,7.94,2876.84,2300.228,0.009589
2005-03-24,7.95,8.11,7.9,8.1,1548.49,1234.185,0.005162
2005-03-25,8.03,8.14,8.02,8.13,802.58,650.494,0.0026750000000000003
2005-03-28,8.08,8.12,7.8,7.93,1434.49,1132.952,0.004782
2005-03-29,7.9,8.06,7.84,7.91,884.9,703.748,0.00295
2005-03-30,7.88,7.88,7.52,7.64,2192.0,1694.193,0.007307
2005-03-31,7.63,7.7,7.5,7.59,1872.92,1417.903,0.006242999999999999
2005-04-01,7.6,7.95,7.6,7.88,2372.9,1844.121,0.00791
2005-04-04,7.8,7.86,7.66,7.67,1399.0,1083.337,0.004663
2005-04-05,7.65,7.77,7.61,7.64,1171.0,900.353,0.003903
2005-04-06,7.64,7.86,7.54,7.84,2718.74,2098.585,0.009062
2005-04-07,7.86,8.14,7.8,7.92,3871.78,3092.817,0.012905999999999999
2005-04-08,7.9,8.25,7.86,8.15,3672.41,2971.628,0.012241
2005-04-11,8.18,8.24,8.09,8.15,2145.04,1750.942,0.00715
2005-04-12,8.14,8.15,7.9,7.92,1713.01,1370.518,0.00571
2005-04-13,7.95,8.1,7.95,8.06,2777.89,2230.321,0.009260000000000001
2005-04-14,8.1,8.12,7.9,7.92,1521.0,1217.608,0.00507
2005-04-15,7.9,7.9,7.61,7.72,2645.62,2036.864,0.008819
2005-04-18,7.66,7.8,7.63,7.73,3316.33,2551.528,0.011054
2005-04-19,6.96,6.96,6.96,6.96,1337.0,930.552,0.004457
2005-04-20,6.26,6.26,6.26,6.26,2167.0,1356.542,0.007223
2005-04-21,5.65,5.95,5.63,5.73,20708.34,11869.046,0.069028
2005-04-22,5.62,5.67,5.4,5.53,10970.88,6070.821,0.03657
2005-04-25,5.55,5.55,5.12,5.26,8622.7,4565.759,0.028742
2005-04-26,5.24,5.48,5.2,5.41,7615.28,4110.609,0.025384000000000004
2005-04-27,5.46,5.48,5.03,5.11,8262.5,4291.205,0.027542
2005-04-28,5.07,5.35,5.01,5.26,6173.93,3227.176,0.020579999999999998
2005-04-29,5.29,5.29,5.09,5.13,5065.63,2619.753,0.016884999999999997
2005-05-09,5.1,5.22,4.7,4.73,5635.27,2765.527,0.018784000000000002
2005-05-10,4.73,4.78,4.39,4.64,5830.77,2665.461,0.019436
2005-05-11,4.6,4.78,4.6,4.72,4280.87,2012.607,0.01427
2005-05-12,4.73,4.83,4.7,4.72,4124.19,1963.894,0.013747
2005-05-13,4.71,4.88,4.71,4.79,3336.58,1601.192,0.011122
2005-05-16,4.77,4.9,4.76,4.89,3302.09,1595.47,0.011007
2005-05-17,4.86,5.0,4.85,4.92,5914.52,2917.466,0.019715
2005-05-18,4.9,4.97,4.8,4.93,3282.64,1598.444,0.010942
2005-05-19,4.95,4.99,4.84,4.98,4322.68,2132.674,0.014409
2005-05-23,4.96,4.96,4.59,4.68,6475.89,3013.763,0.021585999999999998
2005-05-24,4.66,4.88,4.66,4.8,5093.06,2427.06,0.016977
2005-05-25,5.0,5.0,4.68,4.89,7237.32,3485.57,0.024124
2005-05-26,4.78,5.17,4.78,4.99,7963.25,3968.832,0.026543999999999998
2005-05-27,4.94,5.1,4.88,4.89,3724.0,1860.777,0.012413
2005-05-30,4.88,4.95,4.8,4.94,2570.55,1256.787,0.008569
2005-05-31,4.96,5.01,4.88,4.92,2666.34,1320.953,0.008888
2005-06-01,4.9,4.95,4.71,4.73,3089.64,1474.659,0.010299
2005-06-02,4.72,4.82,4.7,4.74,3316.57,1573.674,0.011054999999999999
2005-06-03,4.74,4.82,4.69,4.78,2613.79,1245.807,0.008713
2005-06-06,4.78,4.94,4.71,4.88,3819.14,1850.284,0.012729999999999998
2005-06-07,4.93,5.0,4.88,4.95,4068.11,2004.69,0.013560000000000001
2005-06-08,4.94,5.33,4.92,5.25,13322.99,6902.316,0.04441
2005-06-09,5.3,5.47,5.15,5.44,17162.84,9168.355,0.057209
2005-06-10,5.51,5.69,5.35,5.37,17714.64,9765.45,0.059049
2005-06-13,5.4,5.46,5.26,5.43,7077.59,3797.997,0.023592
2005-06-14,5.45,5.6,5.36,5.41,7230.7,3933.722,0.024102000000000002
2005-06-15,5.4,5.49,5.23,5.3,5125.0,2722.125,0.017083
2005-06-16,5.3,5.35,5.18,5.3,4448.15,2337.992,0.014827
2005-06-17,5.31,5.43,5.28,5.29,8755.36,4670.953,0.029185
2005-06-20,5.28,5.42,4.9,5.39,9726.08,4960.252,0.03242
2005-06-21,5.32,5.33,5.16,5.18,5364.17,2817.104,0.017881
2005-06-22,5.18,5.35,5.13,5.28,5988.0,3146.243,0.01996
2005-06-23,5.25,5.47,5.18,5.19,10183.88,5419.857,0.033946000000000004
2005-06-24,5.18,5.28,5.16,5.24,2616.4,1362.887,0.008721
2005-06-27,5.32,5.48,5.26,5.38,8139.87,4388.609,0.027132999999999997
2005-06-28,5.35,5.37,5.21,5.25,3384.86,1786.272,0.011283000000000001
2005-06-29,5.38,5.77,5.26,5.33,5837.04,3161.896,0.019457
2005-06-30,5.18,5.28,5.08,5.15,6592.06,3397.896,0.021974
2005-07-01,5.13,5.23,4.71,4.75,4357.03,2156.377,0.014523
2005-07-04,4.52,4.7,4.52,4.57,3034.13,1397.665,0.010114000000000001
2005-07-05,4.61,4.7,4.5,4.53,3847.0,1766.993,0.012823
2005-07-06,4.53,4.69,4.41,4.48,3470.02,1569.301,0.011567000000000001
2005-07-07,4.48,4.59,4.42,4.42,6061.37,2701.198,0.020205
2005-07-08,4.42,4.43,4.12,4.18,6644.0,2794.887,0.022147
2005-07-11,4.19,4.33,3.92,3.98,3529.71,1451.416,0.011766
2005-07-12,3.98,4.16,3.97,4.13,3848.5,1560.207,0.012827999999999999
2005-07-13,4.09,4.16,4.07,4.11,2090.5,863.299,0.006967999999999999
2005-07-14,4.11,4.2,4.1,4.13,2530.28,1047.65,0.008434
2005-07-15,4.19,4.19,3.96,3.97,2679.0,1079.744,0.00893
2005-07-18,3.97,3.97,3.76,3.83,3397.87,1305.331,0.011326000000000001
2005-07-19,3.83,3.9,3.73,3.9,1387.65,532.211,0.004626
2005-07-20,3.89,3.91,3.78,3.83,2614.0,1004.381,0.008713
2005-07-21,3.83,3.89,3.83,3.87,1210.0,466.309,0.004033
2005-07-22,3.9,4.05,3.86,4.0,3165.93,1255.637,0.010553
2005-07-25,3.97,4.02,3.96,4.01,1251.0,499.657,0.00417
2005-07-26,3.98,4.12,3.97,4.12,3078.36,1250.371,0.010261
2005-07-27,4.12,4.15,4.03,4.15,2962.49,1213.411,0.009875
2005-07-28,4.15,4.31,4.13,4.23,5445.21,2302.591,0.018151
2005-07-29,4.2,4.24,4.15,4.17,1567.04,656.24,0.005223
2005-08-01,4.2,4.3,4.17,4.22,2769.55,1167.764,0.009232
2005-08-02,4.21,4.32,4.2,4.31,3249.74,1383.972,0.010832
2005-08-03,4.35,4.47,4.27,4.36,5891.0,2585.262,0.019637
2005-08-04,4.36,4.4,4.31,4.38,2522.98,1103.07,0.008409999999999999
2005-08-05,4.4,4.53,4.38,4.51,7519.17,3344.04,0.025064000000000003
2005-08-08,4.55,4.8,4.51,4.72,14604.57,6847.961,0.048681999999999996
2005-08-09,4.66,4.84,4.65,4.8,6437.08,3041.284,0.021457
2005-08-10,5.28,5.28,5.2,5.28,37800.28,19928.704,0.126001
2005-08-11,5.2,5.75,5.15,5.47,34880.36,18941.588,0.116268
2005-08-12,5.4,5.72,5.3,5.49,25198.08,13943.62,0.083994
2005-08-15,5.47,5.98,5.37,5.86,23377.24,13496.788,0.077924
2005-08-16,5.86,6.25,5.69,6.15,24177.43,14426.048,0.08059100000000001
2005-08-17,6.08,6.3,5.88,6.17,21780.09,13279.24,0.0726
2005-08-18,6.1,6.39,5.55,5.56,23525.08,14271.889,0.078417
2005-08-19,5.53,5.56,5.1,5.28,21390.59,11313.148,0.071302
2005-08-22,5.15,5.33,5.14,5.27,7741.8,4065.821,0.025806
2005-08-23,5.26,5.3,5.05,5.17,7366.0,3794.644,0.024553
2005-08-24,5.17,5.45,5.1,5.42,14203.38,7618.378,0.047345
2005-08-25,5.41,5.68,5.35,5.54,13571.5,7506.474,0.045237999999999993
2005-08-26,5.54,5.74,5.41,5.55,10703.87,5950.637,0.03568
2005-08-29,5.56,5.56,5.25,5.33,6647.0,3572.634,0.022157
2005-08-30,5.3,5.35,5.26,5.33,4344.4,2296.671,0.014480999999999999
2005-08-31,5.29,5.49,5.28,5.46,5957.19,3231.816,0.019857
2005-09-01,5.54,5.7,5.45,5.66,12125.8,6794.851,0.040419000000000004
2005-09-02,5.74,5.98,5.6,5.83,12814.6,7441.42,0.042714999999999996
2005-09-05,5.84,6.07,5.84,5.93,9293.16,5523.749,0.030977
2005-09-06,5.95,6.1,5.5,5.65,13227.31,7812.598,0.044091
2005-09-07,5.62,5.84,5.6,5.83,6979.45,3989.541,0.023264999999999997
2005-09-08,5.83,6.05,5.72,6.02,12811.01,7532.082,0.042703
2005-09-09,6.02,6.08,5.78,5.87,7516.4,4460.251,0.025055
2005-09-12,5.84,5.9,5.77,5.81,4552.64,2649.907,0.015175000000000001
2005-09-13,5.81,6.0,5.81,5.99,6300.35,3739.554,0.021001
2005-09-14,6.0,6.26,6.0,6.19,16668.5,10269.74,0.05556199999999999
2005-09-15,6.19,6.29,6.1,6.22,11883.78,7363.441,0.039613
2005-09-16,6.21,6.21,6.07,6.14,5938.02,3635.844,0.019793
2005-09-19,6.15,6.21,6.07,6.19,6196.0,3812.509,0.020653
2005-09-20,6.24,6.24,5.97,6.01,10832.67,6571.161,0.036109
2005-09-21,5.99,6.02,5.8,5.81,8236.0,4850.992,0.027452999999999998
2005-09-22,5.81,5.84,5.47,5.55,7631.89,4299.361,0.02544
2005-09-23,5.55,5.6,5.46,5.47,4470.5,2473.832,0.014902
2005-09-26,5.45,5.54,5.4,5.5,3134.72,1712.257,0.010449
2005-09-27,5.5,5.56,5.18,5.19,4878.0,2605.706,0.01626
2005-09-28,5.18,5.3,5.1,5.29,5749.91,3007.303,0.019166000000000002
2005-09-29,5.29,5.51,5.29,5.49,7176.4,3889.138,0.023921
2005-09-30,5.49,5.5,5.33,5.34,3482.08,1889.593,0.011607000000000001
2005-10-10,5.33,5.37,5.16,5.21,2625.0,1377.875,0.00875
2005-10-11,5.12,5.35,5.11,5.34,2508.62,1320.027,0.008362000000000001
2005-10-12,5.22,5.7,5.16,5.69,10980.92,6089.121,0.036603
2005-10-13,5.88,6.2,5.73,5.75,26648.87,15918.029,0.08882999999999999
2005-10-14,5.6,5.68,5.5,5.52,8238.25,4579.801,0.027461000000000003
2005-10-17,5.44,5.61,5.35,5.52,3465.9,1904.92,0.011553
2005-10-18,5.5,5.66,5.46,5.66,3936.95,2197.033,0.013123000000000001
2005-10-19,5.61,5.9,5.59,5.7,5770.97,3316.949,0.019237
2005-10-20,5.9,5.95,5.6,5.73,6303.06,3628.708,0.02101
2005-10-21,5.73,5.85,5.73,5.8,6454.5,3743.038,0.021515
2005-10-24,5.65,5.65,5.33,5.39,12045.0,6576.062,0.04015
2005-10-25,5.35,5.47,5.3,5.37,4858.5,2616.832,0.016195
2005-10-26,5.31,5.38,5.2,5.2,3886.0,2055.731,0.012953
2005-10-27,5.18,5.22,4.86,4.89,8330.5,4212.254,0.027768
2005-10-28,4.89,4.9,4.53,4.62,7653.37,3614.658,0.025511
2005-10-31,4.62,4.81,4.55,4.77,4960.66,2349.1,0.016536
2005-11-01,4.8,4.86,4.71,4.86,3775.5,1810.181,0.012584999999999999
2005-11-02,5.35,5.35,5.35,5.35,4859.79,2599.988,0.016198999999999998
2005-11-03,5.39,5.55,5.12,5.15,23561.35,12633.93,0.078538
2005-11-04,5.1,5.1,4.7,4.96,8666.74,4245.9,0.028889
2005-11-07,4.84,5.02,4.81,4.99,3124.98,1535.524,0.010417000000000001
2005-11-08,4.97,5.08,4.88,5.02,3582.54,1788.631,0.011942
2005-11-09,5.08,5.3,5.03,5.16,9168.56,4718.726,0.030562
2005-11-10,5.13,5.16,4.94,5.01,6700.32,3378.978,0.022334
2005-11-11,5.1,5.22,5.1,5.17,16400.14,8495.873,0.054667
2005-11-14,5.15,5.17,5.04,5.11,2777.01,1420.036,0.009257
2005-11-15,5.09,5.17,5.03,5.09,3897.86,1992.122,0.012993
2005-11-16,5.02,5.02,4.8,5.0,5640.0,2750.417,0.018799999999999997
2005-11-17,5.01,5.08,4.96,5.03,3207.84,1604.234,0.010693
2005-11-18,5.07,5.18,5.0,5.14,7565.2,3877.554,0.025217
2005-11-21,5.14,5.25,5.14,5.23,6514.34,3373.601,0.021714
2005-11-22,5.26,5.26,5.0,5.06,3790.0,1936.106,0.012633
2005-11-23,5.0,5.11,4.96,5.08,2837.95,1436.028,0.00946
2005-11-24,5.06,5.13,5.05,5.09,2112.67,1073.475,0.0070420000000000005
2005-11-25,5.08,5.19,5.02,5.12,2043.5,1043.983,0.006812
2005-11-28,5.1,5.17,5.08,5.11,2394.62,1224.934,0.007982
2005-11-29,4.91,5.15,4.91,4.98,2224.0,1113.081,0.0074129999999999995
2005-11-30,5.09,5.09,4.93,5.01,1659.5,826.47,0.0055320000000000005
2005-12-01,4.83,4.99,4.83,4.94,1465.0,720.878,0.004883
2005-12-02,5.03,5.03,4.81,4.82,2568.0,1253.675,0.00856
2005-12-05,4.7,4.82,4.59,4.6,2377.0,1112.587,0.007923
2005-12-06,4.6,4.69,4.56,4.68,1531.01,711.46,0.005103
2005-12-07,4.68,4.72,4.62,4.71,1320.03,617.68,0.0044
2005-12-08,4.74,4.8,4.61,4.64,1166.0,549.031,0.003887
2005-12-09,4.62,4.74,4.61,4.71,1614.27,757.008,0.005381
2005-12-12,4.74,4.89,4.74,4.83,2291.6,1106.049,0.007639
2005-12-13,4.87,4.87,4.75,4.81,1060.78,507.457,0.003536
2005-12-14,4.82,4.86,4.75,4.85,1073.51,517.234,0.003578
2005-12-15,4.96,4.96,4.82,4.84,1987.1,970.305,0.006624
2005-12-16,4.79,4.84,4.78,4.82,1380.0,664.056,0.0046
2005-12-19,4.81,4.86,4.78,4.86,882.51,426.617,0.002942
2005-12-20,4.83,4.85,4.7,4.81,1866.0,892.735,0.00622
2005-12-21,4.8,4.84,4.75,4.75,1594.12,764.195,0.005314
2005-12-22,4.74,4.75,4.69,4.73,2298.92,1085.479,0.007663
2005-12-23,4.73,4.79,4.73,4.79,1574.0,750.178,0.005247000000000001
2005-12-26,4.78,4.84,4.76,4.82,2005.99,964.226,0.006686999999999999
2005-12-27,4.91,4.91,4.78,4.8,1978.0,952.86,0.006593
2005-12-28,4.8,4.84,4.79,4.81,1503.49,722.453,0.005012
2005-12-29,4.81,4.89,4.8,4.89,4549.87,2208.131,0.015165999999999999
2005-12-30,4.89,4.96,4.83,4.95,6293.0,3089.474,0.020977000000000003
2006-01-04,4.95,5.02,4.88,5.01,3549.91,1762.575,0.011833
2006-01-05,5.03,5.27,5.0,5.24,11790.42,6058.416,0.039301
2006-01-06,5.19,5.24,5.11,5.14,7656.13,3953.808,0.02552
2006-01-09,5.16,5.19,5.13,5.18,3941.22,2033.79,0.013137000000000001
2006-01-10,5.18,5.22,5.14,5.17,2415.24,1248.636,0.008051
2006-01-11,5.15,5.16,5.0,5.03,4492.81,2274.224,0.014976
2006-01-12,5.0,5.14,4.97,5.14,4536.48,2303.704,0.015122
2006-01-13,5.14,5.15,5.07,5.14,4100.07,2093.526,0.013667
2006-01-16,5.24,5.24,4.99,5.0,3673.79,1877.285,0.012246
2006-01-17,4.95,5.03,4.95,5.0,3282.0,1638.855,0.01094
2006-01-18,4.97,5.13,4.97,5.11,3428.62,1739.792,0.011429
2006-01-19,5.11,5.15,5.05,5.14,4788.02,2443.095,0.015960000000000002
2006-01-20,5.14,5.16,5.02,5.04,3548.25,1796.512,0.011828
2006-01-23,5.03,5.05,4.93,5.0,4418.42,2198.771,0.014728000000000002
2006-01-24,5.0,5.01,4.92,4.94,5242.52,2606.753,0.017475
2006-01-25,4.94,4.98,4.78,4.87,6969.19,3392.527,0.023231
2006-02-06,4.85,4.98,4.85,4.94,4536.78,2227.72,0.015123
2006-02-07,4.95,5.0,4.91,5.0,4720.55,2336.71,0.015735
2006-02-08,5.0,5.05,4.94,5.04,3256.4,1623.202,0.010854999999999998
2006-02-09,5.05,5.05,4.95,4.97,3245.02,1619.436,0.010817
2006-02-10,4.95,5.03,4.9,5.02,2916.48,1453.131,0.009722
2006-02-13,5.02,5.12,4.97,5.11,3427.63,1721.118,0.011425000000000001
2006-02-14,5.1,5.17,5.05,5.15,4486.9,2305.337,0.014956
2006-02-15,5.13,5.17,5.06,5.1,3549.59,1820.462,0.011832
2006-02-16,5.07,5.13,4.95,4.96,3701.0,1864.779,0.012337
2006-02-17,4.95,5.04,4.9,4.93,2318.0,1149.644,0.007727
2006-02-20,4.85,4.94,4.85,4.88,2010.0,986.033,0.0067
2006-02-21,4.86,4.93,4.78,4.92,3229.57,1561.067,0.010765
2006-02-22,4.92,5.02,4.9,4.99,3274.5,1619.833,0.010915
2006-02-23,4.98,5.0,4.84,4.96,2045.71,1012.049,0.0068189999999999995
2006-02-24,4.96,5.13,4.93,5.1,5743.02,2907.002,0.019143
2006-02-27,5.1,5.12,5.01,5.08,2704.97,1364.147,0.009016999999999999
2006-02-28,5.08,5.08,4.94,5.01,2198.98,1096.339,0.00733
2006-03-01,5.07,5.12,4.97,5.1,4973.17,2528.296,0.016576999999999998
2006-03-02,5.1,5.15,4.99,5.0,5121.0,2606.632,0.017070000000000002
2006-03-03,4.98,5.0,4.91,4.97,4423.23,2183.335,0.014744
2006-03-06,4.96,4.96,4.88,4.9,3088.15,1513.139,0.010294000000000001
2006-03-07,4.86,4.92,4.82,4.83,2979.0,1446.958,0.00993
2006-03-08,4.83,4.88,4.8,4.85,2073.7,1001.589,0.006912000000000001
2006-03-09,4.81,4.94,4.78,4.83,2233.0,1085.194,0.007443
2006-03-10,4.82,4.9,4.81,4.85,615.97,298.265,0.002053
2006-03-13,4.88,5.05,4.83,4.95,4335.47,2147.505,0.014452
2006-03-14,4.93,5.0,4.88,4.97,1453.99,716.385,0.004847000000000001
2006-03-15,4.92,5.0,4.88,4.96,1741.1,861.379,0.005804
2006-03-16,4.96,4.96,4.9,4.91,1016.04,500.077,0.003387
2006-03-17,4.95,5.09,4.86,5.06,6784.75,3403.942,0.022616
2006-03-20,5.02,5.35,4.99,5.35,15494.22,8051.228,0.051647
2006-03-21,5.28,5.44,5.16,5.18,14009.72,7446.4,0.046699000000000004
2006-03-22,5.16,5.2,5.09,5.13,6410.05,3288.223,0.021366999999999997
2006-03-23,5.16,5.26,5.08,5.21,5460.86,2825.331,0.018203
2006-03-24,5.2,5.25,5.1,5.11,5588.0,2889.28,0.018627
2006-03-27,5.11,5.2,5.08,5.16,2300.68,1181.533,0.0076690000000000005
2006-03-28,5.14,5.21,5.13,5.19,4436.85,2296.781,0.014790000000000001
2006-03-29,5.19,5.24,5.15,5.23,4275.71,2219.973,0.014252
2006-03-30,5.22,5.24,5.03,5.15,4501.0,2303.28,0.015002999999999999
2006-03-31,5.1,5.15,5.0,5.02,3903.0,1968.657,0.013009999999999999
2006-04-03,5.05,5.06,4.95,4.98,5077.49,2528.279,0.016925
2006-04-04,5.0,5.05,4.96,5.04,4261.22,2135.632,0.014204000000000001
2006-04-05,5.01,5.11,5.0,5.09,3749.86,1899.711,0.0125
2006-04-06,5.09,5.13,5.01,5.08,4615.49,2336.406,0.015385
2006-04-07,5.08,5.15,5.0,5.14,6270.11,3166.762,0.0209
2006-04-10,5.0,5.21,4.96,5.19,9807.42,5017.489,0.032691
2006-04-11,5.19,5.26,5.14,5.24,7427.18,3855.585,0.024756999999999998
2006-04-12,5.24,5.25,5.16,5.24,5575.99,2899.812,0.018587
2006-04-13,5.3,5.44,5.2,5.23,12906.28,6876.057,0.043021000000000004
2006-04-14,5.16,5.28,5.08,5.24,6078.3,3147.914,0.020261
2006-04-17,5.24,5.38,5.24,5.31,7249.37,3843.414,0.024165000000000002
2006-04-18,5.34,5.36,5.25,5.29,5267.92,2795.421,0.01756
2006-04-19,5.29,5.29,5.1,5.16,6993.2,3604.801,0.023311000000000002
2006-04-20,5.16,5.25,5.11,5.16,4107.54,2126.095,0.013692
2006-04-21,5.18,5.2,5.01,5.1,5232.45,2654.939,0.017442
2006-04-24,5.12,5.13,4.66,4.8,11443.99,5555.807,0.038147
2006-04-25,4.79,4.88,4.68,4.88,5045.76,2430.733,0.016819
2006-04-26,4.96,5.21,4.91,5.1,8125.72,4136.735,0.027086000000000002
2006-04-27,5.12,5.15,5.01,5.05,6355.76,3221.214,0.021185999999999997
2006-04-28,5.1,5.56,5.05,5.56,14705.55,7987.326,0.04901900000000001
2006-05-18,6.12,6.12,6.12,6.12,1766.31,1080.982,0.005888
2006-05-19,6.73,6.73,6.73,6.73,6234.54,4195.845,0.020782
2006-05-22,7.28,7.38,6.9,7.3,38390.85,27375.861,0.12797
2006-05-23,7.16,7.17,6.73,6.75,17116.4,11992.844,0.057054999999999995
2006-05-24,6.81,7.14,6.72,7.13,19306.39,13329.999,0.064355
2006-05-25,7.18,7.23,6.71,6.76,20408.6,14112.151,0.068029
2006-06-15,4.67,4.87,4.6,4.61,27843.13,13117.224,0.06629299999999999
2006-06-16,4.5,4.75,4.45,4.68,14305.56,6643.392,0.034061
2006-06-19,4.71,4.76,4.6,4.69,10890.7,5129.699,0.025929999999999998
2006-06-20,4.65,4.75,4.6,4.72,9793.12,4576.553,0.023317
2006-06-21,4.7,4.74,4.6,4.74,10012.03,4674.285,0.023837999999999998
2006-06-22,4.72,4.89,4.67,4.88,13461.27,6432.961,0.032050999999999996
2006-06-23,4.8,4.98,4.76,4.94,12368.27,6040.345,0.029448
2006-06-26,4.95,5.08,4.92,4.95,12045.21,6029.326,0.028679
2006-06-27,4.93,5.03,4.92,5.03,11347.12,5655.579,0.027017000000000003
2006-06-28,5.05,5.05,4.91,4.95,7773.54,3855.569,0.018508
2006-06-29,4.95,5.04,4.95,4.98,13307.7,6641.276,0.031685
2006-06-30,4.98,5.0,4.88,4.91,8446.92,4164.29,0.020112
2006-07-03,4.92,5.04,4.88,5.03,10853.9,5406.686,0.025842999999999998
2006-07-04,5.06,5.2,5.0,5.1,19373.07,9903.804,0.04612599999999999
2006-07-05,5.1,5.47,5.0,5.41,30316.99,16009.494,0.072183
2006-07-06,5.41,5.72,5.36,5.5,30541.59,16968.032,0.072718
2006-07-07,5.45,5.75,5.43,5.63,21935.06,12328.313,0.052226
2006-07-10,5.69,5.69,5.51,5.61,11402.36,6369.817,0.027148
2006-07-11,5.61,5.66,5.55,5.63,13146.93,7369.845,0.031301999999999996
2006-07-12,5.65,5.71,5.45,5.46,13335.8,7428.897,0.031751999999999996
2006-07-13,5.44,5.46,4.91,4.91,21587.9,11082.519,0.051399999999999994
2006-07-14,4.91,5.04,4.81,4.93,16106.41,7946.336,0.038349
2006-07-17,4.93,5.09,4.88,5.09,12240.87,6129.93,0.029144999999999997
2006-07-18,5.09,5.1,4.99,5.09,8437.2,4259.034,0.020089000000000003
2006-07-19,5.13,5.25,5.02,5.12,14957.97,7678.261,0.035614
2006-07-20,5.18,5.23,5.1,5.2,9881.7,5094.24,0.023527999999999997
2006-07-21,5.2,5.36,5.16,5.33,14591.98,7668.173,0.034742999999999996
2006-07-24,5.28,5.52,5.15,5.48,18469.46,9982.571,0.043975
2006-07-25,5.53,5.6,5.45,5.55,29753.2,16438.316,0.070841
2006-07-26,5.56,5.57,5.4,5.44,12215.34,6684.507,0.029084
2006-07-27,5.39,5.45,5.15,5.28,10290.9,5465.942,0.024502000000000003
2006-07-28,5.22,5.3,5.08,5.15,7641.44,3947.047,0.018194
2006-07-31,5.14,5.14,4.95,4.99,6034.3,3027.022,0.014367000000000001
2006-08-01,5.0,5.15,4.96,5.05,7952.5,4017.21,0.018935
2006-08-02,5.05,5.13,4.99,5.11,7150.87,3631.744,0.017026
2006-08-03,5.2,5.2,5.06,5.14,3285.58,1679.937,0.007823
2006-08-04,5.1,5.18,4.86,4.88,5273.0,2646.096,0.012555
2006-08-07,4.84,4.92,4.8,4.87,4214.1,2054.362,0.010034000000000001
2006-08-08,4.85,5.08,4.85,5.06,4385.26,2186.7,0.010441
2006-08-09,5.05,5.08,5.0,5.01,2161.07,1087.068,0.005144999999999999
2006-08-10,5.01,5.12,5.0,5.1,3958.32,2017.163,0.009425
2006-08-11,5.1,5.11,5.01,5.09,3164.54,1603.331,0.007534999999999999
2006-08-14,5.09,5.13,4.9,4.91,3229.2,1618.197,0.0076890000000000005
2006-08-15,5.04,5.04,4.88,5.02,2538.59,1261.595,0.006044000000000001
2006-08-16,4.98,5.46,4.94,5.34,11240.39,5949.678,0.026763
2006-08-17,5.31,5.4,5.19,5.27,9549.02,5030.875,0.022736
2006-08-18,5.26,5.34,5.2,5.29,6845.71,3611.996,0.016298999999999998
2006-08-21,5.18,5.47,5.01,5.43,16586.49,8873.167,0.039492
2006-08-22,5.4,5.49,5.35,5.45,13690.75,7449.152,0.032597
2006-08-23,5.36,5.44,5.28,5.29,9150.8,4892.523,0.021788
2006-08-24,5.28,5.7,5.25,5.59,22886.14,12613.536,0.054491
2006-08-25,5.62,5.66,5.46,5.53,13771.01,7664.847,0.032788
2006-08-28,5.55,5.63,5.47,5.6,11609.62,6466.049,0.027642000000000003
2006-08-29,5.62,5.64,5.39,5.42,16605.73,9177.109,0.039537
2006-08-30,5.42,5.48,5.35,5.42,6802.97,3683.514,0.016198
2006-08-31,5.39,5.48,5.35,5.4,6600.02,3573.244,0.015714
2006-09-01,5.42,5.49,5.23,5.29,6847.96,3646.449,0.016305
2006-09-04,5.28,5.55,5.28,5.49,9136.76,4987.467,0.021754
2006-09-05,5.44,5.7,5.44,5.63,20911.53,11782.36,0.049789
2006-09-06,5.63,5.69,5.55,5.68,11673.89,6547.91,0.027795
2006-09-07,5.67,5.67,5.46,5.5,8651.5,4795.856,0.020599
2006-09-08,5.48,5.68,5.48,5.6,10991.65,6169.588,0.026171000000000003
2006-09-11,5.6,5.91,5.58,5.79,32584.51,18886.18,0.077582
2006-09-12,5.82,5.85,5.73,5.78,17064.1,9864.197,0.040629
2006-09-13,5.78,5.8,5.65,5.73,16554.05,9465.607,0.039414
2006-09-14,5.7,5.81,5.53,5.63,8187.07,4629.412,0.019493
2006-09-15,5.63,5.8,5.57,5.77,13146.58,7533.842,0.031301
2006-09-18,5.75,5.85,5.64,5.74,12662.27,7305.429,0.030148
2006-09-19,5.75,5.75,5.58,5.6,16625.46,9365.911,0.039584
2006-09-20,5.58,5.66,5.58,5.63,6513.84,3660.016,0.015509
2006-09-21,5.62,5.66,5.53,5.55,7284.56,4065.729,0.017344
2006-09-22,5.5,5.6,5.41,5.43,6782.8,3745.136,0.01615
2006-09-25,5.4,5.48,5.36,5.43,6885.52,3731.887,0.016394
2006-09-26,5.4,5.46,5.35,5.43,7096.72,3842.765,0.016897
2006-09-27,5.45,5.52,5.43,5.51,4810.4,2642.803,0.011453
2006-09-28,5.51,5.59,5.45,5.57,6522.0,3599.583,0.015529
2006-09-29,5.57,5.63,5.55,5.59,5885.11,3282.058,0.014012
2006-10-09,5.62,5.74,5.59,5.72,11494.83,6511.001,0.027368999999999997
2006-10-10,5.73,5.73,5.61,5.67,8050.85,4553.541,0.019169000000000002
2006-10-11,5.67,5.74,5.53,5.59,8724.74,4878.407,0.020773
2006-10-12,5.59,5.6,5.49,5.5,10109.23,5603.536,0.02407
2006-10-13,5.5,5.56,5.47,5.51,5332.38,2942.151,0.012696
2006-10-16,5.6,5.67,5.5,5.55,9081.29,5076.24,0.021622
2006-10-17,5.62,5.79,5.55,5.72,17999.37,10214.324,0.042856
2006-10-18,5.74,5.78,5.68,5.75,9241.39,5281.694,0.022002999999999998
2006-10-19,5.78,5.96,5.69,5.87,24129.72,14112.579,0.057451999999999996
2006-10-20,5.83,5.87,5.64,5.66,14548.1,8340.336,0.034638
2006-10-23,5.66,5.71,5.43,5.57,11896.31,6611.728,0.028325
2006-10-24,5.57,5.78,5.55,5.74,14083.75,7988.223,0.033533
2006-10-25,5.75,6.02,5.68,5.97,38782.77,22801.374,0.09234
2006-10-26,5.98,5.98,5.76,5.87,18792.69,10993.318,0.044745
2006-10-27,5.87,5.9,5.65,5.7,11816.45,6784.046,0.028134000000000003
2006-10-30,5.74,5.79,5.43,5.54,14557.67,8118.722,0.034661
2006-10-31,5.55,5.64,5.52,5.62,9530.0,5314.749,0.022690000000000002
2006-11-01,5.62,5.62,5.45,5.54,8574.01,4723.158,0.020413999999999998
2006-11-02,5.54,5.59,5.45,5.54,7779.51,4272.244,0.018523
2006-11-03,5.53,5.6,5.51,5.53,5727.38,3180.018,0.013637
2006-11-06,5.49,5.61,5.45,5.59,5498.31,3052.227,0.013090999999999998
2006-11-07,5.59,5.59,5.34,5.41,10330.95,5614.998,0.024598
2006-11-08,5.39,5.44,5.3,5.31,5343.0,2872.227,0.012721
2006-11-09,5.31,5.4,5.31,5.38,3754.9,2011.445,0.00894
2006-11-10,5.39,5.4,5.06,5.11,8992.2,4697.844,0.02141
2006-11-13,5.08,5.14,4.83,4.89,7919.4,3959.672,0.018855999999999998
2006-11-14,4.91,4.96,4.79,4.96,7783.08,3780.777,0.018531
2006-11-15,4.96,5.04,4.84,5.0,6084.9,2999.575,0.014488000000000001
2006-11-16,4.92,4.98,4.86,4.88,6353.33,3121.835,0.015127
2006-11-17,4.88,4.93,4.82,4.91,5729.09,2790.632,0.013641
2006-11-20,4.92,5.39,4.89,5.01,8141.35,4107.202,0.019384
2006-11-21,5.02,5.02,4.92,4.95,4052.16,2010.507,0.009648
2006-11-22,4.97,5.05,4.9,5.0,7574.52,3758.176,0.018035000000000002
2006-11-23,5.0,5.04,4.95,5.04,6725.24,3347.222,0.016012
2006-11-24,5.08,5.36,5.08,5.2,18837.88,9873.218,0.044851999999999996
2006-11-27,5.21,5.28,5.13,5.27,6218.3,3227.897,0.014804999999999999
2006-11-28,5.3,5.3,5.13,5.17,6710.64,3475.947,0.015978000000000003
2006-11-29,5.14,5.21,5.07,5.2,6795.5,3493.693,0.01618
2006-11-30,5.22,5.25,5.16,5.2,12104.41,6304.128,0.028820000000000002
2006-12-01,5.21,5.24,5.06,5.08,11072.81,5684.793,0.026364000000000002
2006-12-04,5.11,5.19,5.07,5.17,10772.68,5518.608,0.025649
2006-12-05,5.15,5.28,5.11,5.26,11384.41,5918.159,0.027105999999999998
2006-12-06,5.24,5.29,5.0,5.07,9994.37,5094.753,0.023795999999999998
2006-12-07,5.12,5.14,5.04,5.08,8490.06,4318.649,0.020214
2006-12-08,5.05,5.08,4.89,4.89,7420.21,3668.252,0.017667
2006-12-11,4.91,5.02,4.89,5.01,5884.7,2915.208,0.014011000000000001
2006-12-12,4.98,5.08,4.96,5.06,7327.62,3677.44,0.017447
2006-12-13,5.14,5.15,5.05,5.13,8371.22,4272.412,0.019931
2006-12-14,5.09,5.26,5.09,5.2,9500.58,4933.459,0.02262
2006-12-15,5.25,5.29,5.12,5.28,12742.51,6685.24,0.030339
2006-12-18,5.28,5.6,5.23,5.57,26635.97,14438.802,0.063419
2006-12-19,5.5,5.67,5.39,5.56,27997.69,15548.406,0.066661
2006-12-20,5.58,5.72,5.41,5.69,49855.64,27985.516,0.118704
2006-12-21,5.7,5.7,5.43,5.45,17688.25,9864.535,0.042115
2006-12-22,5.4,5.45,5.3,5.33,10135.98,5435.602,0.024133
2006-12-25,5.31,5.45,5.3,5.38,9065.69,4872.592,0.021585
2006-12-26,5.35,5.36,5.21,5.23,8801.7,4648.708,0.020956000000000002
2006-12-27,5.29,5.31,5.22,5.3,6440.34,3381.538,0.015334
2006-12-28,5.35,5.35,5.06,5.11,8611.43,4433.888,0.020503
2006-12-29,5.12,5.2,5.11,5.15,9381.5,4833.746,0.022337
2007-01-04,5.15,5.2,5.08,5.12,9979.07,5094.334,0.02376
2007-01-05,5.08,5.33,5.02,5.31,9797.06,5042.406,0.023326
2007-01-08,5.39,5.67,5.35,5.66,30403.63,16934.642,0.07239
2007-01-09,5.67,5.76,5.61,5.66,27238.17,15437.571,0.064853
2007-01-10,5.66,5.87,5.57,5.85,28774.45,16443.235,0.068511
2007-01-11,5.95,6.4,5.95,6.08,44528.63,27401.653,0.106021
2007-01-12,6.09,6.16,5.75,5.77,27884.0,16572.351,0.06639
2007-01-15,5.75,6.11,5.75,6.09,20390.71,12183.534,0.048548999999999995
2007-01-16,6.1,6.19,5.99,6.16,22970.38,13963.929,0.054691000000000004
2007-01-17,6.16,6.34,5.99,6.06,25550.07,15745.502,0.060834
2007-01-18,6.1,6.16,5.87,6.16,21687.55,13066.169,0.051637
2007-01-19,6.23,6.58,6.22,6.49,38782.36,24846.806,0.092339
2007-01-22,6.56,6.66,6.49,6.65,29193.01,19175.503,0.069507
2007-01-23,6.65,6.75,6.32,6.75,31443.96,20621.682,0.074867
2007-01-24,6.76,6.85,6.61,6.67,19333.65,12972.569,0.046033
2007-01-25,6.68,7.34,6.5,6.97,50061.02,34845.074,0.119193
2007-01-26,6.87,7.6,6.53,7.5,59823.17,43142.915,0.142436
2007-01-29,7.5,7.98,7.5,7.68,57234.22,44221.964,0.136272
2007-01-30,7.66,7.66,7.35,7.4,23819.3,17825.558,0.05671299999999999
2007-01-31,7.38,7.38,7.0,7.0,22464.07,16119.515,0.053486000000000006
2007-02-01,6.9,7.09,6.86,7.08,14539.18,10144.005,0.034617
2007-02-02,7.1,7.29,6.87,6.89,12615.45,8987.963,0.030036999999999998
2007-02-05,6.88,6.99,6.86,6.94,9982.15,6917.598,0.023767
2007-02-06,6.96,7.23,6.96,7.18,13333.14,9488.142,0.031745999999999996
2007-02-07,7.25,7.25,7.1,7.15,11837.07,8475.244,0.028184
2007-02-08,7.19,7.28,7.1,7.25,12115.19,8720.366,0.028845999999999997
2007-02-09,7.33,7.33,7.18,7.26,10645.77,7709.244,0.025346999999999998
2007-02-12,7.31,7.45,7.25,7.43,12842.32,9488.79,0.030577
2007-02-13,7.44,7.54,7.37,7.52,14107.05,10507.47,0.033588
2007-02-14,7.51,7.57,7.46,7.54,14156.36,10643.1,0.033706
2007-02-15,7.54,7.79,7.49,7.78,21945.54,16793.367,0.052251000000000006
2007-02-16,8.15,8.26,7.86,7.89,24524.11,19734.816,0.058391
2007-02-26,7.97,8.15,7.75,8.08,17677.13,14075.818,0.042088
2007-02-27,8.08,8.2,7.27,7.27,26139.56,20306.103,0.062237
2007-02-28,7.1,7.57,7.08,7.55,17323.78,12785.918,0.041247
2007-03-01,7.55,7.57,7.14,7.25,17151.76,12563.279,0.040838
2007-03-02,7.21,7.48,7.21,7.43,13315.84,9853.537,0.031703999999999996
2007-03-05,7.4,7.53,7.25,7.44,13559.61,10021.671,0.032285
2007-03-06,7.46,7.6,7.31,7.6,15183.29,11365.038,0.036151
2007-03-07,7.62,7.8,7.61,7.78,17313.88,13284.916,0.041224
2007-03-08,7.75,8.06,7.73,7.95,18810.44,14978.877,0.044787
2007-03-09,7.95,8.25,7.8,8.12,31328.77,25233.357,0.074592
2007-03-12,8.19,8.62,8.01,8.57,39979.88,33481.646,0.09519
2007-03-13,8.53,8.89,8.42,8.74,41458.45,36058.811,0.09871100000000001
2007-03-14,8.7,9.03,8.02,8.64,44180.39,38447.907,0.10519099999999999
2007-03-15,8.5,9.0,8.49,8.86,29548.22,25819.047,0.070353
2007-03-16,9.0,9.06,8.4,8.67,26813.17,23302.404,0.063841
2007-03-19,8.36,8.7,8.3,8.66,19305.47,16564.962,0.045965
2007-03-20,8.66,8.85,8.62,8.79,13972.6,12283.908,0.033268
2007-03-21,8.77,8.99,8.77,8.92,18108.69,16129.531,0.043116
2007-03-22,8.96,9.49,8.85,9.18,30028.52,27543.95,0.071496
2007-03-23,9.1,9.35,9.01,9.28,18814.57,17268.142,0.044797000000000003
2007-03-26,9.35,9.65,9.21,9.55,23842.7,22506.248,0.056768
2007-03-27,9.5,9.8,9.46,9.68,24977.31,24001.767,0.05947
2007-03-28,9.65,9.73,8.91,9.48,31089.5,29106.285,0.074023
2007-03-29,9.46,9.48,8.9,8.91,23329.79,21410.076,0.055547000000000006
2007-03-30,8.83,9.09,8.75,8.99,12828.72,11490.216,0.030545
2007-04-02,8.99,9.36,8.96,9.29,10341.92,9502.894,0.024624
2007-04-03,9.35,9.38,9.15,9.31,11890.29,11022.273,0.02831
2007-04-04,9.3,9.46,9.22,9.41,12877.76,12027.899,0.030661
2007-04-05,9.42,9.65,9.34,9.58,14761.22,14019.392,0.035146000000000004
2007-04-06,9.54,9.7,9.4,9.65,14747.38,14174.653,0.035113
2007-04-09,9.78,10.0,9.68,9.95,26746.99,26355.469,0.06368299999999999
2007-04-10,9.98,10.27,9.8,10.13,23826.85,24081.413,0.056731
2007-04-11,10.1,10.17,9.61,9.97,21702.76,21598.204,0.051673
2007-04-12,9.91,10.52,9.91,10.43,25214.84,26012.651,0.060035
2007-04-13,10.5,11.47,10.5,10.98,39750.23,43992.515,0.09464299999999999
2007-04-16,11.09,11.8,11.09,11.68,23028.31,26615.717,0.054828999999999996
2007-04-17,11.86,11.99,11.11,11.72,25592.46,29649.799,0.060934
2007-04-18,11.81,12.49,11.81,12.17,21300.36,25952.3,0.050715
2007-04-19,12.08,12.29,10.97,11.63,31024.49,36460.279,0.073868
2007-04-20,11.63,12.73,11.6,12.71,33031.53,40938.97,0.078647
2007-04-23,13.05,13.17,12.31,12.92,58903.77,75322.895,0.14024699999999998
2007-04-24,12.88,12.9,12.52,12.69,38244.58,48576.99,0.091059
2007-04-25,12.6,12.6,11.98,12.39,31805.72,39114.582,0.075728
2007-04-26,12.5,12.83,12.46,12.76,25577.51,32345.988,0.060899
2007-04-27,12.8,12.81,12.31,12.5,19818.38,24811.725,0.047187
2007-04-30,12.5,12.5,12.08,12.29,25074.35,30803.923,0.059701000000000004
2007-05-08,12.41,13.1,12.41,12.78,27108.13,34689.468,0.064543
2007-05-09,12.81,13.16,12.5,13.1,42962.72,55443.692,0.10229200000000001
2007-05-10,13.15,13.28,12.9,13.1,27132.42,35507.131,0.06460099999999999
2007-05-11,12.98,13.11,12.66,13.06,22493.07,29050.589,0.053555
2007-05-14,12.9,13.57,12.73,13.37,28657.39,38024.29,0.068232
2007-05-15,13.48,14.47,13.48,13.65,49100.58,68890.537,0.116906
2007-05-17,14.49,14.49,13.82,13.94,34338.29,48277.419,0.08175800000000001
2007-05-18,13.85,14.45,13.85,14.1,24487.6,34641.691,0.058304
2007-05-21,13.63,14.45,13.5,14.21,25597.75,36234.863,0.060946999999999994
2007-05-22,14.26,14.88,14.26,14.65,26413.45,38436.769,0.062889
2007-05-23,14.75,15.3,14.75,15.28,29768.43,44892.558,0.070877
2007-05-24,15.49,16.35,15.35,16.1,46459.48,73607.562,0.110618
2007-05-25,16.61,17.71,16.61,17.71,18590.88,32302.889,0.044264
2007-05-28,19.48,19.48,19.48,19.48,11545.27,22490.186,0.027489
2007-05-29,21.43,21.43,21.43,21.43,12116.24,25965.102,0.028848
2007-05-30,21.38,23.57,20.1,23.2,158912.82,362018.451,0.378364
2007-05-31,15.47,15.47,13.92,13.92,11805.0,16434.058,0.028107000000000004
2007-06-01,12.53,12.53,12.53,12.53,9655.0,12097.715,0.015325
2007-06-04,11.28,11.28,11.28,11.28,2367.0,2669.976,0.003757
2007-06-05,10.15,10.15,10.15,10.15,3181.0,3228.715,0.0050490000000000005
2007-06-06,9.21,11.0,9.21,10.28,134176.71,136140.77,0.21297899999999997
2007-06-07,9.9,11.31,9.75,11.31,139557.18,148697.717,0.22151900000000002
2007-06-08,11.55,12.44,11.5,12.44,139935.8,169473.166,0.22211999999999998
2007-06-11,12.82,13.6,12.4,12.73,142677.16,185493.738,0.226472
2007-06-12,12.78,12.78,11.46,12.35,105360.46,126794.599,0.167239
2007-06-13,12.19,13.55,11.85,13.24,112836.83,143273.671,0.179106
2007-06-14,13.2,13.2,12.3,12.34,69543.37,88602.831,0.11038600000000001
2007-06-15,12.16,13.15,11.7,12.45,68130.34,85400.964,0.07943
2007-06-18,12.45,12.9,12.44,12.45,61918.45,78053.633,0.072188
2007-06-19,12.43,12.43,11.5,12.14,57951.18,69991.603,0.067563
2007-06-20,12.06,12.78,11.79,11.85,58839.19,71908.784,0.06859799999999999
2007-06-21,11.61,12.12,11.0,11.31,51141.91,58686.715,0.059623999999999996
2007-06-22,11.32,11.5,10.18,10.19,56940.16,60090.231,0.066384
2007-06-25,10.15,10.15,9.17,9.17,48836.96,46589.565,0.056936999999999995
2007-06-26,8.9,8.9,8.25,8.7,53623.26,45292.277,0.06251699999999999
2007-06-27,8.72,9.57,8.72,9.57,47605.66,43820.754,0.055500999999999995
2007-06-28,9.7,10.45,9.02,9.17,70205.98,69491.831,0.08185
2007-06-29,8.25,8.83,8.25,8.3,41688.35,35185.981,0.04860299999999999
2007-07-02,8.45,8.75,7.94,8.72,31273.39,26530.76,0.03646
2007-07-03,8.73,8.92,8.4,8.64,23327.8,20213.835,0.027197
2007-07-04,8.66,8.67,7.99,8.14,21742.36,18023.701,0.025349
2007-07-05,7.99,7.99,7.33,7.33,33902.87,25270.032,0.039526
2007-07-06,7.06,7.85,6.8,7.78,40932.13,30295.318,0.047721
2007-07-09,7.8,8.18,7.53,7.97,35434.07,27749.44,0.041311
2007-07-10,7.85,7.85,7.29,7.37,27832.25,20926.972,0.032448000000000005
2007-07-11,7.25,7.8,7.25,7.58,17972.55,13647.859,0.020953
2007-07-12,7.6,7.76,7.41,7.66,16021.64,12247.396,0.018678999999999998
2007-07-13,7.67,8.03,7.6,7.88,31229.93,24639.245,0.03641
2007-07-16,7.95,8.0,7.25,7.36,20514.0,15463.318,0.023916
2007-07-17,7.28,7.54,6.99,7.42,13864.24,10124.082,0.016164
2007-07-18,7.38,7.48,7.13,7.31,14045.73,10252.172,0.016375
2007-07-19,7.35,7.41,7.21,7.38,10426.17,7627.047,0.012155000000000001
2007-07-20,7.43,7.85,7.35,7.72,26250.39,20217.444,0.030604
2007-07-23,7.82,8.49,7.74,8.49,43423.89,35786.063,0.050626
2007-07-24,8.75,9.17,8.5,8.64,61026.27,54001.247,0.071148
2007-07-25,8.64,8.97,8.52,8.89,39596.3,34888.42,0.046164
2007-07-26,8.91,9.78,8.91,9.78,63037.73,59613.921,0.073493
2007-07-27,9.99,10.76,9.65,10.76,118778.48,123965.157,0.138479
2007-07-30,11.1,11.18,10.6,10.86,110469.95,120332.722,0.12879200000000002
2007-07-31,10.77,10.77,10.17,10.64,78322.33,82297.649,0.09131299999999999
2007-08-01,10.6,11.6,10.4,10.92,120250.65,132820.19,0.14019500000000001
2007-08-02,10.7,11.65,10.52,11.5,97578.85,109260.979,0.113763
2007-08-03,11.5,11.59,11.01,11.19,63177.14,71222.683,0.073656
2007-08-06,11.2,11.45,10.56,11.02,54665.7,59688.457,0.063732
2007-08-07,10.93,10.93,10.55,10.58,40620.53,43369.274,0.047358000000000004
2007-08-08,10.6,10.96,9.8,10.16,37510.7,38732.394,0.043732
2007-08-09,10.16,10.39,9.95,10.16,27803.28,28194.692,0.032415
2007-08-10,10.18,10.29,9.24,9.54,33476.87,32429.272,0.039029
2007-08-13,9.51,9.6,9.01,9.23,28922.15,26569.006,0.033719
2007-08-14,9.22,10.15,9.12,10.15,19899.57,19747.566,0.0232
2007-08-15,10.4,10.54,9.75,10.24,56097.43,57310.828,0.065402
2007-08-16,10.01,10.29,9.87,10.24,21407.02,21584.186,0.024958
2007-08-17,10.25,10.69,10.13,10.26,27479.38,28589.677,0.032037
2007-08-20,10.26,10.75,10.26,10.62,36803.62,38822.364,0.042908
2007-08-21,10.63,10.74,10.4,10.45,30822.2,32298.138,0.035934
2007-08-22,10.29,10.59,10.11,10.44,41865.78,43308.385,0.04881
2007-08-23,10.52,10.55,10.22,10.27,27050.22,27874.245,0.031537
2007-08-24,10.3,10.68,10.27,10.4,29145.95,30461.233,0.03398
2007-08-27,10.15,10.5,10.0,10.07,31698.01,32096.146,0.036955
2007-08-28,10.1,10.14,9.72,9.82,31557.51,30954.075,0.036792
2007-08-29,9.8,10.17,9.72,9.87,23751.39,23613.846,0.027691
2007-08-30,10.12,10.86,10.01,10.86,64204.64,67765.828,0.074853
2007-08-31,11.1,11.29,10.6,10.68,72404.49,79503.356,0.084413
2007-09-03,10.75,10.99,10.51,10.9,52672.85,56909.754,0.061409000000000005
2007-09-04,10.9,11.0,10.6,10.7,36095.25,38778.325,0.042081999999999994
2007-09-05,10.61,10.83,10.24,10.45,33986.33,35659.533,0.039623
2007-09-06,10.38,10.7,10.38,10.52,26910.41,28344.934,0.031374
2007-09-07,10.56,11.57,10.52,11.57,186027.37,211799.804,0.216881
2007-09-10,11.7,12.73,11.7,12.73,178673.58,220821.452,0.208308
2007-09-11,13.7,14.0,12.42,12.55,247172.93,331826.832,0.288169
2007-09-12,12.1,12.9,11.31,12.25,145363.15,172815.588,0.16947299999999998
2007-09-13,12.0,12.88,11.52,12.65,106354.3,129592.627,0.123994
2007-09-14,12.38,13.0,12.04,12.36,77442.99,96574.945,0.09028800000000001
2007-09-17,11.98,12.6,11.85,12.31,72641.82,88492.719,0.08468999999999999
2007-09-18,12.29,12.29,11.5,11.88,67242.82,79745.24,0.078396
2007-09-19,11.68,11.85,11.31,11.5,44602.42,51532.035,0.052000000000000005
2007-09-20,11.48,12.39,11.48,12.24,63503.57,77074.759,0.074036
2007-09-21,12.21,12.21,11.3,11.71,40942.42,47841.226,0.047733
2007-09-24,11.72,11.72,11.2,11.51,34316.43,39096.366,0.040008
2007-09-25,11.4,11.96,11.37,11.67,31721.53,37095.583,0.036983
2007-09-26,11.67,12.38,11.58,12.35,54042.95,64860.602,0.063006
2007-09-27,12.26,12.8,12.05,12.28,82377.9,102902.635,0.096041
2007-10-08,12.42,12.68,11.68,11.71,40949.02,48841.568,0.047741
2007-10-09,11.75,11.8,11.37,11.49,29712.14,34109.459,0.03464
2007-10-10,11.6,11.7,11.25,11.41,36098.48,40921.31,0.042086
2007-10-11,11.41,11.49,10.53,10.64,48605.25,52848.52,0.056666999999999995
2007-10-12,10.6,10.6,9.58,10.08,53806.82,53522.3,0.06273100000000001
2007-10-15,9.9,10.43,9.7,10.16,23498.93,23667.091,0.027395999999999997
2007-10-16,10.13,10.25,9.8,10.09,22657.97,22721.842,0.026416
2007-10-17,10.15,10.36,10.09,10.33,17776.13,18177.702,0.020724
2007-10-18,10.25,10.3,9.64,9.69,17001.11,16741.34,0.019821
2007-10-19,9.7,9.89,9.5,9.55,13768.9,13365.402,0.016052999999999998
2007-10-22,9.53,9.53,8.88,8.92,19883.17,18021.665,0.023180999999999997
2007-10-23,8.9,9.17,8.66,9.15,13309.0,11895.151,0.015516
2007-10-24,9.09,9.17,8.66,8.71,15437.6,13785.104,0.017998
2007-10-25,8.6,8.6,7.84,7.84,21895.58,17710.699,0.025527
2007-10-26,7.79,8.08,7.6,7.9,12533.93,9866.447,0.014613000000000001
2007-10-29,8.03,8.2,7.69,8.1,10960.51,8647.501,0.012778000000000001
2007-10-30,8.1,8.23,7.96,8.19,12584.75,10216.263,0.014672000000000001
2007-10-31,8.2,9.01,8.2,9.01,28677.23,24882.69,0.033434
2007-11-01,9.15,9.15,8.4,8.52,21749.36,18901.827,0.025356999999999998
2007-11-02,8.35,8.45,8.01,8.1,13285.79,10851.678,0.015489
2007-11-05,7.96,8.44,7.96,8.3,9306.7,7684.997,0.01085
2007-11-06,8.3,9.13,8.21,9.13,32708.41,29380.09,0.038133
2007-11-07,9.22,9.3,8.72,9.01,33970.59,30621.059,0.039605
2007-11-08,8.9,9.9,8.8,9.23,62673.82,59589.924,0.073069
2007-11-09,9.0,9.22,8.5,8.85,15873.75,14101.42,0.018507
2007-11-12,8.62,9.5,8.62,9.29,23256.08,21340.579,0.027113
2007-11-13,9.03,9.59,9.03,9.39,19634.57,18362.187,0.022890999999999998
2007-11-14,9.35,9.6,9.21,9.53,17407.78,16459.916,0.020295
2007-11-15,9.53,9.87,9.1,9.2,19829.73,18876.846,0.023119
2007-11-16,9.08,9.16,8.8,9.02,13846.33,12359.356,0.016143
2007-11-19,9.02,9.45,9.02,9.34,11102.56,10287.152,0.012944
2007-11-20,9.29,9.6,9.24,9.28,13036.35,12262.252,0.015199
2007-11-21,9.26,9.3,9.02,9.09,12860.59,11763.428,0.014994
2007-11-22,8.99,9.17,8.6,8.65,15170.1,13409.73,0.017686
2007-11-23,8.5,8.75,8.28,8.75,7774.68,6629.884,0.009064
2007-11-26,8.78,9.09,8.65,8.7,7175.15,6359.108,0.008365000000000001
2007-11-27,8.56,8.9,8.56,8.67,5389.05,4698.387,0.0062829999999999995
2007-11-28,8.7,8.89,8.62,8.79,5829.79,5130.714,0.006797
2007-11-29,8.99,9.06,8.7,8.96,8710.55,7769.532,0.010155
2007-11-30,8.93,9.2,8.88,9.15,14039.48,12773.245,0.016368
2007-12-03,9.18,9.3,9.08,9.22,10413.19,9588.428,0.01214
2007-12-04,9.3,9.34,9.07,9.3,11405.89,10491.246,0.013298
2007-12-05,9.31,9.5,9.02,9.4,22580.19,20840.142,0.026324999999999998
2007-12-06,9.5,9.52,9.26,9.36,17102.39,16019.918,0.019939
2007-12-07,9.33,9.4,9.25,9.34,11388.28,10624.969,0.013277
2007-12-10,9.28,9.56,9.14,9.5,20996.78,19739.209,0.024479
2007-12-11,9.51,9.73,9.45,9.71,23559.42,22620.22,0.027467000000000002
2007-12-12,9.7,10.08,9.5,10.01,31489.6,30906.875,0.036711999999999995
2007-12-13,10.15,10.29,9.49,9.5,37374.83,37304.976,0.043574
2007-12-14,9.48,9.68,9.28,9.6,17674.08,16714.892,0.020605000000000002
2007-12-17,9.67,10.08,9.58,9.91,22296.74,22113.166,0.025995
2007-12-18,9.9,10.16,9.68,9.69,13317.74,13258.382,0.015527
2007-12-19,9.75,10.21,9.67,10.2,24459.26,24383.933,0.028516
2007-12-20,10.3,10.88,10.3,10.39,59335.42,62522.108,0.069177
2007-12-21,10.26,10.5,10.2,10.38,22310.17,23041.241,0.02601
2007-12-24,10.4,10.59,10.31,10.45,24585.08,25700.613,0.028662999999999998
2007-12-25,10.41,10.78,10.32,10.65,25293.54,26814.311,0.029489
2007-12-26,10.73,10.88,10.62,10.7,19406.88,20826.634,0.022626
2007-12-27,10.9,11.77,10.9,11.77,60240.52,69804.459,0.070232
2007-12-28,11.9,12.01,11.48,11.52,99841.45,117154.106,0.116401
2008-01-02,11.68,12.25,11.58,12.0,47913.99,57409.397,0.055861
2008-01-03,12.1,12.3,11.82,12.11,33135.76,39966.254,0.038632
2008-01-04,12.08,12.08,11.7,11.81,29614.47,34990.571,0.034526
2008-01-07,11.8,11.98,11.59,11.78,35022.66,41135.657,0.040831
2008-01-08,11.78,12.39,11.72,11.99,47127.58,56698.491,0.054944
2008-01-09,11.89,12.73,11.77,12.62,48950.2,60756.547,0.057069
2008-01-10,12.65,12.93,12.3,12.35,32547.3,40826.234,0.037946
2008-01-11,12.45,12.77,12.12,12.36,21835.7,26986.116,0.025457
2008-01-14,12.38,12.93,12.38,12.79,37217.71,47458.814,0.043391
2008-01-15,12.8,13.23,12.6,12.82,37827.46,49314.804,0.044101
2008-01-16,12.78,13.02,12.45,12.46,27190.84,34485.193,0.031701
2008-01-17,12.4,12.69,11.52,11.89,34638.59,41507.981,0.040384
2008-01-18,11.75,12.0,11.61,11.91,20022.32,23619.223,0.023343
2008-01-21,11.91,11.98,10.72,10.86,28123.99,31821.211,0.032789
2008-01-22,10.6,10.71,9.77,9.98,33533.62,34298.363,0.039095
2008-01-23,10.18,10.98,10.18,10.98,34308.39,37224.949,0.039999
2008-01-24,11.9,12.08,11.58,12.08,112228.72,134970.115,0.13084300000000001
2008-01-25,11.81,12.45,11.51,11.95,81529.5,98028.589,0.095052
2008-01-28,11.78,11.95,10.76,10.76,40902.5,45245.881,0.047687
2008-01-29,10.76,11.09,10.28,11.02,21558.94,23281.159,0.025135
2008-01-30,11.18,11.31,10.6,11.0,16852.73,18561.968,0.019648000000000002
2008-01-31,11.0,11.08,10.23,10.25,16667.01,17633.659,0.019431
2008-02-01,10.66,10.66,9.23,9.57,24595.81,23852.566,0.028675000000000003
2008-02-04,9.78,10.52,9.78,10.5,16284.52,16633.715,0.018985000000000002
2008-02-05,10.5,10.78,10.25,10.58,13722.08,14461.76,0.015998000000000002
2008-02-13,10.39,10.65,10.2,10.39,9275.99,9648.348,0.010813999999999999
2008-02-14,10.5,11.42,10.39,11.17,22811.93,25086.928,0.026595
2008-02-15,10.98,11.0,10.6,10.92,14585.11,15782.538,0.017004
2008-02-18,11.1,11.3,10.92,11.09,13036.94,14524.031,0.015199
2008-02-19,11.18,11.59,11.1,11.5,20880.4,23804.47,0.024344
2008-02-20,11.3,11.45,10.98,11.14,26444.89,29492.005,0.030831
2008-02-21,11.48,11.66,11.06,11.49,26077.25,29740.696,0.030402
2008-02-22,11.4,11.59,10.8,11.11,21833.69,24317.08,0.025455000000000002
2008-02-25,11.0,11.35,10.5,10.54,16198.6,17443.314,0.018885
2008-02-26,10.8,10.93,10.1,10.45,12702.5,13315.635,0.014809000000000001
2008-02-27,10.51,11.09,10.45,11.08,12444.32,13502.628,0.014508
2008-02-28,11.18,11.19,10.85,10.98,9518.75,10509.135,0.011097999999999998
2008-02-29,10.88,11.3,10.87,11.23,13623.69,15225.149,0.015883
2008-03-03,11.26,11.72,11.15,11.6,27084.52,31305.534,0.031577
2008-03-04,11.6,11.77,11.36,11.65,25121.69,29022.778,0.029287999999999998
2008-03-05,11.5,12.0,11.5,11.99,34859.02,41194.641,0.040641
2008-03-06,12.09,12.4,11.7,11.82,30722.58,36974.082,0.035817999999999996
2008-03-07,11.8,11.8,11.26,11.57,16607.9,19100.716,0.019362
2008-03-10,11.54,11.54,11.08,11.17,11830.19,13334.929,0.013792
2008-03-11,11.0,11.48,10.8,11.37,9377.19,10478.359,0.010931999999999999
2008-03-12,11.46,11.6,10.95,10.99,11257.4,12677.632,0.013125
2008-03-13,10.72,10.97,10.2,10.47,15758.91,16571.362,0.018373
2008-03-14,10.57,10.57,10.23,10.39,7384.0,7663.768,0.008609
2008-03-17,10.2,10.41,9.35,9.35,11595.92,11377.529,0.013519000000000002
2008-03-18,9.4,9.55,8.42,8.57,14744.68,13102.812,0.01719
2008-03-19,8.75,9.27,8.71,9.05,11115.15,9985.769,0.012959
2008-03-20,8.91,9.88,8.5,9.59,10461.69,9616.574,0.012197
2008-03-21,9.6,9.88,9.47,9.6,9463.09,9128.32,0.011033
2008-03-24,9.71,9.79,9.18,9.19,8028.17,7673.861,0.00936
2008-03-25,9.11,9.65,8.9,9.58,7858.7,7326.38,0.009162
2008-03-26,9.69,9.88,9.52,9.79,7492.1,7286.495,0.008735
2008-03-27,9.68,9.68,8.9,9.09,10394.82,9558.193,0.012119
2008-03-28,8.65,9.3,8.65,9.25,8203.6,7465.815,0.009564
2008-03-31,9.05,9.17,8.8,8.88,5799.7,5196.255,0.006762000000000001
2008-04-01,8.8,9.0,7.99,7.99,8639.56,7161.219,0.010072000000000001
2008-04-02,8.21,8.28,7.22,7.62,11247.71,8601.886,0.013113
2008-04-03,7.48,8.0,7.38,7.99,7702.42,5989.074,0.00898
2008-04-07,7.9,8.48,7.61,8.39,9595.74,7934.991,0.011187
2008-04-08,8.6,8.6,8.23,8.39,7560.8,6369.797,0.008815
2008-04-09,8.3,8.37,7.75,7.78,7935.6,6402.607,0.009252
2008-04-10,7.51,7.98,7.51,7.87,7633.0,5904.764,0.008899
2008-04-11,7.99,8.27,7.9,8.26,9783.95,7907.653,0.011407
2008-04-14,8.0,8.15,7.6,7.7,7071.18,5528.417,0.008244
2008-04-15,7.48,7.65,6.93,7.47,23603.13,16872.471,0.027517999999999997
2008-04-16,7.28,7.3,6.86,6.98,11325.89,8036.639,0.013204
2008-04-17,6.98,7.15,6.38,6.6,9228.7,6178.964,0.010759000000000001
2008-04-18,6.6,6.69,6.0,6.12,6623.79,4197.536,0.007722
2008-04-21,6.6,6.69,5.94,6.0,7278.47,4582.866,0.008486
2008-04-22,5.97,5.98,5.61,5.89,6240.56,3629.375,0.007276
2008-04-23,5.8,6.19,5.8,6.18,7224.59,4389.157,0.008423
2008-04-24,6.79,6.8,6.5,6.8,20871.32,14004.103,0.024333
2008-04-25,6.8,7.1,6.68,6.79,17820.3,12186.603,0.020776
2008-04-28,6.7,6.9,6.62,6.71,9412.52,6367.163,0.010974
2008-04-29,6.7,6.9,6.56,6.83,13537.4,9048.127,0.015783000000000002
2008-04-30,6.88,7.0,6.67,6.98,20470.3,14071.167,0.023864999999999997
2008-05-05,7.1,7.27,6.99,7.2,17057.28,12181.092,0.019886
2008-05-06,7.2,7.27,7.01,7.14,14876.09,10610.253,0.017343
2008-05-07,7.14,7.14,6.58,6.68,12555.52,8697.977,0.014638
2008-05-08,6.59,6.85,6.48,6.84,10892.17,7258.01,0.012699
2008-05-09,6.89,7.13,6.79,7.12,20240.66,14158.08,0.023597999999999997
2008-05-12,7.17,7.47,7.0,7.42,29775.73,21836.533,0.034714
2008-05-13,7.1,7.85,7.04,7.8,45710.51,35039.251,0.053292
2008-05-14,7.81,7.99,7.52,7.72,30159.86,23207.119,0.035162
2008-05-15,7.7,7.7,7.43,7.48,17512.35,13178.19,0.020417
2008-05-16,7.45,7.55,6.93,7.21,14721.3,10763.379,0.017162999999999998
2008-05-19,7.16,7.34,7.05,7.22,8654.63,6254.05,0.010089999999999998
2008-05-20,7.34,7.37,6.58,6.62,8094.0,5675.931,0.009436
2008-05-22,6.91,7.28,6.82,7.28,15303.16,10912.434,0.017841
2008-05-23,7.47,7.7,7.01,7.18,31464.35,23334.714,0.036683
2008-05-26,7.02,7.02,6.58,6.59,15622.8,10541.855,0.018213999999999998
2008-05-27,6.55,6.69,6.5,6.66,7736.58,5101.281,0.00902
2008-05-28,6.66,6.92,6.5,6.8,5720.09,3855.224,0.0066690000000000004
2008-05-29,6.78,6.87,6.57,6.57,5603.19,3771.064,0.006533
2008-05-30,6.7,6.7,6.55,6.64,7179.52,4747.166,0.008369999999999999
2008-06-02,6.63,6.82,6.61,6.75,5466.73,3684.792,0.006373
2008-06-03,6.71,6.75,6.59,6.74,5013.08,3337.865,0.005845
2008-06-04,6.74,6.76,6.4,6.51,5682.73,3716.57,0.006625
2008-06-05,6.64,6.92,6.51,6.76,15845.38,10765.33,0.018473
2008-06-06,6.73,6.75,6.5,6.72,8654.01,5709.417,0.010088999999999999
2008-06-10,6.26,6.43,6.05,6.05,7469.54,4585.878,0.008708
2008-06-11,5.8,6.0,5.45,5.9,14701.82,8403.892,0.01714
2008-06-12,5.94,6.19,5.73,6.12,13114.4,7821.946,0.01529
2008-06-13,6.02,6.14,5.72,5.88,5824.11,3449.206,0.006790000000000001
2008-06-16,5.8,5.82,5.3,5.58,7840.02,4353.127,0.00914
2008-06-17,5.46,5.6,5.17,5.3,7312.51,3931.514,0.008525
2008-06-18,5.01,5.62,5.01,5.6,9280.61,5021.297,0.010083
2008-06-19,5.85,6.15,5.51,5.7,55571.64,32751.01,0.060373
2008-06-20,5.65,5.9,5.13,5.49,55682.63,29719.704,0.060494000000000006
2008-06-23,5.18,5.27,4.94,5.0,24695.09,12505.234,0.026829000000000002
2008-06-24,5.0,5.06,4.8,5.03,14244.13,7083.667,0.015475000000000001
2008-06-25,5.03,5.34,4.96,5.27,16501.58,8561.659,0.017927
2008-06-26,5.22,5.43,5.19,5.35,15486.79,8215.85,0.016825
2008-06-27,5.2,5.25,4.82,4.88,14140.22,7027.956,0.015362
2008-06-30,4.75,4.97,4.75,4.85,5242.0,2550.413,0.005695
2008-07-01,4.82,4.97,4.59,4.71,5323.79,2536.921,0.005784
2008-07-02,4.75,4.87,4.68,4.74,5013.98,2388.129,0.005447
2008-07-03,4.63,4.96,4.56,4.89,7932.74,3855.695,0.008618
2008-07-04,4.81,5.0,4.81,4.91,7393.98,3639.312,0.008033
2008-07-07,4.99,5.18,4.9,5.16,12304.67,6238.051,0.013368
2008-07-08,5.18,5.29,5.12,5.23,12342.92,6417.006,0.013408999999999999
2008-07-09,5.22,5.44,5.2,5.39,13510.16,7213.927,0.014678
2008-07-10,5.32,5.58,5.25,5.34,14882.48,8077.386,0.016168000000000002
2008-07-11,5.36,5.39,5.1,5.24,11718.26,6116.717,0.012731
2008-07-14,5.24,5.38,5.15,5.37,8002.96,4240.708,0.008694
2008-07-15,5.37,5.58,5.22,5.23,18630.07,10079.8,0.02024
2008-07-16,5.23,5.25,4.91,4.98,9579.18,4875.311,0.010407
2008-07-17,5.08,5.26,5.0,5.03,7373.82,3788.632,0.008011
2008-07-18,5.07,5.2,4.87,5.18,8377.1,4209.221,0.009101
2008-07-21,5.11,5.37,5.1,5.33,10375.12,5484.888,0.011271999999999999
2008-07-22,5.31,5.54,5.31,5.45,15846.4,8630.066,0.017216
2008-07-23,5.45,5.61,5.31,5.38,11162.29,6104.676,0.012126999999999999
2008-07-24,5.43,5.52,5.36,5.49,11773.16,6419.502,0.01279
2008-07-25,5.48,5.58,5.36,5.54,10388.93,5674.148,0.011287
2008-07-28,5.59,5.95,5.51,5.91,25275.27,14483.158,0.027458999999999997
2008-07-29,5.8,5.83,5.6,5.68,15986.09,9133.37,0.017367
2008-07-30,5.68,5.85,5.5,5.62,10268.01,5818.859,0.011155
2008-07-31,5.64,5.64,5.31,5.32,8597.17,4692.996,0.009340000000000001
2008-08-01,5.28,5.64,5.24,5.56,9904.57,5425.954,0.01076
2008-08-04,5.45,5.66,5.45,5.53,6189.99,3450.341,0.006725
2008-08-05,5.5,5.58,5.4,5.47,5664.31,3109.134,0.006154
2008-08-06,5.44,5.48,5.13,5.22,9468.3,5026.39,0.010286
2008-08-07,5.27,5.44,5.2,5.4,9914.07,5306.999,0.010771
2008-08-08,5.37,5.85,5.31,5.53,46346.83,26029.936,0.050351999999999994
2008-08-11,5.35,5.39,4.98,4.98,18857.0,9476.501,0.020486
2008-08-12,4.57,4.73,4.48,4.48,14027.2,6404.754,0.015239
2008-08-13,4.3,4.47,4.13,4.35,8310.79,3560.343,0.009029
2008-08-14,4.34,4.45,4.21,4.38,5703.3,2475.737,0.006196
2008-08-15,4.39,4.52,4.27,4.37,7361.52,3247.955,0.007998
2008-08-18,4.38,4.38,3.93,3.93,7805.58,3200.121,0.00848
2008-08-19,3.85,3.99,3.85,3.98,6216.79,2437.749,0.006754
2008-08-20,3.95,4.36,3.85,4.29,10187.86,4242.545,0.011068
2008-08-21,4.23,4.36,4.08,4.22,10503.46,4433.114,0.011411
2008-08-22,4.16,4.54,4.16,4.4,16561.04,7258.933,0.017991999999999998
2008-08-25,4.5,4.54,4.31,4.36,9289.38,4124.221,0.010092
2008-08-26,4.31,4.34,3.95,4.04,6177.15,2528.843,0.006711
2008-08-27,3.97,4.44,3.91,4.44,28180.24,12246.786,0.030615
2008-08-28,4.39,4.5,4.2,4.38,18654.13,8139.366,0.020266000000000003
2008-08-29,4.3,4.52,4.23,4.46,20233.44,8906.216,0.021981999999999998
2008-09-01,4.43,4.46,4.1,4.27,8508.0,3641.741,0.009243
2008-09-02,4.28,4.32,4.08,4.3,9454.3,3979.453,0.010270999999999999
2008-09-03,4.3,4.4,4.13,4.24,8800.49,3733.9,0.009561
2008-09-04,4.25,4.32,4.18,4.28,7353.0,3128.671,0.007988
2008-09-05,4.24,4.54,4.04,4.43,30655.31,13509.127,0.033304
2008-09-08,4.36,4.87,4.28,4.55,53300.63,24774.792,0.057906000000000006
2008-09-09,4.5,4.83,4.3,4.73,40418.45,18655.707,0.043911
2008-09-10,4.65,5.2,4.56,5.1,83850.87,42199.648,0.09109600000000001
2008-09-11,4.98,5.22,4.86,4.89,62562.08,31515.562,0.067968
2008-09-12,4.84,4.98,4.64,4.66,29745.46,14175.807,0.032316
2008-09-16,4.5,4.65,4.19,4.19,38758.06,17039.399,0.042107
2008-09-17,4.09,4.21,3.91,4.14,22468.99,9153.361,0.024409999999999998
2008-09-18,4.03,4.03,3.73,3.94,23868.47,9186.051,0.025931000000000003
2008-09-19,4.27,4.33,4.17,4.33,23487.89,10063.047,0.025516999999999998
2008-09-22,4.61,4.76,4.25,4.41,42747.21,19272.597,0.046440999999999996
2008-09-23,4.29,4.29,4.02,4.03,20753.46,8538.657,0.022547
2008-09-24,3.9,4.24,3.8,4.22,12215.58,4994.454,0.013271
2008-09-25,4.2,4.41,4.14,4.28,24464.57,10374.361,0.026578
2008-09-26,4.29,4.29,4.1,4.21,13720.78,5759.155,0.014905999999999999
2008-10-06,4.22,4.24,4.0,4.03,7500.15,3053.765,0.008147999999999999
2008-10-07,3.73,4.1,3.73,4.06,7878.6,3133.478,0.008559
2008-10-08,3.96,4.04,3.9,3.95,5334.01,2120.977,0.005795
2008-10-09,4.04,4.05,3.9,3.91,4759.17,1879.647,0.00517
2008-10-10,3.84,3.84,3.52,3.53,9496.45,3445.597,0.010317
2008-10-13,3.51,3.59,3.21,3.49,9087.6,3055.238,0.009873
2008-10-14,3.58,3.65,3.38,3.38,7793.52,2755.985,0.008467
2008-10-15,3.31,3.43,3.25,3.36,3965.2,1325.422,0.004308
2008-10-16,3.3,3.35,3.02,3.06,7662.31,2436.621,0.008324
2008-10-17,3.09,3.16,2.99,3.15,8278.76,2575.63,0.008994
2008-10-20,3.17,3.26,3.1,3.25,4901.5,1566.872,0.005325
2008-10-21,3.26,3.35,3.19,3.25,8340.47,2720.889,0.009061
2008-10-22,3.29,3.36,3.19,3.21,6385.98,2086.654,0.006938
2008-10-23,3.1,3.2,3.01,3.18,3957.48,1242.316,0.004299
2008-10-24,3.24,3.24,3.11,3.15,3359.93,1066.427,0.00365
2008-10-27,3.1,3.11,2.84,2.85,9367.56,2752.182,0.010177
2008-10-28,2.73,3.0,2.7,2.91,5965.01,1691.181,0.0064800000000000005
2008-10-29,2.94,2.99,2.75,2.76,4354.86,1241.666,0.004731
2008-10-30,2.8,2.85,2.71,2.79,3455.32,969.107,0.003754
2008-10-31,2.84,3.07,2.79,3.07,17162.77,5160.065,0.018646
2008-11-03,3.08,3.16,3.0,3.01,18428.51,5647.414,0.020021
2008-11-04,3.01,3.03,2.71,2.84,13294.56,3737.666,0.014443
2008-11-05,2.78,3.12,2.78,3.12,23080.77,6993.876,0.025075
2008-11-06,3.0,3.15,2.98,3.07,21668.45,6605.714,0.023541
2008-11-07,3.0,3.14,2.94,3.11,16463.9,5028.35,0.017886
2008-11-10,3.25,3.31,3.13,3.29,23449.37,7582.107,0.025476000000000002
2008-11-11,3.27,3.29,3.16,3.18,16103.11,5178.161,0.017495
2008-11-12,3.16,3.25,3.16,3.25,10605.55,3402.811,0.011522
2008-11-13,3.22,3.41,3.19,3.33,16628.95,5539.76,0.018066
2008-11-14,3.35,3.56,3.32,3.51,24328.32,8345.593,0.02643
2008-11-17,3.5,3.69,3.43,3.67,20830.59,7392.639,0.022629999999999997
2008-11-18,3.64,3.65,3.3,3.3,22572.27,7755.856,0.024523000000000003
2008-11-19,3.24,3.51,3.24,3.48,12565.95,4276.803,0.013652
2008-11-20,3.4,3.65,3.33,3.57,18854.29,6703.793,0.020482999999999998
2008-11-21,3.45,3.64,3.22,3.53,21817.82,7473.675,0.023703
2008-11-24,3.47,3.88,3.47,3.68,50725.83,18823.691,0.055109000000000005
2008-11-25,3.73,3.77,3.4,3.57,16260.94,5803.835,0.017666
2008-11-26,3.51,3.66,3.45,3.48,15359.75,5476.202,0.016687
2008-11-27,3.69,3.75,3.5,3.53,25052.7,9072.429,0.027216999999999998
2008-11-28,3.53,3.68,3.33,3.57,14817.02,5104.606,0.016097
2008-12-01,3.48,3.93,3.47,3.93,44159.13,16798.901,0.047975000000000004
2008-12-02,3.79,3.96,3.77,3.82,33761.21,12987.644,0.036678
2008-12-03,3.89,4.0,3.8,3.91,28258.54,10999.401,0.030699999999999998
2008-12-04,3.92,4.09,3.9,3.94,34150.34,13620.436,0.037101
2008-12-05,4.05,4.33,3.94,4.33,60371.96,25977.666,0.06558900000000001
2008-12-22,4.76,4.76,4.76,4.76,1377.0,655.452,0.0014960000000000002
2008-12-23,5.24,5.24,5.24,5.24,4261.77,2233.167,0.0046300000000000004
2008-12-24,5.76,5.76,5.28,5.57,153436.95,85819.453,0.16669499999999998
2008-12-25,5.35,5.55,5.01,5.08,85847.45,44480.872,0.09326499999999999
2008-12-26,5.21,5.21,4.79,4.93,49014.77,24298.661,0.05325
2008-12-29,4.85,5.04,4.72,4.93,36411.49,17807.915,0.039558
2008-12-30,4.93,4.95,4.66,4.8,36084.57,17427.461,0.039203
2008-12-31,4.8,4.88,4.46,4.49,40324.59,18848.339,0.043808999999999994
2009-01-05,4.54,4.87,4.49,4.83,32999.18,15404.367,0.035851
2009-01-06,4.82,5.08,4.69,5.02,59185.56,28996.349,0.0643
2009-01-07,5.01,5.01,4.82,4.89,40910.58,20057.453,0.044446000000000006
2009-01-08,4.8,5.12,4.72,4.83,31208.67,15492.553,0.033905
2009-01-09,4.89,4.99,4.81,4.97,17674.19,8684.286,0.019201
2009-01-12,4.98,5.09,4.87,5.01,22035.0,11038.891,0.023939
2009-01-13,4.95,5.08,4.77,4.81,17992.71,8811.092,0.019547000000000002
2009-01-14,4.81,4.99,4.76,4.95,13295.81,6510.065,0.014445
2009-01-15,4.99,5.45,4.89,5.25,66631.69,35375.887,0.072389
2009-01-16,5.11,5.34,5.08,5.16,29003.35,15134.129,0.031509
2009-01-19,5.14,5.22,5.07,5.11,18671.74,9582.228,0.020285
2009-01-20,5.12,5.18,5.01,5.14,10151.48,5153.69,0.011029
2009-01-21,5.1,5.17,5.02,5.08,11771.48,6018.747,0.012789
2009-01-22,5.09,5.25,5.09,5.15,18192.43,9446.137,0.019764
2009-01-23,5.23,5.23,5.1,5.13,10942.75,5626.982,0.011888000000000001
2009-02-02,5.18,5.21,5.1,5.21,13492.85,6961.678,0.014659
2009-02-03,5.26,5.38,5.18,5.3,22534.3,11974.738,0.024481000000000003
2009-02-04,5.35,5.44,5.31,5.38,26817.08,14402.159,0.029134000000000004
2009-02-05,5.4,5.89,5.35,5.46,51084.07,28701.004,0.055498000000000006
2009-02-06,5.49,5.74,5.49,5.66,30024.19,16889.547,0.032618
2009-02-10,5.76,6.23,5.68,6.23,96587.27,58799.695,0.104933
2009-02-11,6.23,6.51,6.01,6.08,91402.46,57167.79,0.0993
2009-02-12,6.1,6.2,5.71,5.96,50984.93,30061.382,0.055389999999999995
2009-02-13,5.91,6.16,5.91,6.07,33014.04,19913.556,0.035867
2009-02-16,6.05,6.39,5.93,6.35,46376.83,28314.3,0.050384000000000005
2009-02-17,6.27,6.28,5.96,5.97,29988.02,18322.86,0.032579
2009-02-18,5.81,5.95,5.52,5.53,25315.57,14477.588,0.027503000000000003
2009-02-19,5.55,5.7,5.4,5.63,24977.12,13929.282,0.027135
2009-02-20,5.63,5.95,5.57,5.9,30235.63,17480.376,0.032848
2009-02-23,5.88,6.06,5.8,6.0,22974.98,13676.512,0.02496
2009-02-24,5.96,5.98,5.5,5.61,26255.93,15123.616,0.028525000000000002
2009-02-25,5.67,5.73,5.41,5.68,20716.04,11558.752,0.022505999999999998
2009-02-26,5.67,5.97,5.4,5.49,29920.1,17230.98,0.032505
2009-02-27,5.41,5.55,5.0,5.02,18799.46,9817.426,0.020424
2009-03-02,5.02,5.19,4.93,5.17,9403.65,4831.031,0.010216000000000001
2009-03-03,5.0,5.32,4.97,5.23,13299.67,6928.914,0.014449
2009-03-04,5.23,5.49,5.2,5.46,17994.44,9667.842,0.019549
2009-03-05,5.48,5.64,5.35,5.48,20550.81,11253.246,0.022327
2009-03-06,5.47,5.5,5.36,5.44,9203.37,4992.122,0.009999000000000001
2009-03-09,5.38,5.54,5.24,5.48,13657.64,7373.778,0.014838
2009-03-10,5.5,6.03,5.41,5.98,47818.26,28017.151,0.05195
2009-03-11,6.0,6.04,5.73,5.79,35129.74,20676.91,0.038165
2009-03-12,5.71,6.01,5.71,5.95,29416.74,17391.53,0.031959
2009-03-13,5.99,5.99,5.7,5.75,17651.48,10280.726,0.019177
2009-03-16,5.66,5.8,5.65,5.74,10315.28,5892.992,0.011207
2009-03-17,5.75,6.0,5.75,5.94,19005.82,11272.455,0.020648
2009-03-18,5.94,6.08,5.85,6.04,28732.37,17136.893,0.031215000000000003
2009-03-19,5.98,6.19,5.94,6.02,33900.37,20518.975,0.03683
2009-03-20,6.0,6.02,5.76,5.91,29693.4,17371.2,0.032259
2009-03-23,5.99,6.41,5.96,6.19,42946.92,26751.964,0.046658
2009-03-24,6.2,6.24,6.0,6.15,28321.2,17249.91,0.030768
2009-03-25,6.14,6.14,5.91,5.93,17616.22,10578.278,0.019138
2009-03-26,5.93,6.1,5.9,6.06,19279.73,11562.693,0.020946
2009-03-27,6.1,6.17,6.01,6.04,15643.74,9482.671,0.016995
2009-03-30,6.1,6.1,5.94,6.05,14754.48,8855.042,0.016029
2009-03-31,6.0,6.35,5.92,6.34,41294.29,25605.133,0.044862
2009-04-01,6.31,6.32,6.16,6.24,42468.38,26465.7,0.046138000000000005
2009-04-02,6.26,6.58,6.23,6.32,45173.03,29021.53,0.049076
2009-04-03,6.3,6.46,6.06,6.27,32066.35,20055.042,0.034837
2009-04-07,6.26,6.64,6.22,6.3,20468.59,13000.645,0.022237
2009-04-08,6.28,6.37,6.16,6.19,22413.0,14086.151,0.02435
2009-04-09,6.19,6.38,6.12,6.36,20760.96,12936.023,0.022555000000000002
2009-04-10,6.34,6.57,6.31,6.5,43294.11,28189.192,0.047035
2009-04-13,6.59,6.66,6.43,6.56,28499.55,18595.674,0.030962
2009-04-14,6.62,6.62,6.4,6.5,35049.35,22775.188,0.038078
2009-04-15,6.48,6.87,6.38,6.77,45653.53,29973.869,0.049598
2009-04-16,6.8,7.16,6.55,7.01,54380.8,37345.056,0.05908
2009-04-17,6.91,7.25,6.81,6.91,62108.14,43946.873,0.067475
2009-04-20,6.91,7.07,6.82,6.97,29849.63,20724.014,0.032429
2009-04-21,6.89,7.1,6.67,6.79,28893.38,19823.003,0.03139
2009-04-22,6.78,6.87,6.38,6.4,29010.41,19231.752,0.031516999999999996
2009-04-23,6.39,6.45,6.23,6.36,17387.88,10994.128,0.01889
2009-04-24,6.43,6.65,6.3,6.49,20273.6,13090.431,0.022025000000000003
2009-04-27,6.39,6.54,6.12,6.15,14524.06,9106.66,0.015779
2009-04-28,6.14,6.37,6.12,6.35,17625.42,11046.696,0.019148000000000002
2009-04-29,6.38,6.46,6.26,6.41,16432.82,10480.17,0.017853
2009-04-30,6.42,6.65,6.42,6.5,21702.71,14177.275,0.023578
2009-05-04,6.51,6.73,6.51,6.67,26989.52,17943.763,0.029322
2009-05-05,6.71,6.95,6.64,6.89,40278.97,27534.874,0.043759
2009-05-06,6.91,7.0,6.8,6.86,30489.75,20977.772,0.033124
2009-05-07,6.93,7.23,6.91,7.0,47866.87,33743.079,0.052003
2009-05-08,6.94,7.14,6.86,7.0,32555.48,22799.765,0.035368
2009-05-11,7.08,7.7,7.0,7.7,89423.15,66975.645,0.09715
2009-05-12,7.62,7.62,7.25,7.5,105468.84,78828.72,0.114582
2009-05-13,7.47,8.25,7.38,8.25,100967.28,81114.655,0.10969200000000001
2009-05-14,8.3,9.08,8.25,8.61,169815.17,149311.857,0.18448799999999999
2009-05-15,8.41,9.4,8.34,9.23,136632.57,123449.994,0.148439
2009-05-18,9.0,9.4,8.7,9.09,72170.01,65184.803,0.078406
2009-05-19,9.2,9.29,8.9,9.16,81925.61,74344.966,0.08900499999999999
2009-05-20,9.05,9.05,8.52,8.6,76289.71,67441.215,0.082882
2009-05-22,8.4,8.77,8.28,8.4,57046.82,48231.706,0.061976
2009-05-25,8.19,8.3,7.92,8.22,40175.23,32643.629,0.043647
2009-05-26,8.28,8.49,8.1,8.14,33814.34,28196.944,0.036736
2009-05-27,8.08,8.32,8.08,8.29,21375.01,17555.477,0.023222
2009-06-01,8.32,9.12,8.32,9.12,74794.59,67238.862,0.081257
2009-06-02,9.3,10.03,9.18,10.03,139903.12,137339.134,0.151992
2009-06-03,10.21,10.23,9.75,10.07,85897.49,85191.822,0.09332000000000001
2009-06-04,9.84,11.08,9.84,11.08,132846.71,142708.656,0.144326
2009-06-05,10.87,11.36,10.45,10.52,122722.45,134055.592,0.133326
2009-06-08,10.45,10.5,10.03,10.11,61498.24,62709.251,0.066812
2009-06-09,10.11,11.05,10.01,10.63,82248.7,87401.976,0.089356
2009-06-10,10.52,10.55,10.11,10.3,46528.3,47809.727,0.050549
2009-06-11,10.28,10.49,10.1,10.17,32646.76,33436.999,0.035468
2009-06-12,10.13,10.49,10.11,10.21,37740.19,38881.592,0.041001
2009-06-16,10.4,11.1,10.25,10.6,63154.81,67972.713,0.068612
2009-06-17,10.38,10.71,10.1,10.45,43548.97,45148.351,0.047312
2009-06-18,10.6,10.6,10.3,10.4,28803.48,30004.982,0.021821
2009-06-19,10.39,10.4,10.12,10.25,29001.92,29650.546,0.021970999999999997
2009-06-22,10.23,10.45,10.16,10.22,19688.87,20230.675,0.014916
2009-06-23,10.22,10.22,9.91,9.98,26303.2,26336.178,0.019927
2009-06-24,9.94,10.1,9.9,10.1,19608.24,19646.942,0.014855
2009-06-25,10.13,10.68,10.13,10.38,43847.21,45820.317,0.033218
2009-06-26,10.31,10.48,10.13,10.3,26193.23,26883.622,0.019843
2009-06-29,10.39,10.42,10.16,10.21,20837.01,21300.807,0.015786
2009-06-30,10.22,10.29,10.0,10.04,20958.34,21127.831,0.015878
2009-07-01,10.0,10.29,9.92,10.05,26931.17,27162.61,0.020402
2009-07-02,10.02,10.2,10.0,10.13,18430.92,18562.881,0.013963000000000001
2009-07-03,10.0,10.55,10.0,10.4,45605.43,47137.059,0.03455
2009-07-06,10.3,10.38,10.11,10.17,27604.08,28183.794,0.020912
2009-07-07,10.15,10.28,9.98,10.11,21103.69,21344.644,0.015988
2009-07-08,10.12,10.7,10.12,10.56,47661.39,49688.591,0.036107
2009-07-09,10.5,10.87,10.39,10.69,45778.38,48822.897,0.034681000000000003
2009-07-10,10.66,10.75,10.39,10.45,31109.38,32741.943,0.023568
2009-07-13,10.49,10.63,10.23,10.47,32215.89,33514.121,0.024405999999999997
2009-07-14,10.47,11.2,10.35,11.13,59162.03,64029.025,0.04482
2009-07-15,11.25,12.19,11.18,11.83,98060.07,114482.751,0.07428799999999999
2009-07-16,11.85,12.07,11.45,11.68,63359.57,74122.958,0.048
2009-07-20,11.7,11.9,11.46,11.71,35976.19,41930.664,0.027254999999999998
2009-07-21,11.71,11.71,10.98,10.99,41831.78,47174.656,0.031691
2009-07-22,10.92,11.3,10.83,11.07,24621.76,27259.394,0.018653
2009-07-23,11.05,11.25,10.92,11.08,21665.58,23995.127,0.016413
2009-07-24,11.1,11.61,11.1,11.27,39522.99,44940.074,0.029942000000000003
2009-07-27,11.26,11.26,11.01,11.19,29349.54,32624.098,0.022235
2009-07-28,11.1,11.32,10.99,11.26,25962.87,28913.317,0.019669000000000002
2009-07-29,11.26,11.26,10.15,10.21,39936.33,42795.151,0.030255
2009-07-30,10.23,10.49,9.74,10.0,27623.38,27745.084,0.020926999999999998
2009-07-31,10.12,10.31,9.99,10.26,25362.4,25782.951,0.019214
2009-08-03,10.26,10.41,10.05,10.39,32364.57,33095.229,0.024519000000000003
2009-08-04,10.4,10.4,10.15,10.28,21842.89,22386.173,0.016548
2009-08-05,10.24,10.54,10.15,10.41,24769.1,25638.403,0.018764
2009-08-06,10.41,11.45,10.31,11.29,78869.59,86647.355,0.05975
2009-08-07,11.06,11.22,10.4,10.47,46812.56,50440.622,0.035464
2009-08-10,10.41,10.68,10.16,10.27,20518.33,21269.403,0.015544
2009-08-11,10.25,10.79,10.25,10.69,27696.71,29363.379,0.020981999999999997
2009-08-12,10.57,10.71,10.05,10.19,18576.61,19219.828,0.014073
2009-08-13,10.15,10.3,9.91,10.01,22204.32,22299.052,0.016821
2009-08-14,9.99,10.08,9.15,9.23,23158.12,22145.377,0.017544
2009-08-17,9.1,9.19,8.4,8.45,19713.61,17420.274,0.014935
2009-08-18,8.41,8.96,8.41,8.95,14113.88,12247.839,0.010692
2009-08-19,9.07,9.6,8.85,8.9,25093.87,23083.986,0.019011
2009-08-20,8.88,9.65,8.88,9.38,22073.89,20629.412,0.016723
2009-08-24,9.68,9.76,9.3,9.56,18306.85,17581.33,0.013869
2009-08-25,9.51,9.51,8.93,9.23,16483.59,15086.839,0.012487999999999999
2009-08-26,9.3,9.47,9.06,9.39,13090.68,12293.435,0.009917
2009-08-27,9.48,9.76,9.22,9.62,16790.54,16143.987,0.01272
2009-08-28,9.52,10.21,9.27,10.06,35191.18,34450.965,0.02666
2009-08-31,10.06,10.06,9.36,9.36,27284.82,26393.175,0.02067
2009-09-01,9.29,9.54,9.12,9.24,13283.99,12372.704,0.010064
2009-09-02,9.2,9.3,8.68,8.84,17370.9,15522.196,0.01316
2009-09-03,8.81,9.26,8.81,9.22,10639.87,9713.667,0.008061
2009-09-04,9.15,9.97,9.15,9.96,24973.49,24026.543,0.018919
2009-09-07,9.89,10.39,9.79,9.94,39290.49,39615.051,0.029766
2009-09-08,9.77,9.88,9.46,9.79,21289.16,20606.141,0.016128
2009-09-09,9.75,10.13,9.7,10.03,23202.28,22920.653,0.017577
2009-09-10,9.96,10.22,9.75,10.05,21711.0,21722.292,0.016448
2009-09-11,9.98,10.25,9.86,10.05,20807.08,21034.861,0.015763
2009-09-14,10.0,10.3,9.94,10.22,26944.38,27324.606,0.020412
2009-09-15,10.22,10.56,10.19,10.39,36002.41,37417.391,0.027275
2009-09-16,10.4,10.83,10.31,10.76,55926.41,59346.809,0.042367999999999996
2009-09-17,10.72,10.95,10.57,10.81,47763.3,51466.102,0.036184
2009-09-18,10.82,10.89,10.0,10.23,35500.93,37296.033,0.026895
2009-09-21,10.02,10.35,9.87,10.34,20969.02,21182.99,0.015886
2009-09-22,10.3,10.45,10.1,10.19,13330.9,13642.462,0.010099
2009-09-23,10.15,10.44,9.9,10.36,24729.63,25076.839,0.018734999999999998
2009-09-24,10.33,10.35,9.91,10.13,17149.73,17336.078,0.012991999999999998
2009-09-25,10.13,10.55,9.93,10.44,38421.39,39800.258,0.029106999999999997
2009-09-28,10.5,10.85,10.4,10.8,67127.94,71619.898,0.050855
2009-09-29,10.69,10.75,9.98,9.98,39644.06,40764.788,0.030032999999999997
2009-09-30,10.05,10.18,9.46,9.56,25463.55,24948.84,0.019291
2009-10-09,9.7,9.96,9.63,9.92,13222.59,12993.779,0.010017
2009-10-12,9.82,10.05,9.8,9.95,14350.89,14242.833,0.010872
2009-10-13,9.87,9.96,9.61,9.95,22759.96,22245.253,0.017242
2009-10-14,9.93,10.5,9.77,10.49,47615.03,48735.815,0.036072
2009-10-15,10.63,11.1,10.32,10.88,76375.28,81694.087,0.057859999999999995
2009-10-19,10.7,11.06,10.45,11.04,66834.68,71901.007,0.050632
2009-10-20,11.0,11.14,10.8,10.88,48910.83,53471.971,0.037054000000000004
2009-10-21,10.86,11.02,10.52,10.59,39303.92,42369.618,0.029775999999999997
2009-10-22,10.61,10.91,10.56,10.69,25058.16,26943.272,0.018983
2009-10-23,10.7,10.86,10.56,10.69,22388.82,23968.336,0.016961
2009-10-26,10.8,10.85,10.62,10.8,24747.06,26635.151,0.018748
2009-10-27,10.78,10.8,10.17,10.25,28207.38,29397.043,0.021369
2009-10-28,10.21,10.33,10.01,10.18,15277.65,15507.109,0.011574
2009-10-29,10.08,10.17,9.9,10.09,15513.26,15558.283,0.011752
2009-10-30,10.11,10.2,9.93,9.98,26511.52,26653.386,0.020084
2009-11-02,9.53,10.38,9.53,10.27,29205.17,29263.121,0.022125
2009-11-03,10.2,10.38,10.14,10.31,24761.77,25432.769,0.018758999999999998
2009-11-04,10.33,10.67,10.17,10.6,42346.35,44236.203,0.032081
2009-11-05,10.6,10.63,10.35,10.56,26300.91,27652.744,0.019925
2009-11-06,10.56,10.62,10.4,10.52,32413.44,34033.957,0.024556
2009-11-09,10.52,10.79,10.43,10.73,35667.1,37868.449,0.027021000000000003
2009-11-10,10.66,10.78,10.51,10.55,35448.7,37659.434,0.026855000000000004
2009-11-11,10.4,10.42,10.26,10.32,27416.85,28378.574,0.02077
2009-11-12,10.33,10.47,10.23,10.25,30982.45,31942.54,0.023472
2009-11-13,10.25,10.33,10.15,10.3,22866.06,23410.665,0.017322999999999998
2009-11-16,10.33,10.59,10.26,10.59,53559.6,55953.266,0.040575
2009-11-17,10.61,10.77,10.5,10.74,58608.27,62514.053,0.0444
2009-11-18,10.8,10.83,10.53,10.76,44956.54,47996.098,0.034058000000000005
2009-11-19,10.78,11.35,10.68,11.27,103929.61,115708.397,0.078735
2009-11-20,11.2,11.75,11.12,11.41,90521.57,103935.332,0.068577
2009-11-23,11.5,11.55,11.3,11.41,53143.48,60585.4,0.04026
2009-11-24,11.5,11.56,10.61,10.71,53348.82,59696.63,0.040416
2009-11-25,10.69,11.14,10.5,11.12,42493.23,45732.269,0.032192
2009-11-26,11.56,11.56,10.85,11.22,69273.23,77635.495,0.05248
2009-11-27,11.0,12.34,10.91,12.21,239685.49,289664.706,0.18158000000000002
2009-11-30,12.5,12.88,12.08,12.63,171737.82,214861.025,0.130104
2009-12-01,12.43,13.42,12.2,13.13,125274.28,160013.468,0.094905
2009-12-02,13.0,13.38,12.8,12.97,79043.09,102809.773,0.059881000000000004
2009-12-03,12.95,13.34,12.6,13.0,57620.49,74173.39,0.043651999999999996
2009-12-04,12.98,12.98,12.04,12.19,70470.76,87866.069,0.053387000000000004
2009-12-07,12.15,12.79,12.12,12.62,43865.45,55247.094,0.033231000000000004
2009-12-08,12.53,12.76,12.22,12.47,30318.17,37690.837,0.022968000000000002
2009-12-09,12.4,13.4,12.27,12.84,78612.43,101799.932,0.059555
2009-12-10,12.78,13.0,12.25,12.38,45822.28,57226.011,0.034714
2009-12-11,12.37,12.52,12.2,12.22,24301.8,29911.592,0.01841
2009-12-14,12.38,12.97,12.23,12.71,55619.26,70239.885,0.04213599999999999
2009-12-15,12.61,12.8,12.35,12.65,28204.99,35576.461,0.021366999999999997
2009-12-16,12.5,12.84,12.38,12.46,27000.64,34005.667,0.020455
2009-12-17,12.35,12.6,11.89,11.9,29788.07,36470.922,0.022567
2009-12-18,11.9,11.9,11.0,11.08,32096.19,36213.978,0.024315000000000003
2009-12-22,11.21,11.38,10.68,10.93,21007.91,23138.917,0.015915
2009-12-23,10.93,11.21,10.61,11.05,15145.35,16665.729,0.011474
2009-12-24,11.02,11.35,10.66,11.26,23036.7,25723.635,0.017452000000000002
2009-12-25,11.35,11.43,11.19,11.27,17923.23,20256.33,0.013578
2009-12-28,11.36,11.6,11.25,11.41,16912.83,19285.015,0.012813000000000001
2009-12-29,11.41,11.54,11.23,11.46,16052.22,18281.902,0.012161
2009-12-30,11.47,11.5,11.19,11.25,18313.7,20717.829,0.013874
2009-12-31,11.25,11.45,11.25,11.4,16923.36,19225.709,0.012821
2010-01-04,11.49,11.5,11.22,11.26,16949.0,19188.428,0.01284
2010-01-05,11.3,11.39,11.11,11.38,19023.67,21414.567,0.014412000000000001
2010-01-06,11.36,11.61,11.13,11.47,30052.99,34286.497,0.022767
2010-01-07,11.4,11.5,10.98,11.0,26647.59,29873.486,0.020188
2010-01-08,11.08,11.13,10.85,11.1,16181.31,17792.679,0.012258999999999999
2010-01-11,11.1,11.19,10.86,10.9,19002.71,20776.078,0.014395999999999999
2010-01-12,10.68,11.09,10.68,11.06,29833.13,32562.348,0.022601
2010-01-13,10.88,10.95,10.7,10.8,22318.09,24120.743,0.016908
2010-01-14,10.81,11.02,10.74,10.99,27042.45,29416.262,0.020487000000000002
2010-01-15,10.96,11.38,10.91,11.07,40620.91,45343.886,0.030773000000000002
2010-01-18,11.04,11.36,10.98,11.17,35099.32,39331.888,0.02659
2010-01-19,11.16,12.11,11.09,12.09,82434.3,95917.832,0.06245
2010-01-20,12.09,12.09,11.51,11.63,65856.68,77728.201,0.049891
2010-01-21,11.51,11.7,11.32,11.56,24986.21,28605.286,0.018929
2010-01-22,11.5,11.5,10.78,11.02,27549.78,30626.669,0.020871
2010-01-25,10.9,11.1,10.7,10.8,11670.22,12689.858,0.008841
2010-01-26,10.81,10.98,9.93,10.0,37419.64,38428.77,0.028347999999999998
2010-01-27,10.15,10.15,9.53,9.58,16830.34,16624.559,0.01275
2010-01-28,9.57,9.75,9.45,9.57,18119.93,17374.04,0.013727
2010-01-29,9.61,9.87,9.52,9.73,18416.9,17854.015,0.013951999999999999
2010-02-01,9.75,9.75,9.45,9.5,11806.64,11245.86,0.008944
2010-02-02,9.55,9.68,9.15,9.21,17977.37,16994.711,0.013619000000000001
2010-02-03,9.25,9.55,8.92,9.44,18219.01,16776.6,0.013802000000000002
2010-02-04,9.46,9.9,9.28,9.7,21469.19,20853.704,0.016265
2010-02-05,9.68,9.68,9.3,9.44,13427.43,12674.566,0.010172
2010-02-08,9.44,10.13,9.3,9.94,23011.96,22606.349,0.017433
2010-02-09,9.78,10.0,9.6,9.7,14192.15,13841.287,0.010752
2010-02-10,9.71,9.95,9.65,9.77,8649.13,8429.154,0.006552
2010-02-11,9.83,9.83,9.68,9.71,6884.33,6719.799,0.005215
2010-02-12,9.8,9.88,9.75,9.79,6440.5,6323.675,0.004879
2010-02-22,9.77,9.84,9.72,9.77,6512.43,6357.785,0.004934
2010-02-23,9.87,9.87,9.63,9.78,8165.76,7940.744,0.0061860000000000005
2010-02-24,9.78,10.1,9.7,10.05,15655.76,15576.397,0.011859999999999999
2010-02-25,9.98,10.19,9.98,10.18,15609.15,15780.168,0.011825
2010-02-26,10.21,10.53,10.18,10.36,21468.94,22262.141,0.016264
2010-03-01,10.27,10.46,10.22,10.3,14465.07,14898.538,0.010958
2010-03-02,10.32,10.48,10.26,10.45,18573.11,19285.121,0.014071
2010-03-03,10.53,10.54,10.37,10.45,18253.08,19081.195,0.013828
2010-03-04,10.45,10.67,10.02,10.19,22743.41,23498.998,0.017230000000000002
2010-03-05,10.18,10.65,10.1,10.51,22935.89,23859.608,0.017376
2010-03-08,10.53,11.3,10.53,10.9,64817.91,71079.421,0.049104
2010-03-09,10.8,10.8,10.58,10.64,27241.86,28996.614,0.020638
2010-03-10,10.64,10.64,10.28,10.33,20446.37,21219.866,0.015489999999999999
2010-03-11,10.33,10.47,10.17,10.23,14345.44,14718.645,0.010868
2010-03-12,10.3,10.38,10.16,10.24,11199.34,11479.179,0.008484
2010-03-15,10.23,10.45,9.91,10.44,18467.85,18739.021,0.013991
2010-03-16,10.3,10.51,10.23,10.42,15516.19,16108.932,0.011755
2010-03-17,10.41,10.6,10.3,10.57,22075.98,23151.435,0.016724000000000003
2010-03-18,10.55,10.7,10.5,10.7,28336.39,30083.501,0.021467
2010-03-19,10.78,10.78,10.55,10.69,18014.63,19174.129,0.013647
2010-03-22,10.65,10.98,10.65,10.71,28173.35,30422.762,0.021343
2010-03-23,10.75,10.75,10.46,10.47,17691.75,18730.405,0.013403
2010-03-24,10.43,10.59,10.37,10.47,14167.69,14830.109,0.010733
2010-03-25,10.47,10.64,10.41,10.58,12368.39,13023.698,0.00937
2010-03-26,10.58,10.96,10.58,10.88,34521.32,37302.438,0.026153
2010-03-29,10.84,10.95,10.66,10.83,20579.3,22190.907,0.01559
2010-03-30,10.84,11.18,10.76,11.12,29761.72,32603.604,0.022547
2010-03-31,11.34,11.77,11.18,11.2,96128.51,109681.53,0.072825
2010-04-01,11.05,11.24,10.93,11.15,49281.03,54456.723,0.037334
2010-04-02,11.06,11.1,10.89,10.99,26747.35,29330.258,0.020263
2010-04-06,10.97,11.14,10.83,11.07,26195.52,28803.161,0.019844999999999998
2010-04-07,11.0,11.06,10.94,11.01,16222.52,17820.775,0.01229
2010-04-08,10.98,11.14,10.93,10.97,15471.77,16996.532,0.011720999999999999
2010-04-09,10.97,11.28,10.9,11.15,30585.69,34043.826,0.023171
2010-04-12,11.13,11.39,11.03,11.39,45060.85,50841.354,0.034137
2010-04-13,11.39,11.48,10.25,10.95,40197.59,44472.985,0.030453
2010-04-14,10.9,11.22,10.63,11.18,28709.82,31589.744,0.02175
2010-04-15,11.18,11.18,10.83,10.97,17996.0,19758.085,0.013633
2010-04-16,10.91,11.05,10.75,10.91,12469.46,13588.53,0.009447
2010-04-19,10.67,11.0,10.4,10.5,23853.1,25526.43,0.018071
2010-04-20,10.51,10.6,10.24,10.34,17490.99,18080.506,0.013250999999999999
2010-04-21,10.3,10.64,10.27,10.57,17669.45,18480.266,0.013386
2010-04-22,10.52,10.87,10.45,10.71,24084.96,25853.529,0.018246
2010-04-23,10.66,10.99,10.65,10.72,18196.79,19728.348,0.013785
2010-04-26,10.6,10.7,10.38,10.39,19107.01,20084.265,0.014475
2010-04-27,10.34,10.93,10.0,10.81,56243.05,60024.859,0.042608
2010-04-29,10.27,10.58,10.27,10.27,53505.38,55161.169,0.040534
2010-04-30,9.97,9.97,9.76,9.76,30798.88,30120.711,0.023332000000000002
2010-05-04,9.34,9.9,9.27,9.86,43305.33,41035.714,0.032807
2010-05-06,9.86,10.35,9.79,10.22,54829.48,56320.254,0.041537
2010-05-07,10.01,10.39,10.0,10.13,17375.84,17667.462,0.013164
2010-05-10,10.13,10.2,9.63,9.83,13469.61,13341.064,0.010204
2010-05-11,9.95,10.01,9.36,9.38,13824.71,13317.378,0.010473
2010-05-12,9.15,9.49,8.93,8.97,16125.29,14709.942,0.012216
2010-05-13,8.97,9.14,8.62,9.06,10322.89,9241.483,0.00782
2010-05-14,8.96,9.18,8.95,9.17,5412.75,4925.325,0.0041010000000000005
2010-05-17,9.0,9.17,8.79,8.87,12135.02,10809.734,0.009193
2010-05-18,8.8,9.17,8.8,9.11,7899.11,7128.15,0.005984000000000001
2010-05-19,9.11,9.22,8.95,9.08,5231.34,4753.382,0.0039629999999999995
2010-05-20,9.16,9.2,9.02,9.02,7199.13,6536.396,0.005454
2010-05-24,9.15,9.42,9.15,9.4,8772.45,8203.859,0.006646
2010-05-25,9.44,9.59,9.36,9.46,6858.5,6496.89,0.005195999999999999
2010-05-26,9.43,9.63,9.31,9.47,5387.85,5101.33,0.004082
2010-05-27,9.31,9.63,9.31,9.61,6300.74,6018.295,0.004773
2010-05-28,9.76,9.81,9.56,9.79,7664.48,7436.75,0.005806
2010-05-31,9.79,10.19,9.79,9.82,14940.44,14955.991,0.011319
2010-06-01,9.82,10.14,9.76,10.02,12500.2,12495.343,0.00947
2010-06-02,10.02,10.52,9.99,10.52,34791.37,36460.861,0.026357
2010-06-03,10.65,10.8,10.43,10.43,30257.03,32224.722,0.022921999999999998
2010-06-04,10.35,10.62,10.3,10.56,12715.91,13326.189,0.009633000000000001
2010-06-07,10.56,10.59,10.08,10.2,18205.62,18664.816,0.013792
2010-06-08,10.18,10.29,10.16,10.21,7278.36,7430.581,0.005514
2010-06-09,10.29,10.32,10.2,10.32,7640.44,7846.722,0.005788
2010-06-10,10.32,10.58,10.23,10.48,7065.38,7348.231,0.005353
2010-06-11,10.58,10.82,10.41,10.74,14932.53,15995.543,0.011313
2010-06-17,10.82,10.98,10.76,10.87,14514.12,15796.446,0.010995999999999999
2010-06-18,10.89,11.09,10.81,11.0,16771.81,18385.578,0.012706
2010-06-21,10.99,11.06,10.87,11.03,16928.59,18601.258,0.012825
2010-06-22,11.03,11.55,11.0,11.17,16737.48,18828.24,0.01268
2010-06-23,11.19,11.53,11.15,11.38,14733.92,16790.924,0.011162
2010-06-24,11.37,11.52,11.35,11.42,11504.98,13169.304,0.008716
2010-06-25,11.38,11.49,11.1,11.14,14084.09,15736.001,0.010669999999999999
2010-06-28,11.14,11.19,10.88,11.13,7627.16,8455.809,0.005778
2010-06-29,11.15,11.19,10.59,10.76,11749.84,12729.424,0.008901
2010-06-30,10.84,10.85,10.45,10.6,7949.5,8408.423,0.006022
2010-07-01,10.65,11.13,10.58,11.02,12325.32,13489.988,0.009337
2010-07-02,10.48,11.39,10.48,11.32,14502.28,16225.461,0.010987
2010-07-05,11.3,11.5,11.06,11.39,12433.37,14010.983,0.009419
2010-07-06,11.38,11.49,11.19,11.48,11254.02,12844.702,0.008526
2010-07-07,11.47,11.75,11.38,11.68,16163.0,18733.633,0.012244999999999999
2010-07-08,11.71,11.74,11.42,11.54,12776.83,14859.022,0.009679
2010-07-09,11.54,11.92,11.42,11.81,16754.15,19674.211,0.012693000000000001
2010-07-12,11.92,12.4,11.81,12.15,20075.34,24578.064,0.015208999999999999
2010-07-13,12.1,12.68,11.91,12.52,40459.97,50494.803,0.030651
2010-07-14,12.54,12.98,12.4,12.88,30457.63,38800.711,0.023073999999999997
2010-07-15,12.87,13.25,12.45,12.46,44179.0,57271.809,0.033469
2010-07-16,12.35,12.35,11.89,12.04,30657.64,36992.182,0.023225
2010-07-19,11.97,12.16,11.88,12.05,29388.67,35310.416,0.022264
2010-07-20,12.04,12.21,11.71,12.17,38856.23,46417.165,0.029437
2010-07-21,12.17,12.2,11.91,11.94,15511.19,18669.03,0.011751000000000001
2010-07-22,11.85,12.02,11.83,11.98,10679.84,12772.543,0.008091000000000001
2010-07-23,12.0,12.44,11.91,12.37,20978.85,25707.876,0.015893
2010-07-26,12.57,12.75,12.37,12.66,23326.02,29358.279,0.017671
2010-07-27,12.51,12.68,12.44,12.48,14032.0,17620.281,0.010629999999999999
2010-07-28,12.48,12.58,12.4,12.51,11186.7,13969.439,0.008475
2010-07-29,12.47,12.7,12.41,12.51,16962.03,21276.731,0.012849999999999999
2010-07-30,12.64,12.67,12.37,12.6,12497.34,15627.639,0.009467999999999999
2010-08-02,12.69,12.99,12.42,12.93,21090.2,26910.812,0.015976999999999998
2010-08-03,12.9,13.0,12.5,12.51,25485.81,32639.96,0.019307
2010-08-04,12.35,12.58,12.34,12.57,12693.08,15861.232,0.009616
2010-08-05,12.61,12.9,12.53,12.59,13999.35,17816.145,0.010605999999999999
2010-08-06,12.53,12.75,12.5,12.7,10665.64,13462.724,0.00808
2010-08-09,12.85,12.85,12.56,12.71,10956.24,13897.249,0.0083
2010-08-10,12.73,12.85,12.5,12.51,19264.93,24360.496,0.014595
2010-08-11,12.48,12.72,12.48,12.61,8172.91,10318.551,0.006192
2010-08-12,12.63,13.24,12.57,12.88,61669.2,80436.692,0.046719
2010-08-13,12.9,13.09,12.71,12.98,21963.54,28433.517,0.016639
2010-08-16,12.95,13.41,12.95,13.37,30411.51,40388.63,0.023039
2010-08-17,13.42,14.04,13.37,13.88,47284.05,64849.917,0.035821
2010-08-18,13.88,14.38,13.61,13.71,51365.12,71573.815,0.038913
2010-08-19,13.64,13.9,13.63,13.65,26419.28,36366.383,0.020015
2010-08-20,13.61,13.99,13.59,13.77,29069.4,40159.832,0.022022
2010-08-23,13.88,14.2,13.7,13.86,35040.27,48871.496,0.026546
2010-08-24,13.81,14.08,13.78,13.9,21436.09,29784.258,0.016239
2010-08-25,13.85,14.0,13.78,13.99,18570.13,25800.496,0.014068
2010-08-26,13.99,14.28,13.94,14.27,21659.6,30684.719,0.016409
2010-08-27,14.28,14.89,14.25,14.72,23061.19,33646.855,0.017471
2010-08-30,14.73,15.06,14.6,14.85,22935.6,34033.519,0.017375
2010-08-31,14.85,15.14,14.7,14.74,27146.22,40314.409,0.020565000000000003
2010-09-01,14.72,14.88,14.5,14.84,35757.6,52513.331,0.027089
2010-09-03,15.0,15.55,14.86,15.38,26810.56,41174.769,0.020311
2010-09-06,15.45,15.55,14.61,14.61,50095.38,74803.134,0.037951
2010-09-07,14.49,14.49,13.88,14.2,66072.31,92656.338,0.050054999999999995
2010-09-08,14.15,14.55,14.0,14.46,25336.91,36438.669,0.019195
2010-09-09,14.46,14.51,14.16,14.34,19420.2,27810.458,0.014712000000000001
2010-09-10,14.22,14.79,14.22,14.77,15742.42,22806.636,0.011926
2010-09-13,14.8,14.86,14.2,14.31,37502.93,54261.002,0.028411
2010-09-14,14.31,14.55,14.2,14.45,13651.51,19604.167,0.010342
2010-09-15,14.43,14.55,14.2,14.32,17274.46,24743.477,0.013087
2010-09-16,14.01,14.5,13.65,14.24,21203.8,29765.618,0.016063
2010-09-17,14.3,14.37,14.1,14.26,10462.56,14926.144,0.007925999999999999
2010-09-20,14.18,14.97,14.18,14.93,28781.62,42316.233,0.021804
2010-09-21,14.94,15.54,14.94,15.36,24228.21,37232.01,0.018355
2010-09-27,15.34,15.49,15.05,15.14,18963.52,28849.779,0.014366
2010-09-28,15.0,15.43,15.0,15.16,11992.98,18211.414,0.009086
2010-09-29,15.16,15.25,14.58,14.61,17885.34,26484.365,0.01355
2010-09-30,14.55,14.87,14.4,14.67,9555.75,13993.683,0.007239
2010-10-08,14.73,15.05,14.73,14.93,14132.11,21108.792,0.010706
2010-10-11,14.76,14.97,14.6,14.65,19037.83,28130.405,0.014422999999999998
2010-10-12,14.65,14.85,14.4,14.82,11284.27,16438.668,0.008549
2010-10-13,14.83,14.9,14.6,14.61,9365.05,13801.71,0.007095000000000001
2010-10-14,14.6,14.6,14.17,14.2,18506.01,26412.175,0.01402
2010-10-15,14.2,14.58,13.85,14.23,23916.68,33932.365,0.018119
2010-10-18,14.25,14.33,13.72,14.21,17331.78,24125.582,0.01313
2010-10-19,14.28,14.44,14.0,14.16,9782.32,13967.212,0.007411
2010-10-20,14.08,14.51,13.91,14.17,11096.12,15765.158,0.008406
2010-10-21,14.22,14.23,14.0,14.18,9045.61,12767.055,0.006853000000000001
2010-10-22,14.15,14.45,14.12,14.2,9857.5,14057.041,0.007468
2010-10-25,14.2,14.5,14.15,14.3,18849.57,26940.05,0.01428
2010-10-26,14.3,14.5,14.21,14.39,10788.86,15470.556,0.008173
2010-10-27,14.4,14.46,14.18,14.3,12298.93,17577.725,0.009316999999999999
2010-10-28,14.3,14.37,13.9,14.02,15596.51,21999.724,0.011816
2010-10-29,14.0,14.18,13.85,14.04,10968.52,15308.195,0.008309
2010-11-01,13.9,14.36,13.83,14.3,12701.83,17984.111,0.009623
2010-11-02,14.3,14.4,14.1,14.36,15116.85,21571.229,0.011452
2010-11-03,14.23,15.08,14.23,15.07,38775.86,58156.836,0.029376000000000003
2010-11-04,15.18,15.82,15.18,15.82,32506.37,50979.102,0.024626000000000002
2010-11-05,16.53,16.61,15.8,15.9,56484.86,92097.143,0.042792000000000004
2010-11-09,15.11,15.6,15.11,15.11,130914.49,197982.203,0.099178
2010-11-10,14.41,14.95,14.35,14.65,97347.82,141504.732,0.073748
2010-11-11,14.6,15.18,14.6,14.68,52981.15,78608.898,0.040137
2010-11-12,14.69,14.98,14.18,14.28,40440.4,58658.481,0.030636999999999998
2010-11-15,14.35,14.57,14.28,14.45,13971.72,20103.14,0.010585
2010-11-16,14.3,14.4,13.9,14.04,22696.54,32002.974,0.017194
2010-11-17,13.74,14.2,13.74,13.9,11656.09,16320.984,0.00883
2010-11-18,13.9,14.21,13.9,14.09,7615.12,10724.221,0.005769
2010-11-19,14.09,14.21,13.97,14.15,5892.05,8308.962,0.004464
2010-11-22,14.2,14.5,14.02,14.07,10032.32,14186.498,0.0076
2010-11-23,14.08,14.17,13.9,14.06,9280.46,13021.445,0.007030999999999999
2010-11-24,14.06,14.35,13.99,14.32,11555.57,16402.624,0.008754
2010-11-25,14.3,14.42,14.22,14.32,10419.0,14944.205,0.007893
2010-11-26,14.33,14.43,14.23,14.41,8986.84,12885.061,0.006808
2010-11-29,14.39,14.92,14.3,14.79,14846.36,21871.762,0.011247
2010-11-30,14.98,15.0,14.45,14.82,23814.69,35134.974,0.018041
2010-12-01,14.85,14.9,14.65,14.77,6835.95,10097.024,0.0051790000000000004
2010-12-02,14.78,14.9,14.73,14.74,8426.54,12453.308,0.006384
2010-12-03,14.79,14.79,14.55,14.63,6656.49,9743.92,0.005043
2010-12-06,14.6,14.63,14.0,14.23,13080.82,18727.216,0.00991
2010-12-07,14.09,14.34,14.06,14.23,5269.28,7495.84,0.003992
2010-12-08,14.25,14.4,14.1,14.14,6875.45,9778.85,0.005209
2010-12-09,14.15,14.25,13.91,13.99,8445.23,11906.574,0.006398
2010-12-10,13.99,13.99,13.8,13.91,9862.5,13680.609,0.0074719999999999995
2010-12-13,14.01,14.17,13.93,14.15,7888.65,11123.272,0.005976
2010-12-14,14.18,14.77,14.15,14.58,9826.08,14300.117,0.007443999999999999
2010-12-15,14.64,14.94,14.59,14.85,15800.69,23395.943,0.011970000000000001
2010-12-16,14.96,14.98,14.74,14.88,11653.05,17343.737,0.008828
2010-12-17,14.8,14.99,14.71,14.92,8593.87,12758.493,0.006511
2010-12-20,14.91,14.91,14.53,14.68,13573.28,19994.121,0.010283
2010-12-21,14.79,14.79,14.6,14.7,6946.09,10200.384,0.005262
2010-12-22,14.8,15.36,14.71,15.33,11317.41,16910.831,0.008574
2010-12-23,15.23,15.58,15.23,15.41,21293.71,32878.177,0.016132
2010-12-24,15.38,15.55,15.11,15.25,11406.89,17492.092,0.008642
2010-12-27,15.4,15.6,15.02,15.12,13047.45,19965.288,0.009883999999999999
2010-12-28,15.16,15.2,14.77,14.94,8985.65,13447.568,0.006807
2010-12-29,15.09,15.28,14.96,15.25,5647.01,8529.976,0.0042780000000000006
2010-12-30,15.11,15.6,15.11,15.59,11629.53,18006.099,0.00881
2010-12-31,15.57,15.78,15.5,15.75,10794.44,16931.759,0.008178
2011-01-04,15.75,16.54,15.74,16.54,11934.31,19631.502,0.009041
2011-01-05,17.35,17.37,16.32,16.66,58007.96,99095.502,0.043945
2011-01-06,16.37,17.38,16.36,17.15,22526.44,37986.615,0.017065
2011-01-07,17.19,17.99,16.65,17.02,24168.94,41698.082,0.01831
2011-01-10,16.93,17.1,16.4,16.9,13163.8,22114.027,0.009973
2011-01-11,16.89,17.12,16.64,17.08,11376.15,19330.767,0.008618
2011-01-12,17.08,17.1,16.82,16.92,9357.5,15859.422,0.007089
2011-01-13,17.09,17.2,16.79,17.0,9435.3,16015.623,0.007148
2011-01-14,17.01,17.19,16.85,16.92,11805.96,20044.014,0.008944
2011-01-17,16.82,17.0,16.07,16.07,11016.0,17811.728,0.008345
2011-01-18,15.27,15.54,15.27,15.44,34179.36,52401.522,0.025893000000000003
2011-01-19,15.99,16.21,15.31,16.21,18908.93,30153.886,0.014325000000000001
2011-01-20,16.53,16.7,15.98,16.04,15135.15,24698.295,0.011466
2011-01-21,16.46,16.54,15.71,16.41,7588.12,12326.622,0.005749
2011-01-24,16.69,16.99,16.3,16.4,13492.86,22567.023,0.010222
2011-01-25,16.41,16.7,16.15,16.39,13013.86,21337.476,0.009859
2011-01-26,16.25,16.5,15.9,16.14,14192.11,23087.115,0.010752
2011-01-27,16.3,16.3,15.5,15.59,18958.1,29970.654,0.014362
2011-01-28,15.5,15.99,15.3,15.8,14544.72,22951.576,0.011019000000000001
2011-01-31,15.88,16.19,15.79,15.94,15840.84,25230.56,0.012001
2011-02-01,15.9,16.74,15.9,16.73,53752.82,89475.323,0.040721999999999994
2011-02-09,16.11,16.36,15.89,15.89,31432.38,50401.156,0.023812000000000003
2011-02-10,15.7,16.38,15.3,16.36,14284.02,22877.379,0.010821
2011-02-11,16.28,16.59,16.21,16.5,8483.25,13924.438,0.006427
2011-02-14,16.5,16.65,16.25,16.59,18001.98,29592.255,0.013637999999999999
2011-02-15,16.84,17.04,16.56,16.81,20092.76,33880.617,0.015222
2011-02-16,16.81,17.0,16.69,16.98,13270.97,22455.644,0.010054
2011-02-17,17.06,17.06,16.5,16.6,10350.08,17361.309,0.007841
2011-03-01,15.83,16.6,15.77,16.0,33821.17,54008.888,0.025622
2011-03-02,15.85,15.94,15.61,15.8,15564.86,24539.062,0.011792
2011-03-03,15.75,16.12,15.63,15.71,12819.53,20344.903,0.009712
2011-03-04,15.79,15.89,15.71,15.75,5990.53,9438.745,0.0045379999999999995
2011-03-07,16.0,16.0,15.71,15.78,13933.71,22072.651,0.010556000000000001
2011-03-08,15.77,15.99,15.7,15.91,12965.61,20588.205,0.009822
2011-03-09,15.97,15.97,15.76,15.77,15781.89,25011.333,0.011956
2011-03-10,15.78,15.87,15.5,15.66,11346.07,17743.592,0.008596
2011-03-11,15.6,15.77,15.3,15.33,16165.17,25069.641,0.012246
2011-03-14,15.33,15.65,15.32,15.43,14989.0,23115.174,0.011354999999999999
2011-03-15,15.4,15.96,15.03,15.72,24720.19,38210.29,0.018727
2011-03-16,15.71,15.71,15.5,15.64,12605.93,19656.572,0.00955
2011-03-17,15.6,15.96,15.59,15.7,20662.07,32695.363,0.015653
2011-03-18,15.77,16.49,15.77,16.49,24329.4,39462.892,0.018431
2011-04-25,17.31,17.31,17.31,17.31,1752.13,3032.937,0.001327
2011-04-26,18.18,18.18,18.18,18.18,669.41,1216.987,0.0005070000000000001
2011-04-27,19.09,19.09,19.09,19.09,1906.33,3639.184,0.001444
2011-04-28,20.04,20.04,20.04,20.04,5975.32,11974.541,0.004527
2011-05-04,21.04,21.04,21.04,21.04,24861.74,52309.101,0.018835
2011-05-05,22.09,22.09,20.22,22.09,164071.59,354250.71,0.124297
2011-05-06,22.08,22.88,21.81,21.92,73894.02,165507.659,0.05598
2011-05-09,21.89,22.1,21.5,21.88,32410.79,70606.029,0.024554
2011-05-10,21.88,21.94,21.31,21.52,20940.05,45059.237,0.015864
2011-05-11,21.5,21.69,20.93,21.57,33407.52,71212.559,0.025308999999999998
2011-05-12,21.48,22.65,21.23,22.65,42847.64,94682.566,0.03246
2011-05-13,22.86,23.78,22.8,23.78,22708.49,53233.844,0.017203
2011-05-16,24.08,24.96,24.04,24.4,41851.34,102239.043,0.031706
2011-05-17,24.21,24.85,23.56,23.8,25598.31,62081.682,0.019393
2011-05-18,23.66,24.72,23.66,24.28,16321.38,39802.303,0.012365
2011-05-19,24.27,24.6,24.15,24.26,11132.27,27158.872,0.008434
2011-05-20,24.1,24.44,23.73,24.0,12334.35,29545.362,0.009344
2011-05-23,23.99,24.0,22.8,23.21,20593.97,48150.712,0.015601
2011-05-24,23.01,24.37,22.09,24.2,17478.76,40564.367,0.013241000000000001
2011-05-25,24.2,25.0,23.87,24.35,14605.01,35877.839,0.011064000000000001
2011-05-26,24.35,24.75,23.5,23.86,13521.68,32422.963,0.010244
2011-05-30,23.0,23.3,22.67,22.67,15049.99,34337.778,0.011402
2011-05-31,22.12,22.8,21.54,22.14,17744.84,38901.609,0.013443
2011-06-01,22.15,22.46,21.91,22.46,10031.21,22289.684,0.007599
2011-06-02,22.19,22.89,22.0,22.39,8013.14,18030.016,0.006071
2011-06-03,22.41,22.84,22.16,22.39,6659.49,14921.951,0.005044999999999999
2011-06-07,22.33,22.9,22.03,22.34,9422.82,21064.036,0.0071389999999999995
2011-06-08,22.35,22.35,21.75,21.99,9776.0,21512.357,0.007406
2011-06-09,21.91,22.79,21.82,22.27,6856.06,15341.826,0.005194
2011-06-10,22.2,22.46,21.9,21.97,4306.97,9498.384,0.003263
2011-06-13,21.9,22.49,21.8,21.97,6709.28,14750.84,0.005083
2011-06-14,21.97,22.4,21.97,22.28,5702.61,12625.64,0.00432
2011-06-15,22.25,22.54,21.91,22.28,7306.86,16146.39,0.005536
2011-06-16,22.08,22.26,21.92,22.14,5851.26,12885.919,0.004433
2011-06-17,22.32,22.33,21.91,21.99,4023.37,8869.264,0.0030480000000000004
2011-06-20,22.12,22.3,21.5,21.59,3969.19,8639.692,0.003007
2011-06-21,21.55,21.95,21.17,21.64,4657.17,10066.05,0.003528
2011-06-22,21.85,22.3,21.51,22.11,3812.11,8345.332,0.002888
2011-06-23,21.92,22.28,21.72,22.18,4399.93,9734.639,0.003333
2011-06-24,22.02,22.85,22.02,22.65,5593.02,12558.505,0.004237
2011-06-27,22.55,23.78,22.55,23.78,12364.96,29054.567,0.009367
2011-06-28,23.78,24.4,23.51,23.97,9773.06,23533.978,0.007403999999999999
2011-06-29,23.55,24.4,23.55,23.81,3612.94,8585.949,0.002737
2011-06-30,23.66,24.4,23.66,24.18,5614.6,13524.501,0.004253
2011-07-01,24.49,25.0,24.05,24.11,7251.33,17707.341,0.0054930000000000005
2011-07-04,24.39,24.39,23.89,24.12,6615.34,15911.717,0.005012
2011-07-05,24.25,24.5,24.01,24.15,7571.05,18338.357,0.005736
2011-07-06,24.23,24.23,23.82,23.83,6368.08,15269.564,0.004824
2011-07-07,23.72,24.05,23.7,23.9,4572.9,10889.83,0.003464
2011-07-08,24.32,24.32,23.81,24.25,5461.25,13169.401,0.004137
2011-07-11,23.9,24.4,23.83,24.0,2676.25,6414.807,0.0020269999999999997
2011-07-12,24.0,24.07,23.85,23.95,3635.4,8713.332,0.002754
2011-07-13,23.98,25.15,23.89,25.15,18980.05,47104.215,0.014379
2011-07-14,25.51,26.38,25.15,25.74,12930.17,33429.45,0.009796000000000001
2011-07-15,25.7,26.2,25.46,26.19,10917.24,28387.513,0.008270999999999999
2011-07-19,26.28,26.28,25.02,25.8,7683.44,19740.257,0.005821
2011-07-20,25.9,26.4,25.8,26.08,7379.44,19245.432,0.00559
2011-07-21,26.08,26.68,25.92,26.3,9172.02,24269.295,0.0069489999999999994
2011-07-22,26.44,26.5,25.91,26.17,4756.36,12440.51,0.0036030000000000003
2011-07-25,26.17,26.2,25.3,25.37,6915.23,17755.053,0.005239000000000001
2011-07-26,25.1,25.94,25.1,25.78,2012.03,5152.906,0.0015240000000000002
2011-07-27,25.85,25.99,25.53,25.9,3025.49,7815.688,0.0022919999999999998
2011-07-28,25.88,25.95,25.21,25.7,3290.94,8434.318,0.002493
2011-07-29,25.7,25.97,25.5,25.69,4840.5,12471.534,0.003667
2011-08-01,25.88,26.2,25.5,25.69,4016.21,10345.493,0.003043
2011-08-02,25.69,26.06,25.28,26.04,6797.56,17586.169,0.00515
2011-08-08,25.97,25.97,24.74,24.74,12562.91,31504.528,0.009517
2011-08-09,24.5,24.7,23.5,24.14,14999.35,35959.671,0.011363000000000002
2011-08-10,24.31,25.35,24.31,25.06,6524.99,16341.773,0.004943
2011-08-11,24.77,25.3,24.5,25.19,6107.43,15259.688,0.004627
2011-08-12,25.21,25.5,25.1,25.13,4564.21,11518.128,0.003458
2011-08-15,25.5,26.39,25.1,26.39,25525.5,66926.179,0.019338
2011-08-16,26.46,27.31,26.46,26.91,28139.85,75945.544,0.021318
2011-08-17,26.8,27.2,26.5,26.6,16248.34,43624.583,0.012309
2011-08-18,26.51,26.75,26.33,26.4,7985.56,21202.825,0.00605
2011-08-19,26.0,26.46,25.8,26.32,8876.98,23218.853,0.006725
2011-08-22,26.38,26.75,25.7,26.4,8234.41,21743.823,0.0062380000000000005
2011-08-23,26.21,26.88,26.21,26.87,6036.37,16082.638,0.004573
2011-08-24,26.89,28.21,26.89,28.21,23482.46,65756.338,0.01779
2011-08-25,28.59,28.61,28.01,28.26,12525.24,35434.197,0.009489
2011-08-26,28.33,28.95,28.05,28.94,13997.92,40005.42,0.010604
2011-08-29,28.98,29.45,28.58,28.95,11021.69,32036.166,0.00835
2011-08-30,29.4,29.4,28.67,28.73,6238.08,18045.953,0.004726
2011-08-31,28.65,28.99,28.36,28.92,7447.86,21344.134,0.005642
2011-09-01,28.75,29.63,28.71,29.12,10519.46,30728.89,0.007969
2011-09-02,29.15,29.28,27.97,28.0,12883.02,36807.28,0.00976
2011-09-05,27.8,28.45,27.5,28.01,7422.74,20844.189,0.005623
2011-09-06,27.75,28.2,27.4,27.6,7234.28,20103.143,0.005481000000000001
2011-09-07,27.6,28.44,27.6,28.4,7750.57,21761.619,0.0058720000000000005
2011-09-08,28.23,29.19,28.23,28.59,7862.83,22647.74,0.0059570000000000005
2011-09-09,28.59,28.94,28.3,28.75,5119.74,14683.653,0.003879
2011-09-13,28.41,28.75,28.23,28.41,2698.65,7678.491,0.002044
2011-09-14,28.41,28.97,28.33,28.37,4518.42,12907.819,0.003423
2011-09-15,28.45,28.79,27.7,27.75,9420.47,26415.073,0.007137
2011-09-16,27.8,28.0,27.7,27.85,5421.01,15077.527,0.004107
2011-09-19,28.0,28.0,27.32,27.35,4782.38,13156.623,0.003623
2011-09-20,27.5,27.89,27.06,27.56,6481.77,17867.73,0.00491
2011-09-21,27.56,28.44,27.5,28.43,9684.11,27101.996,0.0073360000000000005
2011-09-22,28.43,28.43,27.6,27.72,3868.99,10797.555,0.0029310000000000004
2011-09-23,27.5,27.5,26.4,26.97,7374.57,19836.159,0.005587
2011-09-26,26.5,27.21,26.1,26.21,5670.06,15066.796,0.0042959999999999995
2011-09-27,26.2,26.4,25.88,25.97,7388.55,19289.262,0.0055969999999999995
2011-09-28,26.38,26.38,25.88,25.91,2609.0,6801.011,0.001977
2011-09-29,25.95,25.95,24.61,24.61,14066.5,35139.042,0.010656
2011-09-30,24.87,24.87,23.9,24.57,7153.0,17443.648,0.005419
2011-10-10,24.6,24.8,23.34,23.34,10978.9,26074.382,0.008317
2011-10-11,23.66,23.9,23.3,23.42,4649.22,10948.437,0.003522
2011-10-12,23.3,24.15,23.05,23.92,10882.78,25599.465,0.008245
2011-10-13,23.81,24.47,23.81,24.17,5827.92,14126.72,0.004415
2011-10-14,24.8,24.8,23.8,24.13,3998.14,9620.307,0.003029
2011-10-17,24.13,24.54,23.9,24.45,3920.04,9550.474,0.00297
2011-10-18,24.25,24.63,23.9,24.09,5863.06,14171.472,0.004442
2011-10-19,24.15,24.15,23.4,23.77,7533.65,17896.267,0.005707
2011-10-20,23.51,23.86,23.1,23.1,5721.58,13360.812,0.004335
2011-10-21,22.88,23.24,21.95,23.22,11490.7,26084.414,0.008705000000000001
2011-10-24,23.22,24.38,23.22,24.38,10852.73,26228.993,0.008222
2011-10-25,24.55,24.99,24.03,24.89,6874.57,16882.202,0.005208000000000001
2011-10-26,24.66,25.45,24.66,24.88,6840.72,17197.362,0.005182
2011-10-27,25.3,25.88,25.02,25.46,7622.28,19515.035,0.0057740000000000005
2011-10-28,25.65,26.35,25.48,26.32,9473.29,24607.431,0.007177
2011-10-31,26.31,26.95,25.9,26.18,5219.1,13759.503,0.003954
2011-11-01,25.91,26.3,25.78,26.1,4516.38,11736.954,0.003422
2011-11-02,25.82,26.14,25.58,26.08,4389.56,11309.442,0.0033250000000000003
2011-11-03,26.29,27.38,26.1,27.38,8853.15,24058.021,0.006706999999999999
2011-11-04,27.58,28.09,27.17,27.73,7418.56,20379.2,0.005620000000000001
2011-11-07,27.99,27.99,27.13,27.2,5799.0,15935.637,0.004393
2011-11-08,27.3,27.4,26.73,27.05,4029.0,10844.603,0.0030520000000000005
2011-11-09,26.88,27.1,26.72,26.99,3451.28,9269.199,0.002615
2011-11-10,26.89,26.98,26.3,26.32,3715.99,9904.236,0.002815
2011-11-11,26.32,26.7,26.3,26.47,2615.6,6922.707,0.001982
2011-11-14,26.06,26.99,26.06,26.93,2471.76,6600.926,0.0018729999999999999
2011-11-15,26.94,27.65,26.94,27.28,3719.15,10164.8,0.0028179999999999998
2011-11-16,27.2,27.79,26.8,27.19,3260.4,8867.675,0.00247
2011-11-17,27.3,27.3,26.87,27.2,2261.89,6122.527,0.001714
2011-11-18,27.19,27.79,26.58,26.79,2484.73,6698.348,0.001882
2011-11-22,26.48,26.88,25.45,25.45,9202.21,23772.474,0.006971000000000001
2011-11-23,25.48,26.2,24.62,26.1,10648.89,26888.448,0.008067
2011-11-24,26.17,26.17,25.3,25.7,3023.5,7810.703,0.002291
2011-11-25,25.71,26.1,25.7,25.94,3368.9,8723.092,0.002552
2011-11-28,26.0,26.02,25.31,25.59,3361.01,8612.32,0.002546
2011-11-29,25.88,25.88,25.42,25.74,2141.11,5473.621,0.0016220000000000002
2011-11-30,25.74,25.87,24.56,24.88,4679.0,11834.91,0.003545
2011-12-01,25.6,25.83,25.13,25.79,5371.22,13762.28,0.004069
2011-12-02,25.79,25.79,25.01,25.12,1741.5,4408.679,0.0013189999999999999
2011-12-05,25.1,25.1,24.12,24.67,2919.0,7196.18,0.002211
2011-12-06,24.65,24.66,23.7,23.93,3518.08,8429.103,0.0026650000000000003
2011-12-07,23.8,23.99,23.73,23.85,2024.7,4827.736,0.001534
2011-12-08,24.0,24.0,22.66,23.2,24277.83,55338.83,0.018392
2011-12-09,22.9,23.3,22.26,23.11,2941.1,6781.912,0.002228
2011-12-12,23.01,23.21,23.0,23.14,2056.74,4746.206,0.001558
2011-12-13,23.14,23.33,22.31,22.94,3600.31,8135.677,0.002728
2011-12-14,22.61,23.06,22.6,22.87,1709.11,3908.157,0.0012950000000000001
2011-12-15,22.8,22.9,22.0,22.64,7687.06,17042.808,0.005824
2011-12-16,22.51,23.08,22.19,22.91,3575.8,8039.489,0.0027089999999999996
2011-12-19,22.8,23.75,22.62,23.72,3259.21,7611.604,0.0024690000000000003
2011-12-20,23.52,24.88,23.52,24.78,5391.67,13130.054,0.004085
2011-12-21,24.75,25.58,24.75,24.97,3883.82,9794.222,0.002942
2011-12-22,24.52,25.0,24.35,24.98,2790.01,6896.269,0.002114
2011-12-23,24.98,25.3,24.7,24.99,1545.0,3875.007,0.00117
2011-12-26,24.82,25.19,24.7,24.93,2186.0,5447.209,0.001656
2011-12-27,25.04,25.04,24.4,24.5,2645.62,6558.362,0.002004
2011-12-29,25.0,25.73,24.8,25.73,4599.44,11801.682,0.0034839999999999997
2011-12-30,25.85,26.85,25.8,25.85,4575.5,12038.381,0.0034660000000000003
2012-01-04,25.85,26.38,25.31,25.7,3088.57,7952.945,0.00234
2012-01-05,25.5,25.68,24.6,24.68,5445.0,13595.495,0.004125
2012-01-06,24.68,25.24,24.5,24.95,2547.0,6307.304,0.00193
2012-01-09,24.99,25.2,24.38,24.74,4739.86,11737.149,0.0035909999999999996
2012-01-10,24.5,25.1,24.5,24.98,2438.84,6060.135,0.0018479999999999998
2012-01-11,24.86,25.68,24.38,24.64,3445.77,8557.429,0.00261
2012-01-12,24.68,24.8,24.19,24.57,2369.66,5779.407,0.001795
2012-01-13,24.58,24.58,23.34,23.38,4569.59,10749.262,0.0034620000000000002
2012-01-16,23.38,23.38,22.68,23.27,1601.6,3680.298,0.001213
2012-01-17,23.57,24.42,23.29,24.39,2542.69,6103.297,0.001926
2012-01-18,24.35,24.7,24.25,24.48,1015.5,2486.301,0.0007689999999999999
2012-01-19,24.3,24.75,24.15,24.46,2029.82,4966.905,0.0015379999999999999
2012-01-20,24.65,24.96,24.35,24.75,3452.51,8500.308,0.002616
2012-01-30,24.88,24.95,24.45,24.74,2274.0,5600.435,0.0017230000000000001
2012-01-31,24.87,24.87,24.6,24.83,1074.98,2657.796,0.000814
2012-02-01,24.7,24.83,24.47,24.67,1302.25,3203.22,0.000987
2012-02-02,24.63,24.85,24.6,24.73,952.2,2352.671,0.000721
2012-02-03,24.41,24.78,24.3,24.68,1497.68,3671.575,0.001135
2012-02-06,24.65,24.81,24.5,24.59,1340.0,3305.637,0.001015
2012-02-07,24.18,24.68,24.01,24.34,1542.2,3735.363,0.001168
2012-02-08,24.06,24.52,24.02,24.48,924.31,2243.159,0.0007000000000000001
2012-02-09,24.49,25.29,24.3,25.1,2853.61,7116.533,0.002162
2012-02-10,25.0,25.3,24.9,24.92,1405.6,3519.145,0.001065
2012-02-13,24.92,24.92,24.5,24.74,1727.7,4281.943,0.0013089999999999998
2012-02-14,24.6,24.68,23.53,24.17,4080.1,9870.975,0.003091
2012-02-15,24.18,24.56,24.0,24.2,4504.0,10940.049,0.003412
2012-02-16,24.34,24.34,23.7,23.96,5898.14,14083.651,0.004468
2012-02-17,23.9,23.95,23.4,23.8,4814.0,11376.759,0.003647
2012-02-20,23.8,24.0,23.66,23.9,3839.8,9168.042,0.002909
2012-02-21,23.8,24.3,23.73,24.18,2432.14,5822.414,0.001843
2012-02-22,24.18,25.28,24.18,24.94,6937.9,17279.261,0.005255999999999999
2012-02-23,24.84,25.18,24.6,24.68,3815.02,9438.955,0.0028899999999999998
2012-02-24,24.83,25.0,24.55,24.75,3524.32,8701.922,0.00267
2012-02-27,24.75,25.2,24.66,25.13,8355.57,20876.07,0.00633
2012-02-28,25.06,25.29,24.79,24.84,8958.32,22382.068,0.006787
2012-02-29,24.81,24.88,24.2,24.4,4378.58,10743.377,0.003317
2012-03-01,24.13,24.5,23.8,24.2,4533.5,10941.065,0.003434
2012-03-02,23.63,24.72,23.63,24.67,3577.39,8734.372,0.00271
2012-03-05,24.66,25.5,24.66,25.47,10101.9,25389.265,0.007653
2012-03-06,25.42,26.5,25.25,25.83,13874.61,36249.39,0.010511
2012-03-07,25.95,26.55,25.5,26.18,6675.2,17339.125,0.005057000000000001
2012-03-08,25.91,26.66,25.82,26.2,2240.08,5868.299,0.001697
2012-03-09,26.05,26.3,25.93,25.98,2578.51,6722.318,0.001953
2012-03-12,26.0,26.2,25.65,25.94,4217.51,10913.73,0.003195
2012-03-13,26.07,26.51,25.78,26.45,6693.97,17539.097,0.005071
2012-03-14,26.6,27.77,26.1,26.6,15762.48,42615.611,0.011941
2012-03-15,26.5,26.81,26.11,26.64,5621.04,14863.935,0.0042580000000000005
2012-03-19,27.07,27.07,26.51,26.75,6065.61,16241.861,0.004595
2012-03-20,26.62,26.85,25.8,25.81,5024.0,13135.656,0.003806
2012-03-21,26.0,26.26,25.44,25.97,4196.99,10827.224,0.00318
2012-03-22,25.6,25.97,25.6,25.94,2668.6,6902.317,0.002022
2012-03-23,25.94,25.94,25.25,25.52,2186.61,5593.466,0.0016569999999999998
2012-03-26,25.6,26.05,25.6,25.74,2549.43,6570.517,0.001931
2012-03-27,25.98,26.06,25.56,25.6,1935.61,4996.798,0.001466
2012-03-28,25.46,25.59,25.02,25.4,2942.63,7429.82,0.002229
2012-03-29,25.39,25.39,24.78,24.8,3693.11,9247.543,0.002798
2012-03-30,24.63,25.0,24.63,24.98,1041.0,2587.825,0.000789
2012-04-05,24.98,25.75,24.98,25.58,1632.0,4156.515,0.0012360000000000001
2012-04-06,25.4,25.89,25.22,25.51,3007.1,7663.037,0.002278
2012-04-09,25.52,25.63,24.91,25.12,2406.09,6089.846,0.001823
2012-04-10,25.0,25.36,24.8,25.24,1345.5,3356.73,0.001019
2012-04-11,25.0,25.24,24.82,25.21,1297.1,3240.987,0.000983
2012-04-12,25.3,25.43,24.96,25.34,3760.51,9482.476,0.002849
2012-04-13,25.34,26.05,25.2,25.79,3778.4,9703.665,0.002862
2012-04-16,25.74,26.55,25.74,26.37,7305.2,19233.862,0.005534
2012-04-17,26.31,26.44,25.84,25.87,2894.0,7581.441,0.002192
2012-04-18,25.9,26.66,25.88,26.39,4432.24,11688.006,0.003358
2012-04-19,26.4,26.5,26.08,26.26,2146.4,5631.195,0.0016259999999999998
2012-04-20,26.44,26.48,26.11,26.33,2046.63,5392.782,0.00155
2012-04-23,26.49,26.49,26.01,26.16,2488.45,6516.536,0.001885
2012-04-24,26.0,26.17,25.66,25.83,2066.15,5348.916,0.001565
2012-04-25,25.8,25.8,25.45,25.8,2438.36,6255.863,0.0018470000000000001
2012-04-26,25.6,25.87,25.51,25.53,1877.68,4815.302,0.0014219999999999999
2012-04-27,25.5,25.59,25.3,25.54,2686.0,6819.31,0.002035
2012-05-02,25.45,25.59,25.32,25.36,3819.01,9708.13,0.002893
2012-05-03,25.38,25.38,24.68,24.91,4304.57,10740.452,0.003261
2012-05-04,25.16,25.25,24.75,24.95,3989.34,9939.87,0.0030220000000000004
2012-05-07,24.95,24.95,24.63,24.77,3827.98,9460.173,0.0029
2012-05-08,24.7,25.54,24.65,24.99,3936.36,9887.041,0.0029820000000000003
2012-05-09,25.45,25.45,24.71,24.74,3380.84,8438.038,0.002561
2012-05-10,24.72,25.08,24.7,24.88,3285.26,8156.893,0.002489
2012-05-11,24.73,24.98,24.7,24.8,2125.29,5267.242,0.00161
2012-05-14,24.8,25.1,24.8,24.89,2053.79,5125.309,0.0015559999999999999
2012-05-15,24.51,24.82,24.51,24.72,2123.61,5236.73,0.001609
2012-05-16,24.77,25.05,24.75,24.76,1517.0,3769.25,0.001149
2012-05-17,24.7,24.92,24.7,24.83,1567.11,3890.296,0.001187
2012-05-18,24.86,24.9,24.31,24.51,4249.06,10422.774,0.003219
2012-05-22,24.8,25.16,24.6,25.09,5109.68,12764.325,0.003871
2012-05-23,25.24,25.33,24.9,25.06,2957.0,7439.221,0.0022400000000000002
2012-05-24,24.95,25.25,24.66,24.8,2937.12,7303.401,0.002225
2012-05-25,24.9,24.95,24.52,24.78,2006.0,4952.281,0.0015199999999999999
2012-05-28,24.33,24.71,24.05,24.56,1703.5,4154.763,0.0012909999999999998
2012-05-29,24.68,25.18,24.42,25.04,5135.49,12763.775,0.003891
2012-05-30,24.91,25.05,24.75,24.92,1820.5,4524.965,0.001379
2012-05-31,24.62,24.88,24.49,24.8,4305.72,10591.433,0.0032619999999999997
2012-06-01,24.56,24.83,24.56,24.64,972.5,2398.66,0.000737
2012-06-04,24.32,24.55,24.12,24.2,4266.0,10374.665,0.003232
2012-06-05,24.38,25.39,24.12,24.55,2671.37,6551.807,0.0020239999999999998
2012-06-06,24.77,24.84,24.01,24.18,3117.0,7547.333,0.0023610000000000003
2012-06-07,24.47,24.5,24.05,24.12,1670.99,4042.895,0.001266
2012-06-08,24.37,24.37,24.01,24.27,2741.0,6615.859,0.002077
2012-06-11,24.3,24.3,23.8,23.9,3337.6,8005.953,0.0025280000000000003
2012-06-12,23.85,23.95,23.1,23.34,5017.6,11789.948,0.003801
2012-06-13,23.22,23.36,23.03,23.13,2065.51,4783.967,0.001565
2012-06-14,23.16,23.2,22.92,23.06,2215.91,5112.958,0.001679
2012-06-15,23.1,23.14,22.85,22.85,1835.51,4217.198,0.001391
2012-06-18,22.88,23.18,22.72,23.11,2083.0,4788.586,0.001578
2012-06-19,23.05,23.24,23.05,23.19,1838.32,4253.726,0.0013930000000000001
2012-06-20,23.12,23.27,23.0,23.06,1783.01,4128.111,0.001351
2012-06-21,23.15,23.38,23.11,23.28,1851.5,4296.633,0.0014030000000000002
2012-06-25,23.28,23.35,23.12,23.13,2272.51,5284.849,0.001722
2012-06-26,23.13,23.17,22.75,23.16,2256.21,5192.686,0.001709
2012-06-27,23.2,24.32,23.2,24.32,10743.92,25920.134,0.008139
2012-06-28,24.9,24.9,24.0,24.29,5166.09,12642.43,0.003914
2012-06-29,24.29,24.29,23.81,23.99,3656.69,8770.548,0.0027700000000000003
2012-07-02,23.9,24.46,23.8,24.45,4586.8,11065.522,0.003475
2012-07-03,24.8,24.98,24.51,24.7,6033.0,14938.477,0.00457
2012-07-04,24.58,25.85,24.58,25.29,13445.35,33997.164,0.010185999999999999
2012-07-05,25.38,25.78,25.29,25.51,7970.61,20350.943,0.006038
2012-07-06,25.95,25.95,25.25,25.78,4637.49,11927.242,0.003513
2012-07-10,27.07,27.07,25.9,25.91,29700.87,79672.194,0.022501000000000004
2012-07-11,26.25,26.51,25.2,25.82,7863.99,20363.432,0.005958
2012-07-12,25.91,25.97,25.3,25.8,6129.5,15699.131,0.004644
2012-07-13,25.61,25.8,25.21,25.3,7237.71,18390.86,0.005483
2012-07-16,25.3,25.8,25.02,25.51,3923.5,9956.172,0.0029720000000000002
2012-07-17,25.44,26.42,25.25,26.2,8229.6,21540.099,0.006235000000000001
2012-07-18,26.39,26.56,25.53,26.14,4915.53,12745.842,0.003724
2012-07-19,26.0,26.62,25.8,25.81,5878.34,15372.896,0.0044529999999999995
2012-07-20,25.6,26.18,25.6,25.73,3095.27,7989.739,0.002345
2012-07-23,25.87,26.04,25.4,25.57,3345.8,8544.347,0.002535
2012-07-24,25.88,25.88,25.35,25.68,2437.09,6250.49,0.0018459999999999998
2012-07-25,25.65,25.79,25.36,25.55,3643.17,9307.865,0.0027600000000000003
2012-07-26,25.57,25.65,25.15,25.19,2786.1,7053.227,0.002111
2012-07-27,25.19,25.28,24.6,24.86,6156.96,15282.753,0.004664
2012-07-30,23.62,24.4,23.62,24.08,8964.78,21430.478,0.006792
2012-07-31,24.08,24.12,23.84,24.01,4655.8,11140.09,0.003527
2012-08-01,23.9,24.4,23.9,24.34,2047.02,4946.802,0.0015509999999999999
2012-08-02,24.39,24.62,24.11,24.53,2352.3,5711.007,0.001782
2012-08-03,24.53,25.76,24.52,25.59,7896.21,20189.167,0.0059819999999999995
2012-08-06,25.63,25.7,25.21,25.45,3140.49,7983.248,0.002379
2012-08-07,25.3,25.55,25.2,25.44,1662.0,4200.986,0.0012590000000000001
2012-08-08,25.48,26.13,25.44,25.59,2571.41,6641.018,0.001948
2012-08-09,25.5,25.79,25.06,25.69,1690.01,4298.534,0.00128
2012-08-10,25.81,25.81,25.5,25.69,1591.46,4082.65,0.001206
2012-08-13,25.79,25.79,25.41,25.46,1416.31,3621.623,0.0010730000000000002
2012-08-14,25.45,25.59,25.16,25.33,1355.01,3434.172,0.001027
2012-08-15,25.33,25.43,25.2,25.28,1010.11,2556.613,0.000765
2012-08-16,25.25,25.34,24.9,25.16,1839.1,4613.404,0.0013930000000000001
2012-08-17,25.15,25.15,24.8,24.82,1470.22,3661.118,0.001114
2012-08-20,24.65,24.98,24.65,24.82,896.2,2218.446,0.000679
2012-08-21,25.18,26.06,24.9,25.84,6552.97,16873.145,0.004964
2012-08-22,25.9,25.94,25.52,25.7,3501.91,8994.29,0.002653
2012-08-23,26.0,26.4,25.76,26.15,5641.47,14696.264,0.004274
2012-08-24,26.3,26.38,25.75,26.06,6394.42,16634.821,0.004844
2012-08-27,26.01,27.36,26.0,27.16,27455.39,74379.008,0.0208
2012-08-28,27.16,27.4,26.81,27.18,11122.16,30119.278,0.008426
2012-08-29,27.0,27.8,27.0,27.69,22736.14,62548.658,0.017224
2012-08-30,27.85,27.85,26.31,26.31,15445.53,41290.763,0.011701
2012-09-04,26.6,27.28,25.35,25.81,24041.17,63464.879,0.018213
2012-09-05,25.43,26.14,25.12,25.86,6910.6,17695.778,0.005235
2012-09-06,25.96,25.96,25.21,25.62,6100.89,15590.516,0.004622
2012-09-07,25.85,26.19,25.5,25.99,8474.31,21994.823,0.00642
2012-09-10,26.12,26.67,25.61,26.19,7826.53,20426.327,0.005929
2012-09-11,26.19,26.46,25.83,25.99,7023.44,18324.775,0.005321
2012-09-12,25.8,26.25,25.73,25.97,4628.5,11982.827,0.0035060000000000004
2012-09-13,25.97,26.0,25.41,25.48,4824.69,12399.119,0.003655
2012-09-14,25.68,26.1,25.63,25.79,6263.59,16171.425,0.004745
2012-09-17,26.19,26.19,25.4,25.43,4292.5,10986.379,0.0032519999999999997
2012-09-18,25.2,25.56,25.2,25.31,2963.22,7525.714,0.002245
2012-09-19,25.25,25.58,24.85,25.0,3805.71,9567.853,0.002883
2012-09-20,24.98,24.98,23.81,23.83,6455.69,15679.24,0.0048909999999999995
2012-09-21,24.25,25.85,24.0,24.87,12663.87,31792.286,0.009594
2012-09-24,24.5,25.3,24.25,24.53,4126.31,10178.363,0.003126
2012-09-25,24.46,24.7,24.22,24.39,3339.89,8146.505,0.00253
2012-09-26,24.39,24.69,23.83,23.96,5289.35,12715.734,0.004007
2012-09-27,9.61,10.29,9.61,9.93,16786.34,16733.769,0.012717000000000001
2012-09-28,9.75,9.8,9.5,9.67,17167.15,16493.773,0.005202
2012-10-08,9.62,10.25,9.62,10.01,28035.54,28086.279,0.008496
2012-10-09,9.91,10.45,9.82,10.36,30582.21,31597.283,0.009267
2012-10-10,10.36,10.58,10.12,10.38,27402.54,28301.896,0.008304
2012-10-11,10.33,10.55,10.21,10.29,18016.5,18656.762,0.0054600000000000004
2012-10-12,10.38,10.38,9.98,10.14,17445.98,17746.547,0.005286999999999999
2012-10-15,10.23,10.23,9.95,10.2,12782.27,12868.533,0.0038729999999999997
2012-10-16,10.23,10.24,10.06,10.08,9670.02,9780.365,0.00293
2012-10-17,10.1,10.18,10.01,10.09,8728.39,8798.226,0.002645
2012-10-18,10.06,10.17,10.06,10.17,12135.95,12284.327,0.0036780000000000003
2012-10-19,10.11,10.27,10.02,10.06,19210.88,19523.778,0.005821
2012-10-22,10.13,10.24,9.96,10.08,16139.39,16295.322,0.0048909999999999995
2012-10-23,10.08,10.9,10.06,10.45,57849.22,61046.31,0.01753
2012-10-24,10.4,11.15,10.31,10.95,89064.69,96840.502,0.026989
2012-10-25,11.0,11.06,10.58,10.66,36535.25,39230.441,0.011071
2012-10-26,10.66,11.06,10.55,10.98,34887.76,37745.004,0.010572
2012-10-29,11.0,11.98,10.85,11.66,89023.83,103216.799,0.026977
2012-10-30,11.55,11.86,11.45,11.7,53203.61,62051.48,0.016122
2012-10-31,11.95,12.5,11.42,11.6,141932.74,169973.394,0.04301
2012-11-01,11.66,11.87,11.35,11.74,74582.69,87293.043,0.022601
2012-11-02,11.7,12.91,11.62,12.91,109578.36,135111.412,0.033206
2012-11-05,13.15,14.2,13.03,14.2,349154.16,486282.182,0.105804
2012-11-06,14.3,14.88,13.66,13.77,320997.28,454527.479,0.097272
2012-11-07,13.71,15.15,13.71,14.59,426624.38,623335.422,0.12928
2012-11-08,13.53,14.1,13.27,13.73,218458.07,299515.852,0.06619900000000001
2012-11-09,13.8,14.95,13.67,14.31,263686.55,379582.981,0.079905
2012-11-12,14.38,14.38,13.88,14.21,118070.92,166643.825,0.035779
2012-11-13,14.0,14.87,13.96,14.06,116972.59,168599.302,0.035446
2012-11-14,13.9,14.69,13.9,14.64,108420.54,155996.489,0.032854999999999995
2012-11-15,14.71,15.85,14.64,15.6,225385.99,346232.158,0.068299
2012-11-16,15.4,15.65,14.71,15.19,136121.79,205619.816,0.041249
2012-11-19,15.19,15.4,14.01,14.46,123158.88,178913.679,0.037321
2012-11-20,14.3,14.35,13.87,14.04,77747.02,109344.077,0.023559999999999998
2012-11-21,14.06,15.0,13.95,14.96,120017.46,175595.98,0.036369
2012-11-22,14.9,15.34,14.38,14.48,95429.82,141098.852,0.028918
2012-11-23,14.4,14.9,14.21,14.41,65208.05,94561.834,0.01976
2012-11-26,14.45,14.76,14.05,14.35,58927.59,84935.632,0.017857
2012-11-27,14.16,14.37,13.5,13.6,80796.89,111300.871,0.024484
2012-11-28,13.55,13.86,13.11,13.8,43643.37,58864.126,0.013225
2012-11-29,13.74,13.89,13.31,13.47,42887.82,58085.759,0.012996
2012-11-30,13.35,13.52,12.52,12.95,75396.28,97994.778,0.022847
2012-12-03,12.9,13.05,12.54,12.71,39296.34,49931.779,0.011908
2012-12-04,12.7,12.96,12.45,12.88,35220.36,44926.684,0.010672999999999998
2012-12-05,12.82,13.87,12.78,13.61,60745.23,81627.596,0.018408
2012-12-06,13.61,13.87,13.46,13.64,30920.01,42329.509,0.00937
2012-12-07,13.68,13.94,13.5,13.85,36661.8,50644.376,0.01111
2012-12-10,13.85,14.59,13.7,14.57,61399.55,87360.018,0.018606
2012-12-11,14.55,14.55,14.2,14.22,40548.5,58097.599,0.012287
2012-12-12,14.1,15.43,14.1,14.91,99434.29,148120.233,0.030132
2012-12-13,14.84,15.1,14.23,14.26,66450.41,96835.157,0.020135999999999998
2012-12-14,14.2,14.88,14.2,14.69,51813.41,75704.757,0.015701
2012-12-17,14.78,14.84,14.33,14.4,48321.14,69999.967,0.014643
2012-12-18,14.39,14.44,14.01,14.07,50703.27,71935.443,0.015365
2012-12-19,14.0,14.47,13.95,14.11,33245.56,47374.442,0.010074000000000001
2012-12-20,14.0,14.11,13.7,13.86,39754.97,55100.19,0.012047
2012-12-21,13.84,14.45,13.84,14.23,35659.27,50306.886,0.010806
2012-12-24,14.27,14.64,14.1,14.11,47138.85,67775.535,0.014285
2012-12-25,14.1,14.29,13.8,14.21,66532.96,93381.642,0.020162
2012-12-26,14.21,15.15,14.2,15.0,114527.07,167989.737,0.034705
2012-12-27,15.0,15.09,14.58,14.69,61983.61,91630.917,0.018783
2012-12-28,14.66,14.85,14.31,14.7,51261.18,74795.735,0.015534
2012-12-31,14.9,14.9,14.43,14.79,43833.13,64402.377,0.013283
2013-01-04,14.85,14.94,14.59,14.64,31382.29,46185.919,0.00951
2013-01-07,14.49,15.28,14.49,14.98,69907.35,104703.404,0.021183999999999998
2013-01-08,14.88,15.2,14.77,15.0,44455.56,66461.643,0.013471
2013-01-09,14.99,16.5,14.91,16.5,209387.61,339208.503,0.06345100000000001
2013-01-10,16.98,17.3,16.48,17.05,190490.39,321100.97,0.057724000000000004
2013-01-11,17.06,17.06,16.18,16.36,114330.53,189266.838,0.034645999999999996
2013-01-14,16.25,16.78,16.12,16.59,94092.49,155282.471,0.028513
2013-01-15,16.42,16.89,16.28,16.59,87678.51,145779.553,0.026569
2013-01-16,16.41,17.0,16.37,16.7,74739.0,125063.95,0.022648
2013-01-17,16.72,17.16,16.45,17.0,73956.34,124377.733,0.022411
2013-01-18,16.98,17.62,16.93,17.51,112884.79,196300.14,0.034207999999999995
2013-01-21,17.55,17.68,17.03,17.24,70915.12,122776.749,0.021488999999999998
2013-01-22,17.2,17.49,16.9,16.93,48469.83,83170.14,0.014688000000000001
2013-01-23,16.78,17.25,16.6,16.8,40597.86,68397.764,0.012302
2013-01-24,16.8,17.0,16.0,16.2,61599.87,101809.058,0.018667
2013-01-25,16.22,16.55,16.15,16.22,31630.11,51631.57,0.009585
2013-01-28,16.3,17.0,16.3,16.97,34292.05,57549.803,0.010391999999999998
2013-01-29,16.98,17.48,16.97,17.09,39167.84,67586.937,0.011869000000000001
2013-01-30,17.03,17.3,16.88,17.28,28994.06,49474.864,0.008786
2013-01-31,17.7,18.39,17.39,17.42,87101.65,155404.032,0.026394
2013-02-01,17.33,17.85,17.02,17.6,43676.95,76378.126,0.013234999999999999
2013-02-04,17.93,17.94,17.37,17.56,43679.84,76656.864,0.013236000000000001
2013-02-05,17.53,17.7,17.28,17.37,30952.93,53849.731,0.00938
2013-02-06,17.37,17.62,17.37,17.47,22867.61,39972.197,0.0069299999999999995
2013-02-07,17.6,17.6,17.15,17.19,28667.29,49598.66,0.008687
2013-02-08,17.17,17.62,17.17,17.5,22053.76,38556.079,0.006683
2013-02-18,17.58,18.88,17.5,18.4,74425.11,135152.067,0.022553
2013-02-19,18.39,18.65,18.21,18.36,40228.38,74113.702,0.012190000000000001
2013-02-20,18.5,19.61,18.3,19.48,73664.53,141401.261,0.022323
2013-02-21,19.51,20.0,18.87,19.38,78546.91,152124.962,0.023802
2013-02-22,19.46,19.97,19.01,19.06,48236.37,93497.238,0.014617
2013-02-25,19.07,19.87,18.8,19.82,68113.6,131264.15,0.020640000000000002
2013-02-26,19.79,20.1,19.6,19.74,51001.85,101249.785,0.015455000000000002
2013-02-27,19.85,19.91,19.48,19.74,30579.48,60133.039,0.009267
2013-02-28,19.78,20.35,19.65,20.15,56568.01,113442.506,0.017142
2013-03-01,20.25,20.36,19.9,20.17,41204.41,82792.149,0.012485999999999999
2013-03-04,20.15,20.18,19.71,19.99,53003.3,105865.955,0.016062
2013-03-05,19.82,21.21,19.82,21.15,75009.91,154910.216,0.02273
2013-03-06,21.15,21.77,20.92,21.49,47764.75,102073.792,0.014474
2013-03-07,21.33,23.28,21.32,22.22,85906.72,192212.608,0.026032000000000003
2013-03-08,22.13,22.59,21.82,22.46,51398.06,113657.304,0.015575
2013-03-11,22.46,24.25,22.35,24.0,104696.92,246254.848,0.031726000000000004
2013-03-12,23.94,24.2,21.66,21.72,143433.38,327607.786,0.043465
2013-03-13,21.17,22.43,20.16,21.69,100115.99,213482.498,0.030337999999999997
2013-03-14,21.06,21.98,20.7,20.84,75749.33,160265.06,0.022954
2013-03-15,20.85,21.4,20.65,20.85,51778.14,108612.84,0.01569
2013-03-18,20.85,20.86,19.5,19.68,85128.8,170103.659,0.025797
2013-03-19,19.59,21.0,19.59,20.89,74085.48,151948.263,0.02245
2013-03-20,20.8,21.49,20.8,21.32,50038.39,106298.75,0.015163
2013-03-21,21.32,22.28,21.32,21.93,45217.35,99527.419,0.013702
2013-03-22,21.94,22.7,21.94,22.67,42114.06,94246.045,0.012762
2013-03-25,22.6,23.18,22.0,22.09,46096.69,103262.048,0.013969
2013-03-26,22.12,22.48,21.03,22.34,51226.18,111727.045,0.015523
2013-03-27,22.3,22.68,21.82,22.04,31480.77,70060.349,0.00954
2013-03-28,21.91,22.23,21.6,21.66,33671.15,73800.688,0.010203
2013-03-29,21.66,21.92,21.39,21.73,21252.03,45874.67,0.00644
2013-04-01,21.97,21.97,21.51,21.62,17893.21,38865.084,0.005422
2013-04-02,21.56,21.78,21.17,21.61,25980.79,55801.064,0.007873
2013-04-03,21.61,21.74,21.15,21.18,23215.07,49472.496,0.0070350000000000005
2013-04-08,20.5,20.85,20.3,20.48,36736.08,75334.299,0.011132
2013-04-09,20.48,21.67,20.48,21.52,33440.36,71260.001,0.010133000000000001
2013-04-10,21.54,21.69,21.25,21.55,19771.04,42418.612,0.005991
2013-04-11,21.58,21.77,20.98,21.01,23279.53,49654.771,0.007054
2013-04-12,20.99,21.04,20.48,20.5,26013.54,53819.884,0.007883
2013-04-15,20.49,20.49,20.11,20.38,12815.09,26058.785,0.0038829999999999997
2013-04-16,20.3,20.3,19.62,20.27,21821.37,43588.495,0.006613
2013-04-17,20.27,21.17,20.27,20.75,17779.8,37048.06,0.0053879999999999996
2013-04-18,20.57,20.79,20.45,20.6,15298.26,31566.835,0.004636
2013-04-19,20.58,21.1,20.55,21.08,27164.61,56560.052,0.008232
2013-04-22,21.0,21.14,20.5,20.56,22578.79,46814.78,0.006842
2013-04-23,20.43,20.5,19.66,19.68,35192.58,70236.605,0.010664
2013-04-24,19.7,20.19,19.58,20.14,29194.02,58215.129,0.008847
2013-04-25,20.21,20.7,20.05,20.16,34801.92,71340.321,0.010546
2013-04-26,20.15,20.47,19.7,19.99,22969.97,45738.822,0.006961
2013-05-02,20.0,20.0,17.99,17.99,56368.4,103616.364,0.017081
2013-05-03,17.73,18.78,16.84,18.46,73402.62,129424.014,0.022243
2013-05-06,18.15,18.45,17.91,18.21,31463.48,57261.041,0.009534
2013-05-07,18.2,18.37,18.02,18.09,26787.03,48642.12,0.008117
2013-05-08,18.08,18.36,18.08,18.17,28616.23,52155.371,0.008672
2013-05-09,18.17,19.12,18.09,19.02,39857.17,74701.559,0.012078
2013-05-10,19.02,19.17,18.78,18.88,26160.92,49424.428,0.007928
2013-05-13,18.88,18.88,18.28,18.33,26637.17,49275.492,0.008072000000000001
2013-05-14,18.33,18.76,18.25,18.45,19545.56,36098.161,0.005923
2013-05-15,18.33,18.65,18.26,18.37,15624.89,28666.678,0.004735
2013-05-16,18.42,18.42,17.9,18.29,29091.66,52720.576,0.008816000000000001
2013-05-17,18.29,18.6,18.08,18.58,25365.85,46628.827,0.007687
2013-05-20,18.5,19.69,18.49,19.44,49365.93,94680.536,0.014959
2013-05-21,19.38,20.05,19.08,20.01,55684.3,108850.396,0.016874
2013-05-22,19.95,20.2,19.23,19.24,58394.07,114749.586,0.017695000000000002
2013-05-23,19.09,19.09,18.7,18.78,27433.27,51762.87,0.008313000000000001
2013-05-24,18.81,19.1,18.72,18.84,32511.83,61418.693,0.009852
2013-05-27,18.99,19.12,18.6,18.61,31619.32,59429.47,0.009582
2013-05-28,18.66,18.9,18.45,18.87,26339.54,49259.147,0.007982
2013-05-29,18.94,19.0,18.48,18.87,29892.02,55856.808,0.009058
2013-05-30,18.8,19.0,18.56,18.85,31664.04,59389.218,0.009595
2013-05-31,18.91,18.92,18.68,18.77,29092.27,54603.623,0.008816000000000001
2013-06-03,18.69,18.88,18.4,18.63,43425.5,81208.455,0.013159
2013-06-04,18.63,18.98,18.54,18.67,31120.68,58392.171,0.009431
2013-06-05,18.75,18.78,18.45,18.6,27931.86,51878.453,0.008464000000000001
2013-06-06,12.41,12.72,12.41,12.63,29094.42,36699.026,0.008816000000000001
2013-06-07,12.51,12.65,12.3,12.43,41163.1,51238.049,0.008316
2013-06-13,12.5,12.59,11.55,12.04,39855.96,48827.095,0.008052
2013-06-14,12.08,12.36,12.05,12.14,31362.53,38267.605,0.0063360000000000005
2013-06-17,12.2,12.33,11.96,12.06,29300.48,35293.47,0.005919
2013-06-18,12.17,12.17,11.9,11.97,23436.13,28130.333,0.004735
2013-06-19,11.88,11.96,11.51,11.66,35591.41,41516.936,0.007189999999999999
2013-06-20,11.65,11.66,11.18,11.36,34326.19,39075.209,0.006935
2013-06-21,11.36,11.36,11.0,11.19,29081.65,32400.714,0.005875
2013-06-24,11.24,11.24,10.07,10.07,43408.8,45627.961,0.008769
2013-06-25,9.94,9.97,9.06,9.33,71775.11,67229.696,0.014499999999999999
2013-06-26,9.35,9.7,9.2,9.59,32290.63,30716.999,0.006523
2013-06-27,9.55,9.6,9.2,9.26,39374.0,37027.11,0.007954
2013-06-28,9.2,9.34,9.01,9.08,25355.45,23225.318,0.005122
2013-07-01,9.25,9.99,9.08,9.71,119133.04,117387.646,0.024066999999999998
2013-07-02,9.61,9.95,9.45,9.81,81567.02,79405.995,0.016478
2013-07-03,9.76,9.91,9.5,9.84,54094.67,52460.43,0.010928
2013-07-04,9.68,10.74,9.68,10.57,73677.47,76508.591,0.014884
2013-07-05,10.61,10.85,10.16,10.19,71387.17,74446.123,0.014421999999999999
2013-07-08,9.9,10.1,9.64,9.65,52444.04,51610.941,0.010595
2013-07-09,9.65,9.83,9.5,9.6,34638.46,33295.126,0.006998
2013-07-10,9.58,9.85,9.4,9.83,45619.97,43836.865,0.009216
2013-07-11,9.86,10.7,9.85,10.21,198912.45,204474.914,0.040184
2013-07-12,10.22,10.56,10.11,10.27,104804.17,108485.801,0.021173
2013-07-15,10.28,10.47,10.25,10.36,47115.62,48783.51,0.009518
2013-07-16,10.45,10.46,10.22,10.36,46560.4,48170.798,0.009406
2013-07-17,10.36,10.58,10.35,10.5,96877.64,101378.421,0.019571
2013-07-18,10.39,10.49,10.28,10.3,74381.53,77021.919,0.015026999999999999
2013-07-19,10.3,10.39,9.8,9.85,52655.63,53413.768,0.010638000000000002
2013-07-22,9.85,10.53,9.61,10.52,77394.24,80023.276,0.015635
2013-07-23,10.62,11.57,10.62,11.15,140782.38,157351.991,0.028441
2013-07-24,11.02,11.42,10.8,11.2,106299.55,117573.897,0.021475
2013-07-25,11.24,11.59,10.9,10.93,95388.51,106984.746,0.01927
2013-07-26,10.73,11.09,10.73,10.85,26551.37,28770.046,0.005364
2013-07-29,10.83,10.83,10.34,10.52,45137.45,47540.59,0.009119
2013-07-30,10.46,10.64,10.28,10.4,43215.02,44955.08,0.00873
2013-07-31,10.42,10.64,10.32,10.61,45236.31,47400.842,0.009139000000000001
2013-08-01,10.61,11.2,10.55,11.05,54655.46,59770.925,0.011042000000000001
2013-08-02,11.11,11.3,11.01,11.05,54858.17,60931.249,0.011082000000000002
2013-08-05,11.15,11.47,10.95,11.32,44762.15,50565.935,0.009043
2013-08-06,11.3,11.42,11.23,11.35,31892.18,36111.149,0.006443
2013-08-07,11.39,11.62,11.24,11.42,55484.77,63457.488,0.011209
2013-08-08,11.57,11.57,11.3,11.39,37159.04,42363.592,0.007507000000000001
2013-08-09,11.39,11.62,11.26,11.4,34083.41,38972.638,0.006886
2013-08-12,11.46,12.36,11.3,12.21,102640.22,122017.33,0.020735
2013-08-13,12.2,12.71,12.18,12.56,123886.54,154994.772,0.025028
2013-08-14,12.5,12.5,12.2,12.34,88803.34,109397.407,0.01794
2013-08-15,12.3,12.97,12.2,12.72,104467.7,132167.495,0.021105
2013-08-16,12.8,13.27,12.63,12.89,127832.43,166336.99,0.025825
2013-08-19,12.78,13.08,12.11,12.39,167550.6,208602.624,0.033849
2013-08-20,12.25,12.47,12.2,12.3,76752.22,94399.583,0.015505
2013-08-21,12.15,12.41,12.1,12.14,62854.6,76913.38,0.012698000000000001
2013-08-22,12.16,12.69,12.14,12.54,56880.71,71189.013,0.011491
2013-08-23,12.69,12.77,12.16,12.52,51126.99,63782.918,0.010329
2013-08-26,12.48,12.48,11.85,12.15,200953.51,244357.619,0.040597
2013-08-27,12.16,12.5,11.8,12.29,154844.66,188216.653,0.031282000000000004
2013-08-28,12.15,12.32,11.88,12.06,121577.44,146445.871,0.024561000000000003
2013-08-29,12.16,12.39,11.79,11.88,140663.28,169348.58,0.028416999999999998
2013-08-30,11.95,11.99,11.48,11.68,104491.53,122000.386,0.021109
2013-09-02,11.73,12.14,11.62,12.06,90400.07,107874.825,0.018263
2013-09-03,12.08,12.25,11.95,12.08,60975.19,73841.151,0.012318
2013-09-04,12.17,12.17,11.85,12.05,63460.2,76097.629,0.01282
2013-09-05,12.01,12.13,11.95,11.99,63113.48,75755.483,0.01275
2013-09-06,11.95,12.06,11.87,11.98,61028.23,73186.927,0.012329000000000001
2013-09-09,11.94,12.06,11.52,11.96,96769.21,114750.611,0.019549
2013-09-10,12.0,13.16,11.9,13.15,242347.97,308438.812,0.048959
2013-09-11,13.0,13.49,12.86,13.01,211803.98,278447.286,0.042789
2013-09-12,12.87,13.25,12.68,12.9,99394.09,128578.797,0.02008
2013-09-13,12.96,13.48,12.93,13.19,167945.91,222468.486,0.033928
2013-09-16,13.19,13.46,12.66,12.76,264140.0,341533.138,0.053362
2013-09-17,12.69,12.88,12.35,12.58,137302.21,172908.817,0.027738
2013-09-18,12.55,12.81,12.47,12.74,66548.93,83999.654,0.013444000000000001
2013-09-23,12.9,13.09,12.62,12.79,89092.12,114392.517,0.017998
2013-09-24,12.8,12.96,12.74,12.92,81518.57,104646.889,0.016468
2013-09-25,12.92,13.0,12.78,12.87,87894.24,113244.819,0.017756
2013-09-26,13.0,13.0,12.52,12.59,79101.0,101138.405,0.01598
2013-09-27,12.56,12.71,12.46,12.47,47051.0,59114.085,0.009505
2013-09-30,12.49,12.88,12.49,12.65,45003.58,57064.426,0.009092
2013-10-08,12.65,12.82,12.48,12.82,61712.26,77935.881,0.012466999999999999
2013-10-09,12.82,13.44,12.82,13.27,110875.58,146953.576,0.022399
2013-10-10,13.38,13.42,13.05,13.06,83046.65,109522.263,0.016777
2013-10-11,13.1,13.5,13.05,13.43,88719.34,118683.32,0.017923
2013-10-14,13.54,13.71,13.4,13.6,77813.48,105629.457,0.01572
2013-10-15,13.6,13.91,13.55,13.7,99368.89,136320.499,0.020075
2013-10-16,13.81,13.81,13.2,13.36,86398.54,115821.842,0.017454
2013-10-17,13.45,13.84,13.27,13.47,65538.87,88574.84,0.01324
2013-10-18,13.47,13.71,13.34,13.62,52006.59,70597.753,0.010506
2013-10-21,13.7,13.78,13.52,13.67,65508.07,89216.966,0.013234
2013-10-22,13.73,13.79,13.51,13.59,58484.99,79811.022,0.011814999999999999
2013-10-23,13.64,13.64,12.94,13.1,83536.86,110286.793,0.016876
2013-10-24,13.1,13.15,12.51,12.8,70603.88,90239.975,0.014263
2013-10-25,12.79,12.79,12.12,12.41,68462.55,85617.028,0.013831
2013-10-28,12.3,12.45,12.3,12.32,34831.8,43061.206,0.007037
2013-10-29,12.44,12.59,11.5,11.96,78819.32,94116.513,0.015923
2013-10-30,11.86,12.11,11.86,12.01,21336.57,25567.025,0.00431
2013-10-31,12.01,12.01,11.49,11.65,54238.93,63080.216,0.010957
2013-11-01,11.84,11.84,11.45,11.8,37111.08,43294.393,0.007497
2013-11-04,11.69,11.85,11.61,11.78,24818.24,29082.943,0.005013999999999999
2013-11-05,11.7,12.15,11.6,12.11,35911.41,43008.929,0.007255
2013-11-06,12.11,12.58,12.11,12.4,87164.07,107989.7,0.017609
2013-11-07,12.4,12.71,12.39,12.51,58324.57,73342.743,0.011782999999999998
2013-11-08,12.5,12.58,12.38,12.55,33418.55,41638.609,0.006751
2013-11-11,12.55,12.7,12.42,12.57,29758.68,37326.226,0.006012
2013-11-12,12.6,12.7,12.51,12.68,29125.57,36647.712,0.005884
2013-11-13,12.59,12.7,12.27,12.3,24917.6,30972.118,0.005033999999999999
2013-11-14,12.31,12.4,11.9,12.23,28373.02,34459.953,0.005732
2013-11-15,12.34,12.79,12.2,12.25,59615.19,74523.652,0.012043
2013-11-18,12.25,12.55,12.25,12.54,40088.97,49848.134,0.008099
2013-11-19,12.54,12.64,12.41,12.48,33359.53,41729.151,0.006739
2013-11-20,12.48,12.72,12.48,12.66,37832.88,47816.836,0.007643
2013-11-21,12.68,12.83,12.51,12.76,46660.89,59249.994,0.009426
2013-11-22,12.81,12.83,12.59,12.6,38859.15,49366.197,0.007850000000000001
2013-11-25,12.55,12.55,12.15,12.27,51416.81,63196.031,0.010387
2013-11-26,12.31,12.34,11.9,12.15,44680.93,53895.589,0.009026
2013-11-27,12.02,12.36,12.01,12.21,34236.32,41529.82,0.006916
2013-11-28,12.22,12.54,12.12,12.38,62382.46,77273.468,0.012603
2013-11-29,12.35,12.78,12.35,12.68,64780.66,82000.131,0.013087
2013-12-02,12.5,12.53,12.18,12.26,71042.43,87682.247,0.014352
2013-12-03,12.26,12.39,12.18,12.36,23034.97,28389.906,0.004654
2013-12-04,12.47,12.57,12.32,12.48,32116.78,40083.636,0.006488000000000001
2013-12-05,12.49,12.71,12.17,12.26,46698.51,57482.211,0.009434
2013-12-06,12.22,12.34,12.2,12.22,18794.16,23064.327,0.003797
2013-12-09,12.24,12.48,12.2,12.4,20517.01,25381.863,0.004144999999999999
2013-12-10,12.4,12.46,12.25,12.32,21645.44,26656.039,0.004373
2013-12-11,12.32,12.32,12.1,12.25,27033.67,32923.629,0.005461000000000001
2013-12-12,12.13,12.3,12.13,12.17,14294.52,17426.027,0.002888
2013-12-13,12.17,12.23,12.1,12.11,19276.39,23397.685,0.0038940000000000003
2013-12-16,12.17,12.23,11.86,11.92,34495.08,41526.324,0.0069689999999999995
2013-12-17,11.88,11.98,11.7,11.89,17553.43,20873.109,0.003546
2013-12-18,11.81,11.9,11.68,11.77,24370.75,28605.53,0.004923
2013-12-19,11.72,11.79,10.59,11.1,144792.92,160179.608,0.029251
2013-12-20,10.92,11.08,10.5,11.0,42197.89,45747.917,0.008525
2013-12-23,11.0,11.28,10.71,10.91,24325.09,26483.86,0.004914
2013-12-24,10.92,11.01,10.83,10.93,14154.53,15499.383,0.0028599999999999997
2013-12-25,10.95,11.23,10.95,11.23,68772.04,76623.391,0.013892999999999999
2013-12-26,11.23,11.55,11.18,11.3,50531.57,57527.572,0.010208
2013-12-27,11.31,11.81,11.31,11.63,55762.42,65112.75,0.011265
2013-12-30,11.63,11.79,11.45,11.46,23925.82,27796.895,0.0048330000000000005
2013-12-31,11.42,11.98,11.41,11.76,43204.07,50782.421,0.008728
2014-01-02,11.76,11.93,11.7,11.89,25576.75,30352.681,0.005167000000000001
2014-01-03,11.9,11.91,11.71,11.8,25921.75,30614.065,0.005237
2014-01-06,11.75,11.82,11.36,11.37,30929.99,35578.315,0.006248
2014-01-07,11.35,11.53,11.1,11.4,23910.37,27113.088,0.00483
2014-01-08,11.33,11.49,11.14,11.18,18030.88,20265.829,0.003643
2014-01-09,11.18,11.3,11.05,11.09,15591.8,17442.139,0.00315
2014-01-10,11.09,11.22,10.95,11.03,26182.67,29000.125,0.005289
2014-01-13,11.1,11.39,11.1,11.25,31770.66,35829.85,0.006418
2014-01-14,11.38,11.42,11.25,11.41,15575.81,17687.929,0.0031469999999999996
2014-01-15,11.31,11.74,11.31,11.68,26837.64,31205.032,0.005422
2014-01-16,11.67,11.81,11.41,11.75,50087.21,58686.422,0.010119
2014-01-17,11.75,12.1,11.69,11.76,59575.04,71007.418,0.012035
2014-01-20,11.75,12.04,11.68,11.81,32842.54,39015.266,0.006634999999999999
2014-01-21,11.81,11.97,11.42,11.61,42092.68,48763.333,0.008504000000000001
2014-01-22,11.7,11.7,11.43,11.54,57981.87,66752.861,0.011714
2014-01-23,11.54,11.86,11.51,11.78,35765.87,41873.541,0.0072250000000000005
2014-01-24,11.75,11.98,11.75,11.96,45090.34,53569.428,0.009109
2014-01-27,11.95,12.33,11.8,12.07,56024.79,68189.957,0.011318
2014-01-28,12.07,12.16,11.87,11.88,30910.08,37078.873,0.0062439999999999996
2014-01-29,11.97,12.29,11.75,11.84,79274.24,94719.935,0.016014999999999998
2014-01-30,11.77,11.88,11.66,11.77,36400.81,42883.011,0.007354
2014-02-07,11.76,12.0,11.67,11.9,51866.71,61680.368,0.010478000000000001
2014-02-10,11.99,12.44,11.83,12.35,86598.12,106167.359,0.017495
2014-02-11,12.35,12.69,12.35,12.42,65810.85,82543.364,0.013295
2014-02-12,12.39,12.66,12.2,12.32,67225.49,83298.567,0.013581000000000001
2014-02-13,12.33,12.58,12.03,12.39,74967.12,92128.221,0.015144999999999999
2014-02-14,12.36,12.52,12.21,12.38,52440.76,64644.891,0.010594
2014-02-17,12.39,12.47,12.31,12.36,63172.96,78254.719,0.012762
2014-02-18,12.36,12.4,12.05,12.11,68746.39,83470.336,0.013888000000000001
2014-02-19,12.12,12.35,12.05,12.21,77063.54,93962.33,0.015568
2014-02-20,12.2,12.26,11.85,11.89,77807.04,94015.214,0.015719
2014-02-21,11.89,11.99,11.4,11.56,68306.35,79367.978,0.013798999999999999
2014-02-24,11.6,11.6,11.02,11.21,69441.13,78215.277,0.014029
2014-02-25,11.24,11.45,10.87,11.04,68015.63,75760.724,0.013741000000000001
2014-02-26,11.09,11.18,10.81,11.07,40561.41,44638.709,0.008194
2014-02-27,11.09,11.19,10.83,11.17,54714.13,60176.213,0.011053
2014-02-28,11.18,11.44,11.12,11.29,52103.5,58814.41,0.010526
2014-03-03,11.17,11.37,11.1,11.28,43884.71,49108.264,0.008866
2014-03-04,11.2,11.2,11.0,11.04,45597.85,50510.336,0.009212
2014-03-05,11.04,11.19,10.98,11.13,34391.27,38044.296,0.006947999999999999
2014-03-06,11.13,11.15,10.9,11.01,27341.02,30220.521,0.005523
2014-03-07,11.1,11.28,11.01,11.08,46579.36,51831.529,0.00941
2014-03-10,11.05,11.05,10.58,10.92,56256.0,60972.91,0.011365
2014-03-11,10.83,11.0,10.71,10.95,25844.27,28065.948,0.005221
2014-03-12,10.86,10.95,10.6,10.74,22551.07,24200.255,0.004556
2014-03-13,10.78,10.85,10.6,10.81,18156.18,19430.487,0.0036680000000000003
2014-03-14,10.78,10.87,10.63,10.71,22801.7,24494.709,0.004606
2014-03-17,10.64,10.8,10.55,10.7,20312.22,21683.657,0.004103
2014-03-18,10.63,11.14,10.6,11.05,56286.66,61198.928,0.011371
2014-03-19,11.0,11.07,10.84,11.0,35299.25,38576.015,0.007130999999999999
2014-03-20,11.0,11.0,10.71,10.85,29599.34,32121.519,0.00598
2014-03-21,10.75,10.92,10.65,10.88,33922.43,36581.819,0.006853000000000001
2014-03-24,10.88,11.09,10.88,11.04,52559.4,57708.076,0.010618
2014-03-25,11.1,11.35,11.0,11.05,61824.04,69036.886,0.012490000000000001
2014-03-26,11.04,11.36,11.01,11.2,134495.28,151194.692,0.027170999999999997
2014-03-27,11.11,11.29,11.09,11.15,50234.95,56119.408,0.010147999999999999
2014-03-28,11.16,11.2,10.5,10.54,66605.86,71775.505,0.013456
2014-03-31,10.65,10.68,9.49,10.38,172965.71,173060.968,0.034943
2014-07-15,6.11,6.72,6.05,6.7,586490.81,378498.23,0.069696
2014-07-16,6.5,6.71,6.36,6.38,263225.46,171761.537,0.031280999999999996
2014-07-17,6.34,6.66,6.12,6.46,263233.16,169399.406,0.031280999999999996
2014-07-18,6.51,6.81,6.51,6.61,288647.05,191939.581,0.034301
2014-07-21,6.61,6.65,6.41,6.64,197898.06,129934.344,0.023517
2014-07-22,6.58,6.64,6.49,6.57,253123.65,166405.519,0.03008
2014-07-23,6.56,6.68,6.51,6.66,226319.78,149754.434,0.026895
2014-07-24,6.7,7.1,6.61,7.07,446431.66,308740.575,0.053052
2014-07-25,7.06,7.68,7.0,7.4,626873.16,465400.989,0.07449499999999999
2014-07-28,7.44,8.04,7.44,7.99,701584.26,547498.392,0.083373
2014-07-29,7.98,8.11,7.84,8.09,474884.05,379123.35,0.056433
2014-07-30,8.06,8.74,8.0,8.6,667355.93,564329.912,0.079306
2014-07-31,8.6,9.16,8.45,8.68,752755.42,664233.263,0.08945399999999999
2014-08-01,8.63,8.9,8.5,8.77,397829.94,348169.158,0.047276
2014-08-04,8.77,8.93,8.66,8.88,379929.66,334315.818,0.045149
2014-08-05,8.9,9.75,8.88,9.74,654931.39,612052.584,0.077829
2014-08-06,9.76,10.18,9.38,9.65,759932.08,746538.664,0.090307
2014-08-07,9.59,9.84,9.16,9.6,658746.93,625697.942,0.078282
2014-08-08,9.5,9.94,9.42,9.82,450405.98,438285.158,0.053524
2014-08-11,9.85,10.8,9.85,10.74,677201.67,709229.317,0.08047599999999999
2014-08-12,10.75,11.62,10.54,11.36,761498.47,845209.383,0.090493
2014-08-13,11.36,11.98,11.24,11.85,767812.66,887571.318,0.091243
2014-08-14,12.0,13.04,11.79,13.04,1030149.93,1299704.751,0.122418
2014-08-15,12.99,13.55,12.4,13.09,953021.07,1233854.537,0.113253
2014-08-18,13.09,13.32,12.71,12.86,538719.57,701920.912,0.064019
2014-08-19,12.78,13.04,11.57,11.99,868633.78,1055843.791,0.103224
2014-08-20,11.93,12.35,11.81,12.34,462320.98,557503.201,0.054939999999999996
2014-08-21,12.22,13.1,12.07,12.8,550954.25,702844.946,0.065473
2014-08-22,12.7,12.99,12.53,12.68,345470.85,442065.493,0.04105400000000001
2014-08-25,12.62,12.8,11.88,12.08,413772.58,507902.88,0.04917099999999999
2014-08-26,12.08,12.36,11.92,12.23,232211.71,282759.476,0.027595
2014-08-27,12.2,12.39,11.56,11.84,319095.43,379884.051,0.037919999999999995
2014-08-28,11.85,12.07,11.49,11.59,285924.68,335345.421,0.033978
2014-08-29,11.7,11.79,10.93,11.36,362375.51,409276.713,0.043063000000000004
2014-09-01,11.45,12.5,11.38,12.5,475531.8,574037.109,0.05651
2014-09-02,12.81,13.59,12.81,13.26,654086.71,862689.924,0.07772899999999999
2014-09-03,13.31,14.37,13.31,14.33,621667.71,868844.201,0.073876
2014-09-05,14.47,14.62,13.65,14.01,455173.01,646451.387,0.05409099999999999
2014-09-09,13.9,14.5,13.89,14.15,287368.66,407531.487,0.03415
2014-09-10,14.3,14.5,14.05,14.17,239333.11,341093.876,0.028441
2014-09-11,14.18,15.0,13.88,14.99,407784.3,584184.784,0.048459
2014-09-12,15.07,15.79,15.07,15.44,428172.87,661512.907,0.050882
2014-09-15,15.38,15.65,15.0,15.26,235198.87,357958.637,0.02795
2014-09-16,15.1,15.55,14.62,14.77,234622.44,355943.967,0.027881
2014-09-17,14.81,15.05,14.21,14.79,163337.73,239437.665,0.01941
2014-09-18,14.81,15.84,14.51,15.79,260717.98,394718.231,0.030983
2014-09-19,15.8,16.18,15.14,15.17,368871.7,574489.244,0.043835
2014-09-22,14.94,15.3,14.7,15.19,210787.87,315863.621,0.025049000000000002
2014-09-23,15.19,15.44,14.92,15.19,151857.57,231686.259,0.018046
2014-09-24,15.19,15.47,15.0,15.24,174972.04,266654.378,0.020793
2014-09-25,15.36,16.0,15.36,15.71,251050.46,395744.961,0.029834
2014-09-26,15.8,17.28,15.8,17.07,418061.33,693357.424,0.04968
2014-09-29,17.07,17.49,16.55,16.89,279358.81,475099.451,0.033198
2014-09-30,17.0,17.35,16.86,17.04,157609.39,268702.153,0.01873
2014-10-08,17.1,17.39,16.85,17.11,143148.58,244567.803,0.017011000000000002
2014-10-09,17.1,17.27,16.86,16.97,122486.12,208711.882,0.014556
2014-10-10,16.95,17.05,16.59,16.81,127454.9,214414.333,0.015146
2014-10-13,16.8,17.8,16.6,17.44,172535.69,296892.62,0.020503
2014-10-14,17.3,17.64,17.06,17.42,114102.84,197772.32,0.013559000000000002
2014-10-15,17.17,17.54,17.06,17.09,105133.29,181377.757,0.012494
2014-10-16,17.11,17.39,16.69,16.8,151242.88,258930.058,0.017973
2014-10-17,16.84,17.16,16.46,16.88,116559.49,196325.728,0.013851
2014-10-20,16.88,17.25,16.87,16.93,93204.61,158521.633,0.011075999999999999
2014-10-21,16.96,17.05,16.5,16.84,100408.62,168222.011,0.011932
2014-10-22,16.66,16.95,16.58,16.84,119064.42,199179.378,0.014149
2014-10-23,16.85,16.89,16.31,16.51,99541.97,164721.41,0.011829000000000001
2014-10-24,16.62,17.6,16.62,17.11,184870.08,315807.104,0.021969
2014-10-27,17.13,17.42,17.0,17.07,132990.72,228659.905,0.015804
2014-10-28,17.34,17.34,16.6,16.81,151788.26,255525.293,0.018038000000000002
2014-10-29,16.84,17.08,16.52,16.84,155761.79,260313.917,0.01851
2014-10-30,16.95,16.95,16.55,16.62,103604.09,173106.362,0.012312
2014-10-31,16.61,16.98,16.49,16.8,124843.67,209018.751,0.014836
2014-11-03,16.71,17.31,16.6,17.2,188553.46,323552.548,0.022407
2014-11-05,17.5,17.79,15.48,15.48,410885.28,652787.926,0.048827999999999996
2014-11-06,14.01,14.83,13.93,13.93,995221.28,1403558.441,0.118268
2014-11-07,13.51,13.7,12.7,13.23,971597.2,1273198.252,0.11546
2014-11-10,13.0,13.32,12.89,13.17,462432.64,606444.604,0.054953
2014-11-11,13.17,13.18,12.25,12.68,539797.86,681121.035,0.064147
2014-11-12,12.6,12.8,12.45,12.73,257249.66,324512.313,0.03057
2014-11-13,12.72,13.25,12.63,13.2,481946.3,628311.517,0.057271999999999997
2014-11-14,13.13,13.58,13.01,13.49,309149.52,411529.655,0.036738
2014-11-17,13.38,13.69,13.33,13.44,226158.3,305131.562,0.026876
2014-11-18,13.35,13.48,12.84,13.4,214604.72,283779.824,0.025503
2014-11-19,13.36,13.66,13.2,13.48,213411.67,288106.224,0.025360999999999998
2014-11-20,13.48,13.57,13.19,13.4,123953.69,166034.794,0.01473
2014-11-21,13.45,14.48,13.31,14.2,387090.55,536970.091,0.046
2014-11-24,14.31,14.55,14.0,14.28,383278.39,545629.558,0.045547000000000004
2014-11-25,14.25,14.6,14.1,14.34,255870.27,366707.574,0.030406
2014-11-26,14.43,14.45,14.11,14.35,210000.69,299516.735,0.024956
2014-11-27,14.36,14.43,14.1,14.19,173499.36,246781.082,0.020617999999999997
2014-11-28,14.35,14.54,14.03,14.2,258217.7,369181.129,0.030684999999999997
2014-12-01,14.24,14.24,13.49,13.68,200185.88,274971.35,0.023788999999999998
2014-12-02,13.46,13.93,13.41,13.67,230827.17,315198.842,0.02743
2014-12-03,13.58,13.84,13.48,13.76,249317.7,341278.996,0.029628
2014-12-04,13.71,13.95,13.55,13.76,241203.62,330158.95,0.028664000000000002
2014-12-05,13.79,13.88,12.98,13.39,217158.83,292338.47,0.025806
2014-12-08,13.28,13.58,12.99,13.07,286545.09,377598.641,0.034052
2014-12-09,13.06,13.3,12.32,12.44,270118.74,345472.328,0.0321
2014-12-10,12.46,12.83,11.8,12.71,268268.81,332330.82,0.03188
2014-12-11,13.0,13.48,12.78,13.33,241599.35,319272.898,0.028711
2014-12-12,13.5,13.6,13.07,13.26,251216.38,333216.699,0.029853
2014-12-15,13.32,13.4,13.13,13.28,109886.54,145714.216,0.013058
2014-12-16,13.32,13.39,13.03,13.24,129407.8,170302.322,0.015378000000000001
2014-12-17,13.22,13.22,12.71,12.81,142214.98,182799.223,0.0169
2014-12-18,12.97,13.25,12.71,12.72,103854.4,133752.445,0.012341999999999999
2014-12-19,13.0,13.0,12.28,12.78,145836.17,183789.459,0.017331
2014-12-22,12.68,12.71,11.5,11.99,207108.87,245437.571,0.024612
2014-12-23,11.78,11.8,10.79,10.79,175610.26,196806.674,0.020869
2015-01-12,11.87,11.87,11.87,11.87,11582.92,13748.926,0.001376
2015-01-13,13.06,13.06,10.7,10.77,1322328.47,1532318.264,0.157139
2015-01-14,10.19,10.58,9.89,10.07,742037.92,750602.747,0.08818
2015-01-15,10.01,10.18,9.86,10.07,305069.19,306106.319,0.036253
2015-01-16,10.16,10.38,10.02,10.28,406356.69,414232.386,0.04829
2015-01-19,10.02,10.55,9.75,10.21,373548.39,381193.122,0.044391
2015-01-20,10.25,10.47,9.99,10.41,402646.08,413698.001,0.047849
2015-01-21,10.4,11.18,10.32,10.97,546447.55,594337.42,0.064937
2015-01-22,11.0,11.45,10.87,11.25,436464.31,489489.657,0.051867
2015-01-23,11.3,11.42,11.0,11.17,275647.0,307013.23,0.032757
2015-01-26,11.17,11.35,10.99,11.14,233991.96,260188.913,0.027807
2015-01-27,11.16,11.23,10.82,11.03,222874.15,245003.479,0.026484999999999998
2015-01-28,11.0,11.14,10.85,11.02,275431.26,303683.154,0.032730999999999996
2015-01-29,10.99,11.12,10.86,11.0,196921.45,216600.167,0.023401
2015-01-30,11.05,11.08,10.7,10.85,140802.04,153027.211,0.016732
2015-02-02,10.68,11.3,10.33,11.13,350964.46,385409.318,0.041707
2015-02-03,11.15,11.53,11.08,11.29,313092.64,353012.443,0.037206
2015-02-04,11.27,11.41,11.06,11.13,214553.86,240613.825,0.025497000000000002
2015-02-05,11.2,11.24,10.74,10.75,195555.91,213326.743,0.023239
2015-02-06,10.72,11.46,10.4,10.88,291004.91,317066.37,0.034582
2015-02-09,10.9,11.26,10.81,10.96,166090.45,182532.818,0.019737
2015-02-10,10.84,11.01,10.84,10.93,91269.26,99582.368,0.010846
2015-02-11,10.92,10.99,10.82,10.91,107948.3,117744.136,0.012827999999999999
2015-02-12,10.88,11.48,10.88,11.33,386388.23,433497.599,0.045917000000000006
2015-02-13,11.33,11.94,11.3,11.82,489077.74,569597.589,0.058120000000000005
2015-02-16,11.82,12.1,11.76,11.92,371499.36,442561.878,0.044147
2015-02-17,11.99,12.12,11.87,11.91,224997.73,269395.122,0.026737999999999998
2015-02-25,12.0,13.1,11.88,13.1,521531.03,661885.417,0.061976
2015-02-26,13.49,13.98,13.2,13.74,744611.14,1014693.88,0.088486
2015-02-27,13.56,13.75,13.2,13.5,426954.64,575692.669,0.050737
2015-03-02,13.68,14.24,13.53,13.65,705818.47,976077.619,0.083876
2015-03-03,13.68,14.15,13.66,13.67,570177.39,787343.699,0.067757
2015-03-04,13.6,14.67,13.14,14.56,755327.6,1049422.673,0.08976
2015-03-05,14.59,15.3,14.12,14.31,941531.53,1380267.906,0.11188700000000001
2015-03-06,14.42,14.7,13.86,14.17,460776.87,655752.633,0.054757
2015-03-09,14.09,14.84,13.91,14.71,509631.23,735224.41,0.060562
2015-03-10,14.83,15.4,14.8,14.87,634108.32,953129.357,0.075355
2015-03-11,14.85,15.19,14.41,14.77,523903.37,773923.301,0.062257999999999994
2015-03-12,14.95,14.95,14.15,14.37,343888.26,497994.788,0.040866
2015-03-13,14.3,14.55,13.79,14.19,568350.72,800201.589,0.06753999999999999
2015-03-16,14.24,14.62,13.86,14.53,588574.63,842633.594,0.06994399999999999
2015-03-17,14.48,15.49,14.38,15.19,766424.34,1150169.305,0.09107799999999999
2015-03-18,15.36,16.49,15.2,16.18,795018.5,1261741.715,0.09447599999999999
2015-03-19,16.15,16.65,15.74,15.97,569100.6,921227.397,0.067629
2015-03-20,15.97,16.49,15.71,16.27,582073.54,940817.301,0.069171
2015-03-23,16.38,17.13,16.3,17.04,660854.24,1115346.126,0.078533
2015-03-24,17.15,18.73,16.79,18.38,1005734.88,1770241.442,0.11951700000000001
2015-03-25,18.01,18.95,17.95,18.74,399206.11,738964.028,0.047439999999999996
2015-03-26,18.0,18.51,16.87,16.87,1568485.62,2689887.514,0.186392
2015-03-27,15.9,16.94,15.25,16.42,1153567.29,1849950.906,0.137085
2015-03-30,15.81,15.99,14.8,15.24,1242901.52,1920575.502,0.147701
2015-04-01,15.47,15.85,15.25,15.8,912260.67,1423779.819,0.10840899999999999
2015-04-02,15.85,16.15,15.45,15.68,779960.07,1223098.608,0.092687
2015-04-03,15.68,16.1,15.45,15.86,725958.17,1149424.001,0.08627000000000001
2015-04-07,15.87,16.57,15.87,16.36,759584.62,1241105.836,0.090266
2015-04-08,16.62,16.7,15.71,15.93,685566.66,1106865.577,0.08147
2015-04-09,15.9,15.9,14.76,15.36,541415.9,830181.26,0.06433900000000001
2015-04-10,15.26,15.95,15.0,15.73,416605.62,652630.469,0.049508
2015-04-13,15.83,17.11,15.83,16.98,967471.0,1603141.019,0.11497
2015-04-14,17.02,17.25,16.38,16.52,715173.43,1194962.337,0.084988
2015-04-15,16.53,16.92,15.59,15.63,609275.93,983874.756,0.072404
2015-04-16,15.4,16.0,15.0,15.72,396118.8,619648.916,0.047073000000000004
2015-04-17,15.81,16.08,15.5,15.61,472925.72,742450.143,0.0562
2015-04-20,15.52,15.52,14.65,14.86,746304.0,1119791.253,0.088687
2015-04-21,14.87,15.33,14.87,15.3,395646.96,597629.732,0.047016999999999996
2015-04-22,15.34,16.48,15.2,16.11,809939.21,1283009.649,0.096249
2015-04-23,16.18,16.29,15.7,15.79,564471.38,897479.981,0.067079
2015-04-24,15.66,16.44,15.48,16.07,721244.08,1153805.642,0.085709
2015-04-27,16.08,16.35,15.48,15.58,785490.13,1236477.493,0.09334400000000001
2015-04-29,14.75,15.2,14.02,14.86,900092.32,1307370.754,0.106963
2015-04-30,14.65,14.84,14.23,14.29,659014.11,953920.678,0.07831400000000001
2015-05-04,14.44,14.56,14.25,14.36,422355.67,607059.756,0.050191
2015-05-05,14.49,14.49,13.3,13.54,589549.3,817198.697,0.070059
2015-05-06,13.69,13.8,12.88,13.02,429303.63,575836.431,0.051016000000000006
2015-05-07,12.99,13.0,12.12,12.29,510388.71,640273.367,0.060652
2015-05-08,12.49,12.98,12.31,12.95,528037.4,669178.994,0.06275
2015-05-11,13.14,14.25,13.14,14.25,442489.67,606705.135,0.052583000000000005
2015-05-12,15.3,15.37,14.58,14.79,1051369.25,1575839.575,0.12494
2015-05-13,14.9,16.27,14.38,16.27,1159918.26,1789727.448,0.137839
2015-05-14,17.0,17.5,15.5,15.59,1682436.88,2784674.222,0.19993300000000003
2015-05-15,15.1,15.55,15.0,15.04,817013.55,1247208.125,0.09709
2015-05-18,14.95,15.46,14.51,15.37,710546.71,1073598.306,0.084438
2015-05-19,15.34,15.77,15.15,15.58,667159.18,1035286.227,0.079282
2015-05-20,15.49,16.07,15.2,15.68,941912.85,1465268.888,0.111933
2015-05-21,15.68,15.89,15.44,15.77,728853.51,1141381.045,0.08661400000000001
2015-05-22,15.78,16.77,15.78,16.11,926330.89,1505314.977,0.11008100000000001
2015-05-25,16.02,16.59,15.5,16.36,1129730.3,1818442.95,0.134252
2015-05-26,16.37,17.59,16.2,17.26,1360940.39,2317509.977,0.16172799999999998
2015-05-27,17.01,17.17,16.36,16.91,1005931.0,1692390.738,0.11954000000000001
2015-05-28,16.95,17.38,15.22,15.37,1123566.34,1853863.054,0.133519
2015-05-29,15.3,15.81,14.01,14.99,714216.5,1076711.974,0.048291
2015-06-01,15.05,16.49,15.05,16.49,814861.11,1331073.276,0.055095
2015-06-02,17.4,18.14,16.54,18.14,1285305.8,2281043.657,0.08690400000000001
2015-06-03,18.9,18.98,16.81,17.26,2208165.1,3916129.548,0.149301
2015-06-04,17.28,18.6,16.6,18.56,1728496.49,3075568.772,0.116869
2015-06-05,19.05,19.48,18.12,18.76,1791936.59,3369200.604,0.121159
2015-06-08,18.8,18.86,17.6,17.91,1173562.34,2121319.032,0.079348
2015-06-09,17.63,18.35,17.43,17.76,896031.97,1600198.444,0.060584
2015-06-10,17.56,18.35,17.2,18.29,1038918.66,1852811.98,0.070245
2015-06-11,18.21,20.12,18.01,20.12,1661510.24,3160225.769,0.11234
2015-06-12,20.5,20.67,19.77,19.87,1525118.65,3076028.854,0.103118
2015-06-15,19.6,20.35,19.2,19.77,1081057.06,2141324.898,0.073094
2015-06-16,19.5,19.5,18.01,18.16,980926.53,1834249.05,0.066324
2015-06-17,18.12,18.46,16.99,18.09,796064.22,1410698.89,0.053824
2015-06-18,18.2,18.36,17.0,17.06,625400.47,1111417.395,0.042285
2015-06-19,16.8,16.8,15.35,15.35,621454.79,997767.356,0.042019
2015-06-23,15.35,15.67,13.82,15.37,662661.44,984604.273,0.044805000000000005
2015-06-24,15.65,16.28,15.07,15.99,793588.02,1243902.903,0.053657
2015-06-25,15.99,16.26,14.57,14.74,656812.26,1019685.379,0.044409000000000004
2015-06-26,14.29,14.29,13.27,13.27,687520.92,937983.796,0.046486
2015-06-29,13.69,13.7,11.94,11.94,762383.45,949473.684,0.051547
2015-06-30,11.8,12.75,10.75,12.46,954812.62,1109813.228,0.064558
2015-07-01,12.01,12.8,11.21,11.21,745839.71,907001.185,0.050429
2015-07-02,11.0,11.5,10.09,10.09,755004.5,787701.783,0.051048
2015-07-03,9.46,9.9,9.08,9.08,682898.41,631413.812,0.046173
2015-07-06,9.99,9.99,8.17,8.17,930758.2,812731.315,0.062932
2015-07-15,8.99,8.99,8.99,8.99,133360.29,119890.901,0.009016999999999999
2015-07-16,8.09,9.58,8.09,9.5,1326061.86,1185282.471,0.08965899999999999
2015-07-17,9.38,10.28,9.26,10.02,1225183.98,1203494.016,0.082839
2015-07-20,10.0,10.49,9.81,10.17,1102167.36,1117168.969,0.074521
2015-07-21,10.0,11.19,9.81,11.19,1783971.12,1937824.732,0.12061999999999999
2015-07-22,11.0,11.22,10.55,10.98,1302666.5,1418657.178,0.088078
2015-07-23,10.91,11.51,10.83,11.21,1222810.36,1362760.468,0.08267799999999999
2015-07-24,11.22,11.54,10.76,10.87,1375107.03,1533850.545,0.09297499999999999
2015-07-27,10.5,10.85,9.78,9.78,890653.36,923853.207,0.06022
2015-07-28,8.86,9.67,8.8,8.8,1117505.72,1005356.054,0.075558
2015-07-29,9.0,9.64,8.46,9.61,935752.86,839501.02,0.063269
2015-07-30,9.42,9.79,9.0,9.11,850154.35,803610.857,0.057482
2015-07-31,9.0,9.35,8.7,8.89,543813.26,488458.446,0.036768999999999996
2015-08-03,8.74,8.83,8.02,8.26,513933.06,433135.656,0.034749
2015-08-04,8.35,9.09,8.32,9.09,735516.01,641653.638,0.049731
2015-08-05,9.09,9.18,8.7,8.84,751856.84,673972.74,0.050835
2015-08-06,8.6,9.2,8.51,9.06,593230.13,526721.662,0.04011
2015-08-07,9.12,9.45,9.1,9.35,823852.1,765406.98,0.055702999999999996
2015-08-10,9.49,10.08,9.29,9.91,982530.49,952951.996,0.066432
2015-08-11,9.9,10.38,9.76,10.05,1044218.09,1055855.193,0.070603
2015-08-12,9.85,10.19,9.69,9.75,872871.9,869678.784,0.059017999999999994
2015-08-13,9.65,10.1,9.6,10.06,804178.95,792285.874,0.054373
2015-08-14,10.22,10.78,10.08,10.31,1171104.46,1213618.668,0.079182
2015-08-17,10.18,10.96,10.05,10.81,1065237.98,1122476.744,0.072024
2015-08-18,11.0,11.15,9.73,9.73,1161927.82,1206926.744,0.078562
2015-08-19,9.24,9.98,8.8,9.87,857975.74,803331.88,0.058011
2015-08-20,9.76,10.34,9.56,9.87,931512.98,928634.595,0.062983
2015-08-21,9.66,9.87,8.9,9.05,665879.03,623612.874,0.045022
2015-08-24,8.5,8.76,8.15,8.15,550777.38,453121.128,0.03724
2015-08-25,7.34,7.5,7.34,7.34,418561.58,307801.366,0.028300000000000002
2015-08-26,7.25,7.5,6.61,6.61,1072918.53,742603.549,0.072544
2016-03-02,7.27,7.27,7.27,7.27,8204.63,5964.766,0.000555
2016-03-03,8.0,8.0,8.0,8.0,5598.96,4479.168,0.00037900000000000005
2016-03-04,8.8,8.8,7.82,8.02,1737954.51,1463936.531,0.117509
2016-03-07,8.04,8.31,7.86,8.19,992915.11,801840.967,0.067134
2016-03-08,8.24,8.24,7.6,8.07,800614.84,633111.458,0.054132
2016-03-09,7.65,7.87,7.37,7.53,638283.33,487303.367,0.043156
2016-03-10,7.49,7.61,7.21,7.22,397052.23,293693.064,0.026846000000000002
2016-03-11,7.17,7.29,6.91,7.02,346696.55,245792.625,0.023441
2016-03-14,7.1,7.37,7.05,7.23,451192.93,326783.417,0.030507
2016-03-15,7.16,7.3,7.08,7.12,304884.53,219229.066,0.020614
2016-03-16,7.16,7.21,6.95,7.0,293351.74,207103.49,0.019834
2016-03-17,7.1,7.23,7.01,7.2,371602.72,265640.118,0.025125
2016-03-18,7.25,7.59,7.2,7.57,664255.13,493505.003,0.044912
2016-03-22,7.8,8.33,7.7,8.33,767046.11,625360.767,0.051862000000000005
2016-03-23,8.67,8.98,8.5,8.62,1770729.98,1540218.236,0.119725
2016-03-24,8.45,9.4,8.22,9.04,1628253.7,1431437.624,0.110092
2016-03-25,8.8,9.02,8.63,8.74,801372.68,703757.079,0.054183
2016-03-28,8.74,8.92,8.4,8.47,650131.97,563112.087,0.043958000000000004
2016-03-29,8.48,8.9,8.36,8.56,1046099.22,907136.139,0.07073
2016-03-30,8.56,8.9,8.44,8.87,1015402.71,885555.164,0.068655
2016-03-31,8.88,8.88,8.63,8.66,684691.05,597069.882,0.046294
2016-04-01,8.67,8.78,8.41,8.5,438971.68,374867.216,0.029679999999999998
2016-04-05,8.59,8.7,8.47,8.66,517005.38,445645.976,0.034956
2016-04-06,8.67,8.83,8.52,8.72,687325.78,596785.622,0.046472
2016-04-07,8.75,8.82,8.41,8.44,525873.36,452610.667,0.035556000000000004
2016-04-08,8.27,8.44,8.12,8.27,395968.48,328386.207,0.026772999999999998
2016-04-11,8.34,8.51,8.34,8.42,327719.67,276664.564,0.022158
2016-04-12,8.43,8.68,8.4,8.54,458756.06,392790.578,0.031018
2016-04-13,8.65,8.97,8.65,8.72,918692.3,810932.525,0.062116
2016-04-14,8.78,8.81,8.58,8.67,505629.98,437844.785,0.034186999999999995
2016-04-15,8.72,9.2,8.65,9.0,933563.15,833951.689,0.063121
2016-04-18,8.97,8.97,8.66,8.68,533970.08,467831.691,0.036103
2016-04-19,8.27,8.42,7.88,8.01,1473074.36,1196702.924,0.099599
2016-04-20,7.84,7.93,7.22,7.38,1246126.34,948692.297,0.084255
2016-04-21,7.26,7.72,7.26,7.46,727664.2,546221.959,0.0492
2016-04-22,7.3,7.42,7.21,7.38,416946.34,305308.017,0.028191
2016-04-25,7.37,7.37,7.11,7.26,319831.86,231268.917,0.021625000000000002
2016-04-26,7.29,7.37,7.22,7.37,280998.4,204858.474,0.018999
2016-04-27,7.34,7.45,7.29,7.3,320622.61,236138.106,0.021678000000000003
2016-04-28,7.32,7.33,7.06,7.19,286568.4,205962.665,0.019376
2016-04-29,7.21,7.31,7.17,7.23,222798.56,161628.32,0.015064
2016-05-03,7.28,7.49,7.2,7.48,389195.98,289249.747,0.026314999999999998
2016-05-04,7.47,7.49,7.36,7.43,336041.32,249698.429,0.022721
2016-05-05,7.42,7.52,7.31,7.51,335508.63,249136.108,0.022685
2016-05-06,7.47,7.55,7.1,7.13,443852.83,324864.515,0.03001
2016-05-09,7.05,7.05,6.65,6.71,392495.84,266743.428,0.026538
2016-05-10,6.71,6.8,6.63,6.71,189070.75,126816.987,0.012784
2016-05-11,6.77,6.81,6.65,6.69,187182.56,125872.561,0.012656
2016-05-12,6.59,6.59,6.31,6.52,253283.25,163239.537,0.017124999999999998
2016-05-13,6.48,6.8,6.42,6.75,354033.36,235889.748,0.023937
2016-05-16,6.7,7.43,6.62,7.43,424946.59,302957.642,0.028732
2016-05-17,8.0,8.06,7.55,7.68,1860482.2,1461987.638,0.125793
2016-05-18,7.49,7.55,6.91,7.09,999869.28,724082.367,0.067604
2016-05-19,7.0,7.54,6.99,7.28,900444.79,654540.034,0.060882
2016-05-20,7.11,7.33,7.03,7.19,582654.37,417952.218,0.039395
2016-05-23,7.2,7.4,7.18,7.26,488765.11,356071.635,0.033047
2016-05-24,7.23,7.34,7.06,7.28,528347.98,378905.006,0.035723
2016-05-25,7.32,7.34,7.05,7.06,452283.13,325535.301,0.03058
2016-05-26,7.07,7.15,6.72,7.07,404556.1,280625.948,0.027353000000000002
2016-05-27,7.03,7.06,6.92,6.94,284518.54,198933.537,0.019237
2016-05-30,6.82,6.93,6.75,6.83,237692.47,162477.176,0.016071
2016-05-31,6.85,7.17,6.84,7.15,471890.07,333070.064,0.031906
2016-06-01,7.15,7.51,7.12,7.28,719121.43,526570.225,0.048622
2016-06-02,7.24,7.4,7.17,7.29,497374.92,362093.113,0.033629
2016-06-03,7.28,8.02,7.23,7.63,1291987.27,997307.144,0.087355
2016-06-06,7.58,7.88,7.58,7.7,854084.92,661112.59,0.057747
2016-06-07,7.65,8.05,7.52,7.98,1117510.83,873532.75,0.075559
2016-06-08,7.88,7.92,7.71,7.79,736517.77,575639.006,0.049798
2016-06-13,7.6,7.88,7.3,7.34,666954.25,511453.097,0.045095
2016-06-14,7.28,7.43,7.11,7.25,513042.07,372482.769,0.034688
2016-06-15,7.12,7.65,7.1,7.58,601700.63,449463.019,0.040683
2016-06-16,7.57,8.08,7.51,7.92,1141428.53,894207.508,0.077176
2016-06-17,8.71,8.71,8.65,8.71,874507.77,761692.433,0.059128
2016-06-20,8.5,8.59,8.0,8.12,1765161.92,1450550.457,0.119348
2016-06-21,8.18,8.33,7.8,7.91,1055703.51,854899.753,0.07138
2016-06-22,7.84,8.18,7.84,8.17,748168.96,603221.98,0.050586
2016-06-23,8.17,8.17,7.74,7.85,727397.93,577602.806,0.049182
2016-06-24,7.81,7.96,7.39,7.7,669269.47,518221.619,0.045251
2016-06-27,7.65,8.05,7.6,8.02,546180.32,429869.907,0.036929
2016-06-28,7.92,8.03,7.8,7.94,521518.17,412682.786,0.035261999999999995
2016-06-29,7.98,8.23,7.92,8.18,855498.16,691903.318,0.057843
2016-06-30,8.13,8.18,7.91,7.99,541400.06,434038.816,0.036606
2016-07-01,7.95,8.06,7.91,7.96,410738.87,328422.631,0.027771
2016-07-04,7.92,8.33,7.92,8.2,966038.64,793812.85,0.065317
2016-07-05,8.23,8.28,8.1,8.25,662024.64,541284.503,0.044762
2016-07-06,8.22,8.78,8.18,8.55,1308048.45,1109985.99,0.08844099999999999
2016-07-07,8.57,9.38,8.48,8.92,2053320.64,1847564.189,0.138832
2016-07-08,8.8,9.26,8.75,8.77,1459816.1,1310074.916,0.098703
2016-07-11,8.7,9.22,8.7,8.92,1208935.62,1088256.364,0.08174
2016-07-12,8.86,8.97,8.52,8.83,976393.94,853121.008,0.066017
2016-07-13,8.99,9.29,8.99,9.06,1298631.42,1184174.011,0.087805
2016-07-14,9.0,9.01,8.72,8.85,835580.77,739354.963,0.056496000000000005
2016-07-15,8.84,8.94,8.73,8.84,490146.21,432946.472,0.03314
2016-07-18,8.75,8.76,8.46,8.59,626929.54,538849.214,0.042389
2016-07-19,8.62,8.73,8.53,8.67,479916.38,414450.515,0.032449
2016-07-20,8.64,8.72,8.57,8.62,412923.68,356459.256,0.027919
2016-07-21,8.57,8.83,8.53,8.79,605600.46,525089.196,0.040947
2016-07-22,8.75,8.77,8.51,8.53,484462.8,417771.204,0.032756
2016-07-25,8.54,8.54,8.35,8.37,378206.1,318151.599,0.025571999999999998
2016-07-26,8.48,9.21,8.48,9.03,1669882.71,1501133.618,0.11290599999999999
2016-07-27,8.9,8.94,8.16,8.36,1278461.02,1099675.897,0.086441
2016-07-28,8.34,8.46,8.21,8.37,516035.2,430519.494,0.034891
2016-07-29,8.38,8.45,8.11,8.16,418286.83,344637.753,0.028281999999999998
2016-08-01,8.17,8.19,7.89,8.03,332416.7,266176.644,0.022476
2016-08-02,8.01,8.1,7.97,8.09,206188.89,166145.118,0.013940999999999999
2016-08-03,8.06,8.24,8.03,8.14,263074.82,214540.314,0.017787
2016-08-04,8.17,8.18,7.98,8.16,258262.78,208914.019,0.017462
2016-08-05,8.14,8.18,8.07,8.1,219523.44,178180.429,0.014843
2016-08-08,8.12,8.16,7.93,8.15,258360.83,208785.576,0.017469
2016-08-09,8.13,8.42,8.11,8.32,456063.16,376375.771,0.030836000000000002
2016-08-10,8.31,8.49,8.28,8.3,431193.27,361193.424,0.029154
2016-08-11,8.28,8.35,8.06,8.07,298975.79,244030.997,0.020215
2016-08-12,8.05,8.15,7.98,8.13,244700.73,197560.857,0.016545
2016-08-15,8.14,8.48,8.07,8.41,600165.72,498723.081,0.040579000000000004
2016-08-16,8.65,8.72,8.48,8.54,869780.62,747521.246,0.05880899999999999
2016-08-17,8.5,8.5,8.37,8.46,420510.24,354716.423,0.028432
2016-08-18,8.44,8.74,8.41,8.69,663258.27,568919.19,0.044844999999999996
2016-08-19,8.65,9.09,8.58,8.99,1267010.64,1122109.601,0.08566700000000001
2016-08-22,8.98,8.98,8.46,8.48,812575.79,704849.533,0.054941000000000004
2016-08-23,8.36,8.54,8.31,8.41,401314.73,337870.063,0.027134000000000002
2016-08-24,8.4,8.51,8.38,8.42,231298.7,195300.59,0.015639
2016-08-25,8.32,8.35,8.18,8.25,342173.34,282335.653,0.023135
2016-08-26,8.32,8.37,8.21,8.25,215648.47,179041.863,0.014581
2016-08-29,8.39,8.52,8.33,8.4,300657.74,253517.28,0.020328
2016-08-30,8.37,8.52,8.37,8.4,197560.62,166544.831,0.013358000000000002
2016-08-31,8.35,8.41,8.28,8.38,249509.28,208375.069,0.01687
2016-09-01,8.4,8.43,8.23,8.25,211157.91,176264.191,0.014277
2016-09-02,8.23,8.36,8.23,8.32,222226.06,184532.898,0.015025
2016-09-05,8.33,8.44,8.29,8.36,217214.57,181730.012,0.014686999999999999
2016-09-06,8.33,8.38,8.18,8.37,259134.13,215050.945,0.017521
2016-09-07,8.39,8.47,8.3,8.33,262455.73,220215.666,0.017745
2016-09-08,8.3,8.33,8.21,8.26,253433.02,209463.55,0.017135
2016-09-09,8.26,8.3,8.18,8.19,179554.44,148018.467,0.01214
2016-09-12,8.06,8.07,7.84,8.03,387936.56,309065.507,0.026230000000000003
2016-09-13,8.06,8.19,8.04,8.14,240680.8,195570.987,0.016273
2016-09-14,8.09,8.19,8.04,8.08,143908.69,116786.46,0.009729999999999999
2016-09-19,8.09,8.15,8.09,8.11,118801.89,96432.404,0.008033
2016-09-20,8.13,8.23,8.12,8.13,133676.26,109148.898,0.009038000000000001
2016-09-21,8.16,8.17,8.09,8.11,106087.42,86201.006,0.0071730000000000006
2016-09-22,8.17,8.23,8.1,8.18,197984.86,161585.277,0.013386
2016-09-23,8.17,8.2,8.11,8.11,131627.68,107222.901,0.0089
2016-09-26,8.12,8.12,7.85,7.88,202160.53,160821.908,0.013669
2016-09-27,7.88,7.94,7.68,7.86,185455.19,145181.845,0.012539
2016-09-28,7.9,7.9,7.73,7.78,110451.0,86127.375,0.007468
2016-09-29,7.79,7.85,7.73,7.74,104217.0,81141.425,0.007046
2016-09-30,7.73,7.92,7.71,7.85,136144.58,106213.613,0.009205
2016-10-10,7.88,8.01,7.87,7.99,154046.26,122746.72,0.010416000000000002
2016-10-11,8.02,8.03,7.96,8.02,121439.74,97041.846,0.008211000000000001
2016-10-12,7.99,8.0,7.91,7.95,106033.58,84354.274,0.007169
2016-10-13,8.03,8.12,7.99,8.02,165429.91,133239.267,0.011185
2016-10-14,8.0,8.04,7.89,7.93,119042.0,94566.463,0.008048999999999999
2016-10-17,7.97,7.97,7.8,7.82,135574.77,106968.635,0.009167
2016-10-18,7.83,7.94,7.8,7.91,121649.31,95745.019,0.008225
2016-10-19,7.94,8.04,7.89,7.91,159180.42,126689.606,0.010763
2016-10-20,7.93,7.96,7.84,7.92,138435.12,109484.83,0.00936
2016-10-21,7.9,7.93,7.84,7.87,125160.3,98603.496,0.008461999999999999
2016-10-24,7.86,7.95,7.84,7.92,168114.41,132983.846,0.011367
2016-10-25,7.94,8.06,7.93,8.04,268339.01,214703.183,0.018143
2016-10-26,8.08,8.09,7.92,7.96,177740.11,141862.244,0.012018
2016-10-27,7.92,7.96,7.83,7.88,158333.0,125004.698,0.010705
2016-10-28,7.9,7.93,7.81,7.82,142142.02,111710.227,0.009611
2016-10-31,7.8,7.92,7.75,7.91,135986.11,106672.151,0.009194
2016-11-01,7.92,7.97,7.88,7.94,152104.78,120681.817,0.010284
2016-11-02,7.93,7.95,7.81,7.83,175452.17,138124.644,0.011862999999999999
2016-11-03,7.81,7.88,7.78,7.84,174067.2,136365.079,0.011769
2016-11-04,7.85,7.89,7.8,7.82,154143.51,120660.56,0.010422
2016-11-07,7.85,8.03,7.73,7.99,399653.75,316271.6,0.027022
2016-11-08,8.1,8.1,7.91,7.97,267265.14,212661.171,0.018071
2016-11-09,8.0,8.03,7.84,7.92,278169.05,220824.042,0.018808000000000002
2016-11-10,8.1,8.38,8.1,8.19,649201.82,533736.973,0.043894999999999997
2016-11-11,8.22,8.88,8.13,8.57,1214563.48,1035545.86,0.082121
2016-11-14,8.42,8.8,8.42,8.56,904560.23,779860.576,0.06116
2016-11-15,8.58,8.62,8.36,8.44,487430.25,413243.788,0.032957
2016-11-16,8.39,8.51,8.35,8.41,311913.64,262055.53,0.021089000000000004
2016-11-24,8.69,9.25,8.54,8.91,2084602.47,1879433.044,0.140947
2016-11-25,8.79,8.89,8.51,8.74,890079.68,771902.426,0.060181
2016-11-28,8.82,8.95,8.6,8.81,641964.89,562847.987,0.043405
2016-11-29,8.7,8.72,8.38,8.42,564590.23,483001.064,0.038174
2016-11-30,8.38,8.58,8.36,8.43,289443.34,244313.76,0.01957
2016-12-01,8.45,8.51,8.36,8.4,210263.78,176861.519,0.014217
2016-12-02,8.39,8.41,8.18,8.31,306238.56,254362.884,0.020706000000000002
2016-12-05,8.21,8.29,8.15,8.24,181954.85,149668.268,0.012303
2016-12-06,8.29,8.32,8.17,8.19,146165.01,120323.953,0.009883
2016-12-07,8.19,8.39,8.17,8.35,227720.8,188773.028,0.015397000000000001
2016-12-08,8.31,8.33,8.21,8.22,193029.88,159353.643,0.013051
2016-12-09,8.25,8.37,8.17,8.21,232405.52,192065.325,0.015714
2016-12-12,8.18,8.24,7.57,7.67,393366.41,309289.666,0.026597
2016-12-13,7.55,7.79,7.52,7.67,174971.17,133925.278,0.01183
2016-12-14,7.67,7.73,7.54,7.59,132215.15,101032.833,0.008939
2016-12-15,7.5,7.65,7.45,7.55,191975.99,144982.644,0.01298
2016-12-16,7.55,7.65,7.49,7.62,112813.51,85384.369,0.007628
2016-12-19,7.6,7.84,7.6,7.68,159416.32,122367.316,0.010779
2016-12-20,7.66,7.88,7.61,7.79,209252.04,162278.776,0.014148
2016-12-21,7.79,7.87,7.75,7.83,137670.17,107512.042,0.009308
2016-12-22,7.79,7.98,7.75,7.85,153178.37,119992.667,0.010357
2016-12-23,7.86,7.98,7.73,7.74,119158.3,93272.078,0.008057
2016-12-26,7.7,7.73,7.48,7.67,128010.67,96961.538,0.008655000000000001
2016-12-27,7.74,7.85,7.7,7.77,90185.78,69983.996,0.006098
2016-12-28,7.77,8.09,7.71,7.87,231530.09,182765.877,0.015655
2016-12-29,7.8,7.91,7.74,7.75,103243.78,80827.697,0.006981
2016-12-30,7.74,7.99,7.72,7.8,139089.0,109121.705,0.009404000000000001
2017-01-03,7.86,8.14,7.85,8.01,227578.39,182543.585,0.015387
2017-01-04,8.0,8.1,7.96,8.04,142052.12,114116.133,0.009605
2017-01-05,8.02,8.07,7.99,8.01,126196.83,101320.437,0.008532999999999999
2017-01-06,8.0,8.06,7.87,7.91,122449.12,97489.372,0.008279
2017-01-09,7.92,7.96,7.87,7.9,82248.71,65020.295,0.005561
2017-01-10,7.89,7.99,7.83,7.94,101962.18,80772.484,0.006894
2017-01-11,7.96,8.09,7.88,7.88,131967.32,105298.188,0.008923
2017-01-12,7.83,7.92,7.68,7.7,127877.7,99544.464,0.008646000000000001
2017-01-13,7.73,7.77,7.53,7.57,102147.51,78229.958,0.006907
2017-01-16,7.56,7.63,6.99,7.16,189937.77,138821.55,0.012842
2017-01-17,7.15,7.23,7.06,7.21,98672.54,70747.873,0.006672
2017-01-18,7.22,7.25,7.16,7.19,62827.4,45292.061,0.004248
2017-01-19,7.19,7.23,7.1,7.11,69315.62,49585.887,0.004687
2017-01-20,7.11,7.24,7.09,7.2,83959.59,60303.249,0.005677
2017-01-23,7.2,7.56,7.2,7.42,125907.59,93065.58,0.008513
2017-01-24,7.38,7.42,7.33,7.34,51298.07,37810.472,0.003468
2017-01-25,7.38,7.42,7.33,7.35,51715.62,38149.615,0.003497
2017-01-26,7.37,7.56,7.37,7.52,138573.05,103740.303,0.009368999999999999
2017-02-03,7.57,7.57,7.43,7.46,76123.02,56958.231,0.0051470000000000005
2017-02-06,7.47,7.53,7.34,7.51,88795.6,66164.826,0.006004000000000001
2017-02-07,7.49,7.5,7.39,7.48,75526.87,56222.389,0.005107
2017-02-08,7.45,7.51,7.37,7.5,97248.37,72402.939,0.006575
2017-02-09,7.49,7.55,7.49,7.54,90776.32,68273.714,0.006138
2017-02-10,7.54,7.66,7.53,7.56,152748.54,115777.0,0.010327999999999999
2017-02-13,7.77,7.89,7.63,7.74,237357.94,183376.71,0.016049
2017-02-14,7.69,7.81,7.65,7.77,164191.1,126967.696,0.011101000000000001
2017-02-15,7.77,7.78,7.56,7.58,150872.82,115691.777,0.010201
2017-02-16,7.52,8.09,7.52,7.93,377943.91,297989.339,0.025554
2017-02-17,7.9,7.96,7.71,7.77,208874.82,163388.471,0.014123000000000002
2017-02-20,7.78,7.99,7.75,7.91,160158.76,126353.908,0.010829
2017-08-28,8.7,8.7,8.52,8.7,552558.35,480173.73,0.037360000000000004
2017-08-29,8.7,8.85,8.4,8.42,1402418.77,1206752.547,0.094822
2017-08-30,8.5,9.26,8.43,8.85,1453087.21,1279474.618,0.098248
2017-08-31,9.33,9.74,9.25,9.74,1842976.37,1759779.649,0.12461
2017-09-01,10.0,10.36,9.64,9.7,2688624.42,2691106.99,0.181787
2017-09-04,9.74,9.96,9.52,9.84,1315117.22,1284885.036,0.088919
2017-09-05,9.71,9.76,9.41,9.56,996343.26,953234.179,0.067366
2017-09-06,9.4,10.04,9.31,9.73,1192871.23,1160538.835,0.080654
2017-09-07,9.59,9.76,9.41,9.44,761118.3,726094.945,0.051462
2017-09-08,9.5,9.8,9.5,9.63,780354.71,754650.662,0.052762
2017-09-11,9.49,9.83,9.45,9.79,737969.45,716350.093,0.049897
2017-09-12,9.81,10.08,9.54,9.62,1140707.18,1120061.508,0.077127
2017-09-13,9.38,9.5,9.15,9.32,773833.26,720248.244,0.052321
2017-09-14,9.42,9.55,9.18,9.26,506641.19,473925.878,0.034256
2017-09-15,9.25,9.32,9.06,9.3,427040.35,392454.678,0.028874
2017-09-18,9.29,9.43,9.17,9.3,334411.8,311100.91,0.022611
2017-09-19,9.3,9.59,9.2,9.58,645591.03,608948.023,0.043651
2017-09-20,9.54,9.82,9.44,9.69,761038.8,735944.416,0.051456
2017-09-21,9.65,9.98,9.47,9.49,579030.47,562379.164,0.03915
2017-09-22,9.35,9.38,9.15,9.18,440541.51,407113.075,0.029786
2017-09-25,9.15,9.22,8.93,8.98,324703.3,294341.452,0.021953999999999998
2017-09-26,9.3,9.65,9.23,9.34,626887.05,591927.579,0.042386
2017-09-27,9.39,10.27,9.34,10.27,1249133.45,1248102.515,0.084458
2017-09-28,10.62,10.78,10.32,10.58,1873741.33,1976797.689,0.12669
2017-09-29,10.73,11.42,10.63,11.05,1712598.17,1890909.166,0.115794
2017-10-09,11.26,11.66,10.93,11.36,1378488.45,1566240.799,0.093204
2017-10-10,11.07,11.25,10.68,10.83,1153960.03,1267161.037,0.078023
2017-10-11,10.88,11.9,10.63,11.69,1473725.93,1666061.096,0.099643
2017-10-12,11.52,11.66,11.11,11.29,908205.81,1034226.583,0.061406999999999996
2017-10-13,11.35,11.63,11.05,11.38,708630.84,801895.557,0.047913
2017-10-16,11.28,11.91,11.14,11.63,986557.64,1141123.059,0.066704
2017-10-17,11.5,11.5,10.81,10.9,932224.11,1032983.647,0.063031
2017-10-18,10.68,10.86,10.4,10.57,568232.29,605146.34,0.03842
2017-10-19,10.68,11.03,10.54,10.74,568378.39,614650.041,0.03843
2017-10-20,10.54,11.28,10.5,11.17,697892.97,769290.238,0.047187
2017-10-23,11.0,11.15,10.78,10.91,460089.62,503657.251,0.031107999999999997
2017-10-24,10.9,11.25,10.86,10.99,406148.02,448706.979,0.027461000000000003
2017-10-25,10.88,11.09,10.66,11.05,425724.05,460273.404,0.028784999999999998
2017-10-26,11.0,11.44,10.8,11.26,664671.88,743211.681,0.044941
2017-10-27,11.03,11.1,10.61,10.84,709300.78,771185.283,0.047958
2017-10-30,10.7,10.7,10.06,10.09,603121.72,627070.41,0.040778999999999996
2017-10-31,9.91,10.45,9.91,10.24,423959.01,436068.354,0.028665
2017-11-01,10.45,10.69,10.39,10.51,470701.39,497215.0,0.031826
2017-11-02,10.42,10.75,10.26,10.29,422349.62,442619.062,0.028555999999999998
2017-11-03,10.19,10.4,9.97,10.12,374802.39,380528.334,0.025341999999999996
2017-11-06,10.11,10.22,9.71,10.02,351572.93,349022.083,0.023771
2017-11-07,10.16,10.35,10.04,10.28,305443.9,311516.757,0.020652
2017-11-08,10.2,10.46,10.15,10.34,361786.03,375040.797,0.024462
2017-11-09,10.21,10.47,10.18,10.36,255500.74,263247.639,0.017275
2017-11-10,10.26,10.26,9.96,10.08,382354.42,385528.103,0.025852
2017-11-13,10.05,10.32,9.82,10.31,364172.03,367339.427,0.024623
2017-11-14,10.28,10.47,10.1,10.24,312456.25,321995.812,0.021126
2017-11-15,10.1,10.21,9.91,10.08,257156.6,257806.293,0.017387
2017-11-16,10.08,10.08,9.3,9.35,515739.17,497124.683,0.034871
2017-11-17,9.4,9.55,8.68,8.7,487809.74,440908.907,0.032982
2017-11-20,8.6,9.22,8.6,9.19,309121.21,276387.187,0.020901
2017-11-21,9.16,9.22,9.01,9.14,195644.94,178272.708,0.013228
2017-11-22,9.14,9.44,9.1,9.28,206800.07,191733.198,0.013982000000000001
2017-11-23,9.26,9.54,8.98,9.02,290073.89,271429.152,0.019613000000000002
2017-11-24,9.69,9.92,9.42,9.92,624233.7,610828.406,0.042206
2017-11-27,10.0,10.08,9.01,9.08,734982.58,695702.079,0.049695
2017-11-28,8.74,9.35,8.73,9.23,384179.99,346119.971,0.025976
2017-11-29,9.14,9.68,9.11,9.46,490869.56,464348.911,0.033189
2017-11-30,9.16,9.34,9.08,9.17,354864.73,325822.225,0.023994
2017-12-01,9.17,9.28,9.01,9.17,252919.3,231564.474,0.017100999999999998
2017-12-04,9.13,9.34,8.96,9.0,262836.17,240178.074,0.017771
2017-12-05,8.88,9.04,8.19,8.5,439439.81,380456.677,0.029712000000000002
2017-12-06,8.37,8.59,8.3,8.57,215446.58,181638.192,0.014567000000000002
2017-12-07,8.51,8.58,8.28,8.32,195011.38,164189.245,0.013185
2017-12-08,8.3,8.53,8.25,8.45,194914.05,164215.497,0.013179000000000001
2017-12-11,8.49,8.63,8.38,8.6,213628.06,182016.371,0.014443999999999999
2017-12-12,8.56,8.79,8.5,8.51,250280.06,216313.967,0.016922
2017-12-13,8.43,8.5,8.21,8.39,208327.84,173599.18,0.014086000000000001
2017-12-14,8.46,8.7,8.41,8.52,248549.23,212839.91,0.016805
2017-12-15,8.46,8.6,8.3,8.37,187024.7,157543.842,0.012645
2017-12-18,8.34,8.48,8.28,8.4,150729.48,126060.259,0.010190999999999999
2017-12-19,8.37,8.44,8.34,8.44,123354.38,103564.061,0.00834
2017-12-20,8.43,8.53,8.26,8.28,191164.72,160458.136,0.012924999999999999
2017-12-21,8.26,8.41,8.2,8.3,180420.91,149900.756,0.012199
2017-12-22,8.27,8.49,8.24,8.33,200696.52,167918.458,0.01357
2017-12-25,8.33,8.4,8.15,8.17,161652.46,133960.946,0.01093
2017-12-26,8.1,8.11,7.86,8.01,232461.63,185379.017,0.015717000000000002
2017-12-27,7.99,8.28,7.99,8.18,220495.09,180634.411,0.014908
2017-12-28,8.2,8.63,8.19,8.49,399793.59,337211.409,0.027031
2017-12-29,8.44,8.75,8.42,8.48,305827.8,262031.57,0.020678000000000002
2018-01-02,8.49,8.64,8.49,8.57,211118.11,180719.684,0.014193
2018-01-03,8.58,9.0,8.52,8.79,403646.25,356922.508,0.027136999999999998
2018-01-04,8.75,8.86,8.65,8.82,299081.81,261690.06,0.020107
2018-01-05,8.76,8.88,8.71,8.81,234955.37,206472.023,0.015795999999999998
2018-01-08,8.8,9.06,8.66,8.93,404706.4,359503.33,0.027208
2018-01-09,8.9,9.25,8.9,9.12,475469.43,432585.463,0.031965
2018-01-10,9.1,9.23,8.82,8.97,327304.45,295220.29,0.022004000000000003
2018-01-11,9.08,9.29,8.89,9.15,330241.12,300334.163,0.022202000000000003
2018-01-12,9.04,9.11,8.92,8.98,210977.83,189702.945,0.014184
2018-01-15,8.96,8.99,8.36,8.48,289981.16,251143.635,0.019495
2018-01-16,8.71,8.87,8.65,8.79,262809.66,230754.207,0.017668
2018-01-17,8.73,9.15,8.66,9.0,348496.73,312800.499,0.023429000000000002
2018-01-18,8.99,9.12,8.87,8.96,220447.2,198434.547,0.01482
2018-01-19,8.98,9.04,8.71,8.81,205379.94,181441.608,0.013808
2018-01-22,8.84,8.96,8.74,8.95,169292.19,149801.726,0.011380999999999999
2018-01-23,8.99,9.14,8.83,9.07,315929.02,285217.512,0.021240000000000002
2018-01-24,9.0,9.05,8.86,8.96,204686.05,183235.515,0.013761
2018-01-25,9.14,9.25,8.97,9.14,423703.77,387016.587,0.028485
2018-01-26,9.01,9.04,8.85,8.93,323593.67,289644.163,0.021755
2018-01-29,8.93,9.03,8.72,8.81,227351.71,201676.851,0.015285
2018-01-30,8.73,8.79,8.56,8.57,188984.71,163295.524,0.012705
2018-01-31,8.68,8.77,8.49,8.51,218197.39,188038.738,0.014669000000000001
2018-02-01,8.55,8.58,7.68,7.89,359523.57,291579.949,0.024169999999999997
2018-02-02,7.71,8.18,7.45,8.07,304376.08,237159.223,0.020463
2018-02-05,7.87,8.1,7.82,7.96,156656.21,125024.656,0.010532
2018-02-06,7.8,8.14,7.45,7.48,268313.24,210247.683,0.018038000000000002
2018-02-07,7.7,7.75,7.45,7.62,198715.07,151503.422,0.013359000000000001
2018-02-08,7.61,7.75,7.54,7.66,151050.59,115327.584,0.010155
2018-02-09,7.49,7.53,7.02,7.1,246483.3,178613.848,0.016571
2018-02-12,7.12,7.4,7.12,7.33,133097.94,97268.031,0.008948000000000001
2018-02-13,7.38,7.58,7.38,7.44,136079.12,101838.428,0.009148
2018-02-14,7.5,7.61,7.49,7.54,96642.03,72931.726,0.006497
2018-02-22,7.76,8.29,7.68,8.29,259642.82,212715.17,0.017456
2018-02-23,8.72,8.72,8.27,8.49,537712.12,456374.115,0.03615
2018-02-26,8.99,9.34,8.91,9.34,890842.62,823246.876,0.059891
2018-02-27,9.5,9.68,9.24,9.27,1195430.15,1129268.151,0.080368
2018-02-28,9.01,9.61,9.0,9.45,910104.09,852755.01,0.061186
2018-03-08,10.0,10.28,9.45,9.5,1171501.86,1152659.688,0.078759
2018-03-09,9.33,9.53,9.1,9.41,625585.49,582273.57,0.042058
2018-03-12,9.5,10.19,9.37,9.92,908287.32,890889.35,0.061063
2018-03-13,9.88,10.72,9.8,10.3,952115.91,979039.416,0.06401
2018-03-14,10.2,10.58,10.01,10.08,851523.36,875596.119,0.057247000000000006
2018-03-15,10.2,10.28,9.83,10.1,738493.97,745274.356,0.049648000000000005
2018-03-16,10.0,10.0,9.73,9.77,533512.9,524749.346,0.035868000000000004
2018-03-19,9.76,10.03,9.5,9.88,556940.0,542409.915,0.037443
2018-03-20,9.7,9.9,9.5,9.65,437479.55,423697.016,0.029411
2018-03-21,9.7,9.81,9.33,9.39,371613.9,356660.266,0.024982999999999998
2018-03-22,9.54,9.64,9.39,9.59,354105.04,337079.067,0.023805999999999997
2018-03-23,9.18,9.31,8.63,8.72,630221.68,566024.978,0.042369000000000004
2018-03-26,8.43,8.95,8.37,8.93,390217.17,341324.197,0.026234
2018-03-27,9.09,9.15,8.92,9.06,384722.03,347467.791,0.025865
2018-03-28,8.84,8.94,8.75,8.78,285559.39,252034.625,0.019198
2018-03-29,8.83,8.94,8.67,8.92,287931.36,254752.556,0.019357
2018-03-30,8.93,9.02,8.8,9.02,319860.3,285216.936,0.021504
2018-04-02,8.93,9.08,8.8,8.87,312888.69,279240.063,0.021034999999999998
2018-04-03,8.75,8.85,8.62,8.68,203688.91,177741.939,0.013694
2018-04-04,8.73,8.83,8.5,8.52,180277.81,156448.543,0.012119999999999999
2018-04-09,8.49,8.67,8.39,8.51,207850.8,177339.246,0.013974
2018-04-10,8.62,8.98,8.56,8.97,374800.45,331514.959,0.025198
2018-04-11,9.05,9.09,8.87,9.03,306724.74,275595.862,0.020621
2018-04-12,9.0,9.05,8.81,8.84,240944.76,214654.356,0.016198999999999998
2018-04-13,8.85,8.89,8.61,8.67,211404.43,184353.232,0.014213
2018-09-19,7.8,7.8,7.8,7.8,12212.0,9525.36,0.0008210000000000001
2018-09-20,7.02,7.02,7.02,7.02,18243.0,12806.586,0.001226
2018-09-21,6.32,6.65,6.32,6.39,864086.56,552089.356,0.058092
2018-09-25,6.12,6.55,6.11,6.46,370042.07,236176.472,0.024878
2018-09-26,6.51,6.84,6.51,6.7,452429.89,303737.736,0.030416
2018-09-27,6.64,6.78,6.54,6.63,292247.34,194837.224,0.019648000000000002
2018-09-28,6.61,6.72,6.6,6.63,193624.62,128751.183,0.013017
2018-10-08,6.48,6.69,6.38,6.42,211118.77,137846.237,0.014193
2018-10-09,6.46,6.53,6.27,6.36,168284.15,107740.825,0.011314
2018-10-10,6.4,6.44,6.19,6.2,198743.45,124792.664,0.013361000000000001
2018-10-11,5.92,5.93,5.58,5.58,293899.19,167406.16,0.019759
2018-10-12,5.2,5.44,5.02,5.03,633950.2,324796.298,0.04262
2018-10-15,5.06,5.11,4.66,4.78,354846.87,174223.727,0.023856000000000002
2018-10-16,4.84,4.9,4.71,4.84,254012.62,122460.754,0.017077
2018-10-17,4.89,4.97,4.41,4.67,385829.17,179924.264,0.025939
2018-10-18,4.67,4.69,4.23,4.36,323292.59,144630.603,0.021735
2018-10-19,4.28,4.44,4.18,4.39,326415.36,142006.498,0.021945000000000003
2018-10-22,4.45,4.75,4.45,4.68,398905.36,184136.051,0.026817999999999998
2018-10-23,4.73,4.9,4.55,4.7,454871.92,213942.723,0.030581
2018-10-24,4.66,4.82,4.62,4.68,337581.7,159517.079,0.022695
2018-10-25,4.53,4.83,4.45,4.74,416935.04,194065.753,0.02803
2018-10-26,4.74,4.95,4.7,4.78,424243.98,204437.612,0.028447
2018-10-29,4.73,4.78,4.48,4.52,251593.4,117033.352,0.01687
2018-10-30,4.5,4.72,4.49,4.67,253711.77,117423.907,0.017012
2018-10-31,4.74,4.86,4.71,4.76,312529.16,149723.477,0.020956000000000002
2018-11-01,4.81,4.88,4.73,4.77,315594.41,151461.574,0.021161
2018-11-02,4.84,4.98,4.8,4.97,408397.0,200055.919,0.027384
2018-11-05,4.94,5.06,4.87,4.97,360091.33,178577.073,0.024145
2018-11-06,4.97,5.01,4.86,4.9,252995.58,124441.792,0.016964
2018-11-07,5.18,5.39,5.02,5.39,900901.15,477204.446,0.060407999999999996
2018-11-08,5.3,5.41,5.21,5.23,680780.98,360956.886,0.045648
2018-11-09,5.17,5.28,5.11,5.13,316570.53,163618.801,0.021227
2018-11-12,5.08,5.23,5.03,5.23,329287.74,169154.91,0.022080000000000002
2018-11-13,5.15,5.4,5.1,5.4,531861.34,280922.888,0.035663
2018-11-14,5.4,5.56,5.3,5.32,459860.44,249242.248,0.030834999999999998
2018-11-15,5.33,5.42,5.26,5.4,324012.31,173465.228,0.021726000000000002
2018-11-16,5.39,5.64,5.35,5.5,465386.9,257082.485,0.031204999999999997
2018-11-19,5.54,5.54,5.4,5.49,318488.61,173637.53,0.021355
2018-11-20,5.46,5.63,5.38,5.41,379059.54,208131.943,0.025417000000000002
2018-11-21,5.34,5.35,5.2,5.35,269649.93,142538.677,0.018081
2018-11-22,5.36,5.43,5.27,5.28,172145.17,91976.098,0.011543000000000001
2018-11-23,5.29,5.32,4.88,4.88,316055.0,159792.503,0.021192000000000003
2018-11-26,4.84,5.0,4.84,4.89,181209.32,89253.393,0.012151
2018-11-27,4.96,5.05,4.94,4.98,161348.37,80464.674,0.010819
2018-11-28,5.1,5.15,5.01,5.08,194151.73,98692.412,0.013018
2018-11-29,5.1,5.24,4.99,5.0,270176.15,138953.187,0.018116
2018-11-30,4.95,5.17,4.91,5.1,242895.78,123055.942,0.016287
2018-12-03,5.25,5.3,5.15,5.23,263640.31,137807.059,0.017678
2018-12-04,5.23,5.29,5.16,5.24,191742.8,100048.186,0.012857
2018-12-05,5.14,5.37,5.11,5.22,344320.5,181196.939,0.023088
2018-12-06,5.17,5.23,5.08,5.1,212920.36,109653.369,0.014277
2018-12-07,5.15,5.2,5.1,5.12,127978.25,65845.374,0.008581
2018-12-10,5.11,5.15,4.96,4.99,144358.74,72918.634,0.00968
2018-12-11,5.0,5.1,5.0,5.07,112914.22,57053.481,0.007571
2018-12-12,5.07,5.11,5.0,5.02,117770.92,59492.134,0.007897
2018-12-13,5.03,5.1,4.97,5.04,114794.46,57918.205,0.007697000000000001
2018-12-14,5.03,5.06,4.81,4.86,155131.5,76515.912,0.010402
2018-12-17,4.83,4.9,4.75,4.82,117221.01,56546.212,0.00786
2018-12-18,4.8,4.87,4.77,4.81,97389.33,46968.397,0.00653
2018-12-19,4.84,4.84,4.6,4.65,202494.67,94562.451,0.013578
2018-12-20,4.62,4.74,4.57,4.68,247537.2,115214.523,0.016597999999999998
2018-12-21,4.69,4.73,4.61,4.65,147035.45,68617.497,0.009859
2018-12-24,4.65,4.78,4.63,4.72,130429.8,61184.133,0.008746
2018-12-25,4.69,4.69,4.5,4.64,154887.94,71275.444,0.010386
2018-12-26,4.65,4.68,4.59,4.64,94268.69,43733.536,0.006321
2018-12-27,4.69,4.72,4.51,4.52,122701.6,56800.33,0.008227
2018-12-28,4.55,4.6,4.5,4.55,80294.41,36637.024,0.005384
2019-01-02,4.6,4.6,4.48,4.48,81296.82,36899.024,0.005451
2019-01-03,4.49,4.71,4.32,4.65,223622.95,102672.784,0.014994
2019-01-04,4.61,4.77,4.59,4.75,228226.3,107363.327,0.015303
2019-01-07,4.75,4.86,4.71,4.79,210271.48,100561.536,0.014098999999999999
2019-01-08,4.77,4.82,4.68,4.69,134043.01,63687.16,0.008988000000000001
2019-01-09,4.69,4.8,4.66,4.73,173182.79,82199.813,0.011612
2019-01-10,4.75,4.84,4.71,4.74,162275.82,77503.077,0.010881
2019-01-11,4.72,4.95,4.72,4.88,289377.76,140301.393,0.019403
2019-01-14,4.87,4.93,4.81,4.84,197882.52,96234.491,0.013269
2019-01-15,4.85,4.87,4.74,4.85,157313.88,75713.613,0.010548
2019-01-16,4.85,4.85,4.71,4.76,155715.29,74393.968,0.010441
2019-01-17,4.76,4.82,4.69,4.74,137756.3,65480.722,0.009237
2019-01-18,4.74,4.97,4.7,4.86,300737.64,146505.08,0.020165000000000002
2019-01-21,4.88,4.89,4.81,4.84,175182.97,84860.148,0.011746000000000001
2019-01-22,4.84,4.9,4.73,4.76,166426.38,80108.728,0.011158999999999999
2019-01-23,4.71,4.76,4.66,4.67,146642.08,68899.672,0.009833
2019-01-24,4.65,4.69,4.6,4.65,113402.08,52650.902,0.007604
2019-01-25,4.65,4.65,4.51,4.51,166916.33,76163.212,0.011192
2019-01-28,4.56,4.63,4.5,4.53,107910.71,49213.46,0.007236
2019-01-29,4.47,4.51,4.2,4.35,165454.72,72080.931,0.011094
2019-01-30,4.34,4.37,4.29,4.29,86416.07,37412.131,0.0057940000000000005
2019-01-31,4.29,4.36,4.01,4.09,207998.91,86755.563,0.013947000000000001
2019-02-01,4.14,4.32,4.13,4.32,126029.89,53292.313,0.008451
2019-02-11,4.38,4.49,4.32,4.47,136245.78,60164.94,0.009136
2019-02-12,4.47,4.54,4.43,4.5,130704.41,58728.955,0.008764
2019-02-13,4.53,4.7,4.49,4.61,214264.87,98688.3,0.014367000000000001
2019-02-14,4.61,4.65,4.57,4.61,133222.72,61336.219,0.008933
2019-02-15,4.59,4.67,4.57,4.59,145637.09,67177.151,0.009765000000000001
2019-02-18,4.63,4.75,4.62,4.74,244556.23,114789.134,0.016398
2019-02-19,4.76,4.85,4.69,4.82,300264.15,143509.501,0.020133
2019-02-20,4.82,5.3,4.82,5.3,916838.99,479501.236,0.061475999999999996
2019-02-21,5.4,5.8,5.16,5.52,1273616.71,687995.557,0.08539899999999999
2019-02-22,5.33,5.68,5.25,5.51,872116.67,474561.801,0.058478
2019-02-25,5.54,5.9,5.54,5.83,1034224.27,593974.168,0.069347
2019-02-26,5.82,6.04,5.68,5.75,1104424.77,648173.449,0.07405400000000001
2019-02-27,5.68,5.93,5.57,5.67,747652.78,429394.398,0.050132
2019-02-28,5.76,5.8,5.61,5.72,468942.59,267182.113,0.031444
2019-03-01,5.72,5.75,5.55,5.64,399903.21,225031.402,0.026814
2019-03-04,5.65,5.9,5.62,5.78,712270.85,409313.429,0.04776
2019-03-05,5.76,5.99,5.69,5.97,812368.33,473983.251,0.054471
2019-03-06,6.08,6.11,5.84,6.02,966584.93,579349.564,0.06481200000000001
2019-03-07,5.99,6.45,5.91,6.14,964182.36,595532.614,0.064651
2019-03-08,5.98,5.99,5.53,5.56,809656.02,471425.843,0.054289
2019-03-11,5.56,5.78,5.56,5.76,449778.15,255554.889,0.030159
2019-03-12,5.79,5.93,5.72,5.81,570038.72,331445.911,0.038222
2019-03-13,5.86,6.05,5.8,5.89,789411.3,469746.858,0.052932
2019-03-14,5.92,6.3,5.88,6.02,1038701.81,628494.326,0.069648
2019-03-15,6.01,6.37,5.86,6.35,1035317.13,632204.637,0.069421
2019-03-18,6.36,6.62,6.34,6.43,969938.92,623241.487,0.065037
2019-03-19,6.36,6.44,6.3,6.4,478105.48,304544.447,0.032058
2019-03-20,6.37,6.74,6.37,6.51,711583.01,465284.28,0.047713
2019-03-21,6.57,6.6,6.4,6.41,699786.48,452945.124,0.046922
2019-03-22,6.4,6.44,6.14,6.33,445628.83,280838.107,0.029881
2019-03-25,6.17,6.32,6.11,6.14,361171.42,223789.713,0.024217
2019-03-26,6.16,6.21,5.8,5.86,370082.06,222244.171,0.024815
2019-03-27,5.94,5.96,5.69,5.87,287331.21,167700.425,0.019266000000000002
2019-03-28,5.8,5.83,5.64,5.68,240393.83,138228.711,0.016119
2019-03-29,5.63,5.85,5.57,5.85,270718.27,155720.562,0.018151999999999998
2019-04-01,5.97,6.22,5.92,6.15,419267.2,255773.171,0.028113000000000003
2019-04-02,6.18,6.33,6.08,6.29,535413.02,331511.898,0.035901
2019-04-03,6.22,6.27,6.17,6.25,327623.15,204155.801,0.021968
2019-04-04,6.3,6.43,6.2,6.4,584433.25,368659.159,0.039188
2019-04-08,6.43,6.55,6.17,6.29,582035.65,371402.474,0.039027
2019-04-09,6.28,6.28,6.12,6.2,303223.07,187500.963,0.020332
2019-04-10,6.22,6.34,6.07,6.27,344290.83,213817.089,0.023086000000000002
2019-04-11,6.3,6.32,5.99,6.01,333285.03,205950.322,0.022348
2019-04-12,5.84,6.11,5.84,5.99,220618.33,132185.968,0.014793
2019-04-15,6.09,6.15,5.8,5.83,296342.2,177709.833,0.019870000000000002
2019-04-16,5.83,6.28,5.8,6.26,434274.38,263482.46,0.029119000000000003
2019-04-17,6.27,6.28,6.15,6.18,341997.84,212620.035,0.022932
2019-04-18,6.21,6.38,6.17,6.24,435977.58,274164.922,0.029233
2019-04-19,6.29,6.45,6.24,6.44,549300.29,350018.677,0.036832
2019-04-22,6.47,6.64,6.19,6.2,507267.05,323801.591,0.034014
2019-04-23,6.17,6.38,6.1,6.34,396996.42,248987.913,0.026619999999999998
2019-04-24,6.35,6.47,6.21,6.33,428802.89,271681.892,0.028752
2019-04-25,6.09,6.09,5.7,5.71,604112.3,354744.247,0.040507
2019-04-26,5.6,5.66,5.41,5.5,273201.47,151596.208,0.018319000000000002
2019-04-29,5.5,5.58,5.09,5.14,267826.72,140978.293,0.017958000000000002
2019-04-30,5.13,5.37,5.11,5.25,175383.14,92196.486,0.01176
2019-05-06,4.79,5.16,4.74,4.78,247339.11,122067.524,0.016585000000000003
2019-05-07,4.9,4.97,4.76,4.86,152164.36,74098.684,0.010203
2019-05-08,4.78,5.07,4.71,4.99,203777.9,100026.883,0.013664
2019-05-09,4.93,5.01,4.87,4.87,132734.68,65547.408,0.0089
2019-05-10,4.92,5.08,4.8,5.07,192005.21,95790.599,0.012874000000000002
2019-05-13,5.03,5.11,5.0,5.03,119104.81,60115.466,0.007986
2019-05-14,4.96,5.11,4.92,4.93,150251.38,75395.264,0.010075
2019-05-15,4.96,5.02,4.9,4.98,151956.32,75585.552,0.010188999999999998
2019-05-16,5.0,5.18,4.99,5.16,251544.83,128749.231,0.016867
2019-05-17,5.16,5.16,4.85,4.86,232449.43,115931.293,0.015586
2019-05-20,4.88,4.91,4.61,4.88,180720.24,86227.693,0.012118
2019-05-21,4.9,5.06,4.8,5.02,267324.97,133015.086,0.017925
2019-05-22,4.82,4.89,4.61,4.71,513440.46,241979.672,0.034427
2019-05-23,4.62,4.65,4.34,4.38,360910.73,161052.663,0.0242
2019-05-24,4.34,4.54,4.34,4.41,202212.3,89616.17,0.013559000000000002
2019-05-27,4.45,4.52,4.37,4.49,160204.51,71384.38,0.010742
2019-05-28,4.48,4.58,4.46,4.5,174363.05,79079.004,0.011691
2019-05-29,4.47,4.58,4.47,4.53,137907.6,62653.007,0.009247
2019-05-30,4.51,4.62,4.43,4.62,229899.82,104699.435,0.015415000000000002
2019-05-31,4.64,4.71,4.57,4.62,200466.36,93209.254,0.013442
2019-06-03,4.66,4.73,4.53,4.57,236261.34,109294.129,0.015842000000000002
2019-06-04,4.59,4.64,4.35,4.4,208977.27,93522.868,0.014012
2019-06-05,4.46,4.49,4.39,4.44,140005.05,62169.677,0.009388
2019-06-06,4.42,4.49,4.32,4.36,134542.89,59294.639,0.009021
2019-06-10,4.35,4.46,4.34,4.4,119785.75,52527.9,0.008032000000000001
2019-06-11,4.39,4.61,4.37,4.59,219649.77,99404.878,0.014728000000000002
2019-06-12,4.61,4.95,4.57,4.87,403012.09,190384.406,0.027023000000000002
2019-06-13,4.74,4.86,4.69,4.8,331094.65,157926.525,0.022201
2019-06-14,4.92,5.28,4.9,5.28,552451.37,284114.41,0.037043
2019-06-17,5.28,5.66,5.21,5.36,1184053.52,645505.858,0.079394
2019-06-18,5.18,5.65,5.12,5.42,870668.0,460268.144,0.05838
2019-06-19,5.27,5.45,5.2,5.28,636962.33,337919.844,0.04271
2019-06-20,5.46,5.52,5.28,5.34,622495.6,334831.691,0.041740000000000006
2019-06-21,5.35,5.58,5.21,5.39,782998.96,424672.989,0.05250200000000001
2019-06-24,5.42,5.56,5.37,5.54,648366.4,354563.254,0.043475
2019-06-25,5.66,5.86,5.54,5.62,1095368.32,624952.48,0.073447
2019-06-26,5.36,5.43,5.06,5.06,792971.65,411834.572,0.053170999999999996
2019-06-27,5.06,5.19,5.06,5.08,396246.64,202756.173,0.026569
2019-06-28,5.17,5.19,4.9,4.94,413020.8,209085.681,0.027694
2019-07-01,4.95,5.09,4.82,5.07,414946.43,206724.792,0.027823
2019-07-02,5.04,5.11,5.0,5.07,295085.32,149106.701,0.019785999999999998
2019-07-03,5.26,5.32,5.03,5.04,390790.94,200780.125,0.026202999999999997
2019-07-04,5.0,5.05,4.83,4.9,313438.13,154717.642,0.021017
2019-07-05,4.92,4.94,4.82,4.88,162426.43,79216.087,0.010891
2019-07-08,4.79,4.81,4.62,4.67,210478.89,98785.555,0.014113
2019-07-09,4.69,4.72,4.65,4.68,107582.17,50377.593,0.007214000000000001
2019-07-10,4.67,4.71,4.55,4.64,144534.24,66863.36,0.009691
2019-07-11,4.7,4.84,4.69,4.8,304564.05,145554.893,0.020422
2019-07-12,4.73,4.74,4.65,4.69,163127.01,76572.768,0.010938000000000002
2019-07-15,4.72,4.75,4.57,4.71,133604.76,62460.898,0.008959
2019-07-16,4.7,4.84,4.67,4.79,184484.17,87923.026,0.01237
2019-07-17,4.78,4.87,4.76,4.83,204811.68,98508.153,0.013733
2019-07-18,4.99,5.18,4.94,4.94,547243.39,275225.078,0.036694
2019-07-19,5.14,5.18,4.96,4.98,469326.08,237015.495,0.031469
2019-07-22,4.89,4.91,4.61,4.66,331391.59,157273.815,0.022221
2019-07-23,4.61,4.67,4.55,4.63,237432.33,109220.75,0.01592
2019-07-24,4.62,4.7,4.58,4.68,193436.05,90136.969,0.012969999999999999
2019-07-25,4.63,4.67,4.6,4.62,160896.78,74417.657,0.010789
2019-07-26,4.61,4.81,4.61,4.74,323931.42,153562.94,0.021720000000000003
2019-07-29,4.75,4.79,4.64,4.68,169369.39,79258.881,0.011356999999999999
2019-07-30,4.69,4.74,4.63,4.74,193251.08,90736.167,0.012958
2019-07-31,4.7,4.79,4.66,4.77,200067.14,94404.255,0.013415
2019-08-01,4.66,4.76,4.62,4.63,198750.34,92937.335,0.013327
2019-08-02,4.66,4.78,4.49,4.53,225755.9,103788.523,0.015137000000000001
2019-08-05,4.49,4.77,4.47,4.69,341296.17,159242.025,0.022885
2019-08-06,4.71,4.84,4.56,4.67,367084.13,172383.559,0.024613999999999997
2019-08-07,4.9,5.14,4.79,5.14,840792.44,418880.067,0.056377
2019-08-08,5.26,5.34,5.03,5.06,839671.14,433596.94,0.056302000000000005
2019-08-09,5.19,5.52,5.06,5.4,1012806.05,536082.875,0.067911
2019-08-12,5.25,5.29,5.08,5.18,557536.76,287904.153,0.037384
2019-08-13,5.24,5.4,5.21,5.3,654326.1,347691.433,0.043874
2019-08-14,5.08,5.47,5.05,5.3,731089.59,381888.841,0.049021
2019-08-15,5.36,5.45,5.22,5.33,577624.53,308340.262,0.038731
2019-08-16,5.36,5.36,5.2,5.22,469354.38,247395.921,0.031471
2019-08-19,5.14,5.16,5.06,5.13,437817.69,223900.728,0.029357
2019-08-20,5.11,5.19,5.03,5.15,443992.05,227049.372,0.029771000000000002
2019-08-21,5.06,5.09,5.0,5.03,391645.15,197313.862,0.026261
2019-08-22,5.02,5.03,4.92,4.95,271103.16,134496.702,0.018178
2019-08-23,4.89,4.94,4.82,4.84,319743.86,155785.264,0.02144
2019-08-26,4.99,5.02,4.78,4.79,437042.47,213412.936,0.029304999999999998
2019-08-27,4.8,4.93,4.8,4.9,290689.3,141348.776,0.019491
2019-08-28,4.96,5.04,4.88,5.03,396703.53,197168.028,0.026600000000000002
2019-08-29,4.98,5.06,4.9,5.06,408352.16,203886.123,0.027381000000000003
2019-08-30,4.97,5.06,4.93,4.95,344975.8,171796.669,0.023131
2019-09-02,5.11,5.4,5.1,5.24,794802.02,416793.924,0.053293
2019-09-03,5.29,5.36,5.18,5.25,766404.24,403929.44,0.051389
2019-09-04,5.35,5.38,5.22,5.28,672587.97,356337.781,0.045099
2019-09-05,5.25,5.36,5.23,5.31,624522.97,330538.331,0.041876
2019-09-06,5.22,5.22,5.11,5.12,461979.6,238128.242,0.030977
2019-09-09,5.12,5.18,5.1,5.17,359133.93,184601.854,0.024081
2019-09-10,5.15,5.29,5.13,5.22,458344.22,239293.449,0.030733
2019-09-11,5.22,5.23,5.15,5.17,299572.88,155239.059,0.020087
2019-09-12,5.15,5.18,5.09,5.14,238535.47,122462.5,0.015993999999999998
2019-09-16,5.17,5.23,5.13,5.2,314978.19,163193.415,0.02112
2019-09-17,5.16,5.17,4.95,4.97,389254.66,196440.565,0.026099999999999998
2019-09-18,4.97,5.02,4.9,4.92,198455.81,98434.007,0.013307
2019-09-19,4.92,4.94,4.86,4.93,208387.59,102189.572,0.013973
2019-09-20,4.92,4.96,4.9,4.95,143675.69,70898.754,0.009634
2019-09-23,4.96,4.98,4.86,4.87,179505.39,88241.711,0.012036
2019-09-24,4.89,4.94,4.87,4.9,148098.18,72581.646,0.00993
2019-09-25,4.92,4.92,4.78,4.82,206981.31,100000.733,0.013878999999999999
2019-09-26,4.8,4.81,4.63,4.63,226897.81,106569.021,0.015214
2019-09-27,4.63,4.67,4.62,4.62,114386.03,53175.507,0.00767
2019-09-30,4.66,4.66,4.57,4.59,89853.66,41342.269,0.006025
2019-10-08,4.61,4.63,4.59,4.61,77549.76,35759.575,0.0052
2019-10-09,4.6,4.72,4.6,4.68,164221.43,76713.261,0.011011
2019-10-10,4.7,4.71,4.66,4.71,109336.26,51233.459,0.007331
2019-10-11,4.67,4.68,4.63,4.67,112573.05,52470.023,0.007548
2019-10-14,4.69,4.76,4.67,4.73,133549.71,62976.811,0.008955
2019-10-15,4.76,4.76,4.66,4.66,92939.09,43610.686,0.006232
2019-10-16,4.66,4.69,4.64,4.67,77760.42,36287.916,0.005214
2019-10-17,4.66,4.68,4.61,4.66,115180.19,53403.14,0.007723
2019-10-18,4.64,4.67,4.56,4.56,95615.41,44006.464,0.006411
2019-10-21,4.49,4.59,4.48,4.57,90057.04,40894.47,0.006039
2019-10-22,4.63,4.63,4.57,4.62,78185.19,35981.968,0.005243
2019-10-23,4.61,4.65,4.54,4.57,97016.21,44579.886,0.0065049999999999995
2019-10-24,4.59,4.61,4.51,4.53,92948.57,42224.098,0.006232
2019-10-25,4.54,4.61,4.53,4.59,99327.79,45461.616,0.00666
2019-10-28,4.52,4.69,4.52,4.67,144099.55,66708.834,0.009661999999999999
2019-10-29,4.67,4.67,4.56,4.57,142765.56,65696.699,0.009573
2019-10-30,4.56,4.56,4.41,4.43,154427.21,69108.763,0.010355000000000001
2019-10-31,4.43,4.45,4.34,4.34,114070.18,49999.597,0.007649
2019-11-01,4.35,4.39,4.34,4.38,82576.68,36053.144,0.005536999999999999
2019-11-04,4.38,4.4,4.36,4.38,78245.27,34273.886,0.005247000000000001
2019-11-05,4.38,4.48,4.28,4.42,187201.27,81988.544,0.012552
2019-11-06,4.38,4.39,4.3,4.31,107503.77,46768.334,0.007208
2019-11-07,4.3,4.34,4.29,4.3,73856.72,31819.781,0.004952
2019-11-08,4.33,4.36,4.29,4.3,73010.51,31522.134,0.004896
2019-11-11,4.28,4.29,4.12,4.14,117443.98,49132.985,0.007875
2019-11-12,4.15,4.17,4.1,4.14,69736.82,28759.036,0.0046760000000000005
2019-11-13,4.15,4.24,4.11,4.2,106581.63,44681.318,0.007147
2019-11-14,4.17,4.19,4.13,4.16,62549.57,26069.802,0.004194
2019-11-15,4.18,4.21,4.11,4.11,74761.24,31047.212,0.005013
2019-11-18,4.13,4.13,4.06,4.11,63906.51,26226.76,0.004285
2019-11-19,4.13,4.27,4.11,4.25,155739.69,65535.808,0.010443000000000001
2019-11-20,4.25,4.35,4.21,4.28,148435.36,63522.779,0.009953
2019-11-21,4.27,4.28,4.22,4.23,95539.73,40545.136,0.006405999999999999
2019-11-22,4.25,4.3,4.22,4.23,95288.73,40539.548,0.006389000000000001
2019-11-25,4.22,4.34,4.21,4.32,146687.07,63042.315,0.009836000000000001
2019-11-26,4.32,4.32,4.26,4.27,96984.53,41482.304,0.006503
2019-11-27,4.26,4.41,4.26,4.35,195476.88,84768.331,0.013107
2019-11-28,4.3,4.33,4.19,4.2,164191.25,69870.293,0.011009
2019-11-29,4.19,4.2,4.15,4.18,66366.06,27678.317,0.00445
2019-12-02,4.18,4.2,4.12,4.13,88849.0,36919.807,0.005958
2019-12-03,4.13,4.2,4.12,4.17,72162.14,30055.568,0.0048389999999999996
2019-12-04,4.19,4.28,4.18,4.25,159957.24,67872.876,0.010726
2019-12-05,4.23,4.26,4.21,4.24,112146.49,47425.672,0.00752
2019-12-06,4.24,4.29,4.23,4.25,90489.76,38508.363,0.0060680000000000005
2019-12-09,4.25,4.27,4.19,4.26,91883.35,38983.772,0.006161
2019-12-10,4.26,4.35,4.25,4.29,147051.39,63314.915,0.00986
2019-12-11,4.3,4.32,4.26,4.29,86946.39,37244.587,0.005829999999999999
2019-12-12,4.3,4.32,4.24,4.26,79472.83,34012.948,0.005329
2019-12-13,4.25,4.29,4.24,4.27,121501.0,51766.448,0.008147
2019-12-16,4.28,4.32,4.24,4.31,136647.79,58408.073,0.009163
2019-12-17,4.31,4.4,4.29,4.4,255745.59,111787.239,0.017148
2019-12-18,4.38,4.44,4.36,4.43,227072.08,99834.543,0.015226
2019-12-19,4.41,4.43,4.38,4.42,148817.01,65551.923,0.009979
2019-12-20,4.43,4.44,4.35,4.35,143974.14,63425.835,0.009654000000000001
2019-12-23,4.36,4.38,4.24,4.26,147018.05,63422.95,0.009858
2019-12-24,4.26,4.51,4.26,4.5,342022.29,151109.265,0.022933
2019-12-25,4.49,4.53,4.41,4.46,246712.67,109954.955,0.016543000000000002
2019-12-26,4.47,4.54,4.42,4.5,237138.67,106354.375,0.015901000000000002
2019-12-27,4.52,4.85,4.47,4.6,631383.09,293902.597,0.042336
2019-12-30,4.58,4.73,4.51,4.68,432150.19,199932.675,0.028977
2019-12-31,4.66,4.73,4.6,4.65,301728.99,140728.672,0.020232
2020-01-02,4.68,4.7,4.63,4.68,285000.98,132982.489,0.019110000000000002
2020-01-03,4.69,4.8,4.64,4.7,400456.01,189177.587,0.026852
2020-01-06,4.79,4.95,4.71,4.89,633826.93,305223.622,0.0425
2020-01-07,4.81,4.83,4.75,4.82,358433.25,171711.54,0.024034
2020-01-08,4.93,4.93,4.8,4.84,521157.39,253261.901,0.034945
2020-01-09,4.72,4.75,4.67,4.69,392047.64,184513.744,0.026288
2020-01-10,4.72,4.72,4.58,4.62,255093.73,117874.495,0.017105
2020-01-13,4.64,4.64,4.57,4.64,167863.15,77312.479,0.011255999999999999
2020-01-14,4.63,4.88,4.63,4.84,585143.01,280232.593,0.039235
2020-01-15,4.78,4.8,4.63,4.69,302815.04,142088.188,0.020304000000000003
2020-01-16,4.67,4.73,4.62,4.62,157423.15,73402.774,0.010556000000000001
2020-01-17,4.65,4.67,4.59,4.64,120916.59,55904.117,0.008107999999999999
2020-01-20,4.61,4.64,4.55,4.62,126267.0,57949.877,0.008467
2020-01-21,4.64,4.64,4.53,4.53,138490.29,63183.415,0.009285999999999999
2020-01-22,4.5,4.52,4.41,4.48,145045.13,64890.1,0.009726
2020-01-23,4.48,4.53,4.31,4.34,174703.9,76903.152,0.011714
2020-02-03,3.91,3.91,3.91,3.91,52991.0,20719.481,0.003553
2020-02-04,3.53,3.83,3.53,3.78,254024.43,95545.213,0.017033
2020-02-05,3.87,3.97,3.8,3.88,212527.3,82933.152,0.01425
2020-02-06,3.85,3.96,3.83,3.95,182945.3,71401.5,0.012266999999999998
2020-02-07,3.92,3.98,3.88,3.93,158849.69,62316.72,0.010650999999999999
2020-02-10,3.91,4.05,3.89,4.03,180386.6,72038.746,0.012095
2020-02-11,4.01,4.11,3.98,4.03,166772.9,67555.09,0.011183
2020-02-12,4.02,4.24,4.0,4.2,326627.96,136073.804,0.021901
2020-02-13,4.18,4.28,4.11,4.18,275339.16,115302.646,0.018462
2020-02-14,4.15,4.32,4.14,4.21,291244.25,123339.579,0.019529
2020-02-17,4.19,4.29,4.16,4.26,256571.32,108300.229,0.017204
2020-02-18,4.28,4.29,4.22,4.28,251546.7,107230.436,0.016867
2020-02-19,4.26,4.39,4.24,4.33,433604.83,186684.511,0.029074
2020-02-20,4.29,4.32,4.22,4.29,289377.09,123516.891,0.019403
2020-02-21,4.31,4.45,4.29,4.41,416292.08,182278.39,0.027913
2020-02-24,4.51,4.54,4.35,4.42,361298.96,160160.716,0.024226
2020-02-25,4.29,4.37,4.23,4.28,395903.35,169488.148,0.026546
2020-02-26,4.2,4.28,4.17,4.22,268218.41,113677.186,0.017985
2020-02-27,4.27,4.29,4.2,4.2,179524.99,75918.622,0.012038
2020-02-28,4.0,4.13,3.91,3.92,270726.36,108763.411,0.018153
2020-03-02,3.92,4.07,3.92,4.04,173374.49,69451.827,0.011625000000000002
2020-03-03,4.11,4.15,4.04,4.07,173533.56,71189.38,0.011043
2020-03-04,4.13,4.15,4.07,4.14,195465.3,80528.632,0.012439
2020-03-05,4.15,4.24,4.12,4.24,264627.96,110543.419,0.016841
2020-03-06,4.23,4.27,4.18,4.2,218984.34,92652.078,0.013935999999999999
2020-03-09,4.19,4.2,4.01,4.03,225032.23,92217.475,0.014320999999999999
2020-03-10,3.99,4.08,3.89,4.07,236684.58,94341.234,0.015061999999999999
2020-03-11,4.07,4.1,4.01,4.02,147371.0,59787.376,0.009379
2020-03-12,3.97,3.97,3.89,3.91,171219.07,67235.685,0.010896
2020-03-13,3.64,3.86,3.64,3.83,183741.83,69061.962,0.011693
2020-03-16,3.84,3.88,3.7,3.7,140112.5,53258.549,0.008917000000000001
2020-03-17,3.7,3.76,3.56,3.67,144372.17,52655.025,0.009188
2020-03-18,3.7,3.74,3.57,3.57,127619.02,46744.739,0.008122
2020-03-19,3.5,3.57,3.45,3.57,173362.73,60821.846,0.011033
2020-03-20,3.6,3.63,3.53,3.6,122682.47,43959.857,0.007807
2020-03-23,3.5,3.54,3.48,3.49,130335.93,45694.649,0.008294000000000001
2020-03-24,3.61,3.68,3.56,3.68,258805.34,94022.891,0.01647
2020-03-25,3.79,3.84,3.71,3.75,216519.97,81491.062,0.013779
2020-03-26,3.7,3.75,3.64,3.64,115633.91,42599.056,0.007359
2020-03-27,3.69,3.7,3.61,3.61,101262.95,36965.527,0.006444
2020-03-30,3.55,3.55,3.49,3.51,107668.71,37840.951,0.0068520000000000005
2020-03-31,3.55,3.55,3.5,3.53,94156.04,33236.248,0.005992
2020-04-01,3.51,3.58,3.5,3.56,104139.18,36842.912,0.006626999999999999
2020-04-02,3.52,3.64,3.5,3.61,105897.79,37652.334,0.006739
2020-04-03,3.61,3.65,3.57,3.57,108089.18,39066.224,0.006879
2020-04-07,3.66,3.74,3.62,3.71,174276.46,64195.861,0.011091
2020-04-08,3.67,3.88,3.64,3.76,302449.17,113980.355,0.019247
2020-04-09,3.78,3.79,3.7,3.75,199131.76,74291.446,0.012672000000000001
2020-04-10,3.8,3.83,3.64,3.65,160332.0,59415.147,0.010203
2020-04-13,3.63,3.63,3.56,3.59,88132.02,31699.631,0.005608999999999999
2020-04-14,3.64,3.72,3.61,3.71,164323.1,60498.337,0.010457000000000001
2020-04-15,3.71,3.72,3.64,3.67,123014.49,45270.033,0.007828
2020-04-16,3.67,3.76,3.61,3.71,158069.89,58370.076,0.010059
2020-04-17,3.68,3.72,3.61,3.62,169164.15,61776.778,0.010765
2020-04-20,3.61,3.61,3.56,3.58,101932.8,36424.496,0.006487000000000001
2020-04-21,3.56,3.57,3.5,3.53,105893.95,37306.195,0.006739
2020-04-22,3.53,3.56,3.5,3.55,78097.57,27643.135,0.004652
2020-04-23,3.58,3.61,3.54,3.55,105893.25,37810.802,0.006308
2020-04-24,3.57,3.57,3.48,3.51,114832.08,40353.8,0.006841000000000001
2020-04-27,3.49,3.52,3.47,3.52,80126.48,27995.178,0.004773
2020-04-28,3.51,3.51,3.36,3.38,135518.6,46183.311,0.008073
2020-04-29,3.38,3.41,3.36,3.39,62263.42,21133.813,0.003709
2020-04-30,3.39,3.46,3.35,3.45,159880.65,54643.615,0.009524
2020-05-06,3.4,3.51,3.38,3.49,95269.11,33017.059,0.005675
2020-05-07,3.5,3.5,3.41,3.42,129925.76,44681.543,0.00774
2020-05-08,3.44,3.49,3.42,3.48,138033.61,47762.532,0.008223000000000001
2020-05-11,3.49,3.5,3.39,3.43,107656.65,36980.754,0.006412999999999999
2020-05-12,3.41,3.42,3.35,3.38,103316.43,34885.5,0.006155000000000001
2020-05-13,3.36,3.37,3.33,3.36,88235.9,29515.579,0.005255999999999999
2020-05-14,3.36,3.36,3.26,3.27,121754.38,40261.786,0.007252999999999999
2020-05-15,3.27,3.31,3.22,3.3,129676.09,42426.338,0.007724999999999999
2020-05-18,3.3,3.45,3.28,3.37,212162.82,71904.642,0.012638
2020-05-19,3.36,3.38,3.32,3.34,106475.23,35541.122,0.006343
2020-05-20,3.33,3.36,3.27,3.28,92776.36,30680.376,0.005527
2020-05-21,3.29,3.3,3.21,3.22,84952.51,27624.652,0.0050609999999999995
2020-05-22,3.2,3.21,3.03,3.1,185465.83,57693.667,0.011048
2020-05-25,3.06,3.1,3.04,3.07,74973.55,22971.61,0.004466
2020-05-26,3.07,3.12,3.07,3.11,103830.07,32052.751,0.006185
2020-05-27,3.1,3.1,3.05,3.08,73233.11,22545.446,0.0043619999999999996
2020-05-28,3.08,3.27,3.07,3.21,252325.6,80009.811,0.015031000000000001
2020-05-29,3.18,3.21,3.13,3.15,125315.62,39649.192,0.007465
2020-06-01,3.15,3.22,3.13,3.2,141920.92,45266.635,0.008454
2020-06-02,3.2,3.26,3.19,3.22,92324.9,29690.633,0.0055000000000000005
2020-06-03,3.2,3.25,3.2,3.2,122789.45,39543.759,0.007315
2020-06-04,3.25,3.33,3.2,3.24,101839.4,33047.211,0.006067
2020-06-05,3.22,3.26,3.2,3.22,86046.0,27717.342,0.0051259999999999995
2020-06-08,3.21,3.28,3.2,3.22,98609.0,31906.714,0.005874000000000001
2020-06-09,3.23,3.25,3.2,3.2,92464.8,29797.498,0.005508
2020-06-10,3.22,3.25,3.2,3.23,68616.4,22096.197,0.004087
2020-06-11,3.22,3.25,3.2,3.24,122271.48,39434.947,0.0072840000000000005
2020-06-12,3.17,3.2,3.16,3.19,91470.59,29065.646,0.005449000000000001
2020-06-15,3.17,3.22,3.16,3.19,83193.88,26552.674,0.0049559999999999995
2020-06-16,3.2,3.35,3.18,3.27,248443.27,81353.584,0.0148
2020-06-17,3.27,3.32,3.24,3.27,145844.93,47755.945,0.008688
2020-06-18,3.25,3.34,3.22,3.28,128460.27,42125.013,0.007652
2020-06-19,3.3,3.32,3.26,3.29,127024.0,41727.66,0.007567000000000001
2020-06-22,3.31,3.31,3.26,3.28,87724.0,28869.312,0.005226
2020-06-23,3.26,3.27,3.15,3.17,166147.02,52924.235,0.009897
2020-06-24,3.17,3.21,3.15,3.18,88307.22,28071.026,0.00526
2020-06-29,3.2,3.2,3.1,3.1,111698.0,35081.003,0.006654
2020-06-30,3.13,3.16,3.11,3.15,86320.21,27084.199,0.005142
2020-07-01,3.15,3.21,3.14,3.19,99601.04,31678.808,0.005933000000000001
2020-07-02,3.2,3.3,3.19,3.28,216339.94,70315.931,0.012887
2020-07-03,3.28,3.4,3.27,3.39,313582.49,105294.932,0.018680000000000002
2020-07-06,3.41,3.62,3.41,3.58,520521.59,182724.562,0.031006999999999996
2020-07-07,3.65,3.74,3.52,3.53,387612.09,139404.44,0.023090000000000003
2020-07-08,3.57,3.69,3.52,3.65,399145.63,144714.899,0.023777
2020-07-09,3.68,3.79,3.65,3.75,527383.04,196725.595,0.031416
2020-07-10,3.74,3.74,3.59,3.59,399464.23,146390.603,0.023795999999999998
2020-07-13,3.66,3.86,3.61,3.79,495448.59,186070.961,0.029514
2020-07-14,3.75,3.85,3.65,3.7,397374.51,148464.881,0.023672
2020-07-15,3.76,3.78,3.57,3.61,301192.38,109748.735,0.017942
2020-07-16,3.6,3.64,3.42,3.45,269038.82,95172.212,0.016027
2020-07-17,3.5,3.5,3.36,3.43,234475.84,80036.688,0.013968000000000001
2020-07-20,3.43,3.57,3.42,3.57,240541.45,84422.078,0.014329000000000001
2020-07-21,3.6,3.62,3.51,3.56,161240.19,57398.591,0.009605
2020-07-22,3.75,3.81,3.61,3.63,442132.24,162927.495,0.026338
2020-07-23,3.68,3.99,3.64,3.99,1074300.5,420373.852,0.063996
2020-07-24,4.02,4.35,3.99,4.17,1765617.76,731640.664,0.10517699999999999
2020-07-27,4.11,4.53,4.04,4.39,1503400.9,648131.895,0.089557
2020-07-28,4.47,4.68,4.12,4.15,1328898.13,569210.617,0.079162
2020-07-29,4.12,4.14,3.94,4.14,848441.97,344921.337,0.050541
2020-07-30,4.18,4.2,3.99,4.0,706785.81,288701.897,0.042103
2020-07-31,3.97,4.4,3.95,4.4,1195105.09,504001.849,0.071192
2020-08-03,4.5,4.63,4.36,4.46,1398220.16,626492.75,0.083292
2020-08-04,4.51,4.58,4.28,4.33,852811.57,374634.699,0.05080199999999999
2020-08-05,4.49,4.76,4.34,4.76,1117967.66,508925.103,0.066597
2020-08-06,4.9,5.19,4.8,4.92,1641481.3,816827.663,0.097783
2020-08-07,4.97,5.24,4.73,4.88,1436720.23,722279.889,0.08558500000000001
2020-08-10,4.75,4.88,4.56,4.69,823068.74,388567.464,0.04903
2020-08-11,4.63,4.73,4.37,4.41,842690.91,383920.323,0.050199
2020-08-12,4.18,4.25,4.07,4.22,635327.16,264245.078,0.037846000000000005
2020-08-13,4.23,4.32,4.19,4.25,354405.69,150761.475,0.021112000000000002
2020-08-14,4.27,4.33,4.21,4.25,278892.87,118978.314,0.016614
2020-08-17,4.2,4.42,4.17,4.42,459423.43,197487.276,0.027368
2020-08-18,4.49,4.59,4.43,4.52,553128.98,249744.167,0.03295
2020-08-19,4.5,4.52,4.3,4.31,468543.59,205460.894,0.027911000000000002
2020-08-20,4.26,4.29,4.18,4.2,250537.07,105898.19,0.014924
2020-08-21,4.22,4.28,4.16,4.19,193533.2,81458.377,0.011529000000000001
2020-08-24,4.13,4.19,4.03,4.19,248086.1,102117.087,0.014778
2020-08-25,4.16,4.16,4.05,4.07,235962.5,96613.823,0.014055999999999999
2020-08-26,4.04,4.1,3.99,4.0,193454.9,78043.398,0.011524000000000001
2020-08-27,4.07,4.15,4.04,4.05,209703.62,85547.651,0.012492000000000001
2020-08-28,4.03,4.1,4.0,4.1,167986.4,67962.617,0.010006999999999999
2020-08-31,4.14,4.22,4.08,4.09,236294.44,98157.686,0.014076
2020-09-01,4.12,4.17,4.08,4.15,133952.06,55428.939,0.007979
2020-09-02,4.11,4.13,4.01,4.05,218649.29,88584.177,0.013025
2020-09-03,4.03,4.05,3.94,3.95,203410.25,81312.005,0.012117
2020-09-04,3.89,3.94,3.86,3.92,130700.21,50999.096,0.0077859999999999995
2020-09-07,3.94,4.08,3.91,3.96,230661.6,92058.514,0.01374
2020-09-08,3.95,4.01,3.9,3.98,176030.43,69385.437,0.010486
2020-09-09,3.93,4.05,3.91,3.94,181163.24,72277.361,0.010792
2020-09-10,4.0,4.01,3.85,3.85,188175.58,73978.505,0.01121
2020-09-11,3.82,3.83,3.7,3.79,156933.74,59198.72,0.009349
2020-09-14,3.85,4.11,3.85,3.92,213964.44,84459.938,0.012746
2020-09-15,3.92,4.02,3.88,3.94,158283.79,62159.814,0.009429
2020-09-16,3.9,3.92,3.85,3.87,122644.79,47547.244,0.007306
2020-09-17,3.85,3.87,3.76,3.82,114628.63,43670.393,0.006828
2020-09-18,3.86,3.94,3.81,3.93,136814.76,53099.882,0.00815
2020-09-21,3.93,3.97,3.85,3.87,120226.17,47029.035,0.007161999999999999
2020-09-22,3.79,3.84,3.74,3.75,129827.4,49167.752,0.0077339999999999996
2020-09-23,3.76,4.12,3.76,3.91,318049.38,125766.617,0.018946
2020-09-24,3.91,3.95,3.73,3.75,187831.56,71171.545,0.011189
2020-09-25,3.76,3.8,3.7,3.75,103718.14,38814.412,0.006178
2020-09-28,3.75,3.77,3.7,3.72,75438.79,28137.215,0.004494000000000001
2020-09-29,3.74,3.77,3.68,3.68,93347.56,34623.523,0.005561
2020-09-30,3.71,3.73,3.63,3.66,62533.56,23028.593,0.003725
2020-10-09,3.74,3.91,3.7,3.8,193882.05,73920.3,0.01155
2020-10-12,3.81,3.89,3.81,3.88,176220.79,68043.786,0.010497000000000001
2020-10-13,3.88,3.91,3.82,3.86,123404.06,47690.654,0.007351
2020-10-14,3.87,3.87,3.78,3.79,113781.46,43455.005,0.006777999999999999
2020-10-15,3.8,3.83,3.75,3.77,82981.44,31404.342,0.004943
2020-10-16,3.76,3.8,3.73,3.76,60830.0,22819.011,0.003624
2020-10-19,3.75,3.79,3.71,3.78,92711.95,34764.741,0.005523
2020-10-20,3.75,3.76,3.7,3.75,62551.63,23309.165,0.0037259999999999997
2020-10-21,3.76,3.79,3.73,3.78,92294.21,34738.2,0.005497999999999999
2020-10-22,3.75,3.77,3.71,3.73,60512.0,22608.634,0.0036049999999999997
2020-10-23,3.74,3.74,3.66,3.67,69802.0,25802.946,0.004158
2020-10-26,3.65,3.65,3.57,3.58,99089.22,35764.01,0.005903
2020-10-27,3.58,3.63,3.53,3.58,80922.0,28945.834,0.004821
2020-10-28,3.59,3.69,3.52,3.62,116266.47,41737.269,0.006926
2020-10-29,3.54,3.6,3.52,3.55,70306.17,24995.007,0.004188
2020-10-30,3.55,3.55,3.4,3.41,103810.54,36084.063,0.006183999999999999
2020-11-02,3.4,3.45,3.37,3.4,76718.54,26090.339,0.00457
2020-11-03,3.42,3.65,3.42,3.61,200019.72,71299.588,0.011915
2020-11-04,3.59,3.62,3.56,3.59,106443.24,38151.219,0.006341
2020-11-05,3.6,3.67,3.59,3.67,123963.75,44987.603,0.007383999999999999
2020-11-06,3.66,3.78,3.65,3.68,191028.0,71030.907,0.011378999999999998
2020-11-09,3.7,3.85,3.7,3.79,191904.0,72360.018,0.011432
2020-11-10,3.75,3.8,3.7,3.73,172092.01,64329.621,0.010251
2020-11-11,3.7,3.85,3.69,3.77,213746.0,80824.909,0.012733000000000001
2020-11-12,3.74,3.82,3.73,3.79,126264.0,47789.494,0.007522
2020-11-13,3.79,3.94,3.76,3.85,331127.89,128105.443,0.019725
2020-11-16,3.88,4.09,3.82,4.0,511328.02,204195.575,0.030459999999999997
2020-11-17,3.98,4.05,3.93,3.99,344149.45,137243.488,0.020501000000000002
2020-11-18,3.97,4.12,3.97,4.05,390443.27,157801.122,0.023259
2020-11-19,4.01,4.03,3.87,3.91,327654.79,128660.935,0.019518
2020-11-20,3.93,4.1,3.85,4.05,437686.79,174451.776,0.026073
2020-11-23,4.12,4.24,4.04,4.15,679094.82,282698.077,0.040454
2020-11-24,4.08,4.3,4.06,4.26,601196.23,250322.161,0.035813000000000005
2020-11-25,4.23,4.3,4.08,4.08,489945.5,204588.953,0.029186
2020-11-26,4.07,4.12,3.95,4.01,293669.29,118161.286,0.017494
2020-11-27,4.0,4.06,3.89,4.0,296964.0,117718.912,0.017689999999999997
2020-11-30,4.02,4.4,4.0,4.23,753015.71,323600.715,0.044856999999999994
2020-12-01,4.27,4.31,4.18,4.25,746453.63,316745.219,0.044466
2020-12-02,4.31,4.39,4.19,4.25,583215.35,249984.559,0.034742
2020-12-03,4.22,4.25,4.04,4.06,446017.55,182957.926,0.026569
2020-12-04,4.04,4.24,4.03,4.2,406906.61,168973.959,0.024239
2020-12-07,4.18,4.23,4.08,4.08,311323.87,128287.739,0.018545
2020-12-08,4.09,4.16,4.05,4.05,276018.0,112735.596,0.016442000000000002
2020-12-09,4.05,4.14,3.95,3.96,281901.46,114318.346,0.016793
2020-12-10,3.97,4.04,3.93,3.97,190720.22,75840.544,0.011361000000000001
2020-12-11,4.1,4.14,3.8,3.84,403272.04,159428.808,0.024023
2020-12-14,3.76,3.84,3.7,3.8,207588.23,78249.011,0.012365999999999999
2020-12-15,3.76,3.76,3.69,3.72,169086.7,62829.512,0.010072000000000001
2020-12-16,3.85,4.09,3.79,4.0,811269.15,324322.942,0.048327
2020-12-17,3.96,4.3,3.91,4.25,976016.25,399237.385,0.058141
2020-12-18,4.22,4.34,4.17,4.26,850358.02,363071.46,0.050656
2020-12-21,4.24,4.44,4.24,4.4,784137.25,340542.856,0.046711
2020-12-22,4.62,4.84,4.44,4.66,1814377.52,852858.925,0.108082
2020-12-23,4.51,4.77,4.48,4.53,1217505.91,556997.233,0.072527
2020-12-24,4.58,4.65,4.47,4.47,716481.08,326713.237,0.042681
2020-12-25,4.44,4.78,4.42,4.72,870783.93,401853.802,0.051872
2020-12-28,4.67,4.84,4.63,4.65,747246.73,352405.524,0.044513
2020-12-29,4.64,4.77,4.46,4.54,733485.45,337926.309,0.043694
2020-12-30,4.57,4.87,4.5,4.73,835699.2,391765.852,0.049782
2020-12-31,4.66,4.75,4.59,4.62,667455.77,310955.259,0.03976
2021-01-04,4.67,4.9,4.66,4.82,810242.56,388093.125,0.048266
2021-01-05,4.76,4.76,4.56,4.68,699296.35,325222.387,0.041657
2021-01-06,4.68,4.78,4.44,4.52,646856.18,296002.808,0.038533
2021-01-07,4.46,4.97,4.44,4.91,1525187.41,737007.65,0.09085499999999999
2021-01-08,4.86,4.86,4.64,4.77,1106546.24,526960.609,0.065917
2021-01-11,4.68,4.69,4.33,4.36,824783.37,370706.036,0.049131999999999995
2021-01-12,4.27,4.35,4.16,4.28,422543.65,180448.791,0.025171000000000002
2021-01-13,4.26,4.46,4.12,4.17,506896.89,217969.62,0.030196
2021-01-14,4.11,4.25,4.07,4.08,344453.38,142589.855,0.020519
2021-01-15,4.14,4.21,4.03,4.13,326850.55,134793.892,0.01947
2021-01-18,4.11,4.16,4.07,4.12,241716.93,99717.995,0.014399
2021-01-19,4.17,4.17,4.02,4.03,292304.19,119423.136,0.017412
2021-01-20,4.04,4.16,4.03,4.14,239656.66,98268.176,0.014276
2021-01-21,4.11,4.29,4.08,4.19,342226.47,143931.357,0.020386
2021-01-22,4.17,4.18,4.01,4.06,310710.38,126802.049,0.018509
2021-01-25,4.06,4.31,3.95,4.15,496696.47,206094.693,0.029588
2021-01-26,4.15,4.15,3.97,4.0,339577.69,137496.227,0.020229
2021-01-27,4.03,4.03,3.84,3.92,271449.15,106208.124,0.01617
2021-01-28,3.81,3.92,3.8,3.8,179660.0,69291.574,0.010702
2021-01-29,3.84,3.87,3.64,3.7,224161.97,84162.419,0.013352999999999999
2021-02-01,3.72,3.85,3.72,3.75,157815.35,59618.078,0.009401
2021-02-02,3.78,3.79,3.63,3.67,175129.08,64411.973,0.010431999999999999
2021-02-03,3.69,3.82,3.65,3.72,202232.83,75577.085,0.012047
2021-02-04,3.7,3.71,3.5,3.59,217539.03,77993.058,0.011624
2021-02-05,3.59,3.65,3.48,3.48,140172.75,49641.708,0.00749
2021-02-08,3.53,3.6,3.5,3.55,139781.99,49698.686,0.007469
2021-02-09,3.54,3.71,3.54,3.67,197208.99,72259.643,0.010538
2021-02-10,3.66,3.74,3.63,3.7,182287.23,67225.328,0.00974
2021-02-18,3.93,4.02,3.87,3.98,404543.16,159708.139,0.021617
2021-02-19,3.96,4.17,3.93,4.15,471521.5,191644.625,0.025196
2021-02-22,4.41,4.57,4.38,4.44,989452.06,447144.981,0.052870999999999994
2021-02-23,4.38,4.49,4.24,4.33,769573.0,333865.709,0.041122
2021-02-24,4.3,4.45,4.27,4.35,476750.98,207528.261,0.025474999999999998
2021-02-25,4.51,4.55,4.27,4.28,399717.76,174617.782,0.021359
2021-02-26,4.13,4.32,4.13,4.2,396777.32,167802.955,0.021202000000000002
2021-03-01,4.2,4.35,4.15,4.33,383697.0,163158.753,0.019256
2021-03-02,4.3,4.31,4.13,4.17,277204.51,116080.039,0.013912
2021-03-03,4.19,4.28,4.16,4.25,278982.05,117968.474,0.014001
2021-03-04,4.18,4.28,4.12,4.15,358722.54,150172.083,0.018003
2021-03-05,4.08,4.16,4.03,4.12,278410.11,113836.598,0.013972
2021-03-08,4.18,4.23,4.01,4.03,263694.73,108792.165,0.013234
2021-03-09,4.03,4.07,3.84,3.93,275805.09,109366.785,0.013841000000000001
2021-03-10,3.97,4.0,3.8,3.82,212666.26,82426.094,0.010672999999999998
2021-03-11,3.87,4.12,3.81,4.08,341085.81,136076.043,0.017117
2021-03-12,4.07,4.08,3.98,4.01,236238.3,95023.135,0.011856
2021-03-15,4.04,4.16,4.03,4.07,272307.81,111629.578,0.013666000000000001
2021-03-16,4.06,4.1,3.97,4.02,226626.08,91334.03,0.011373
2021-03-17,4.0,4.07,3.9,4.05,182154.21,72752.997,0.009141
2021-03-18,4.06,4.1,3.99,3.99,181114.46,72993.583,0.009089
2021-03-19,3.93,4.05,3.9,3.99,159378.0,63512.752,0.007998
2021-03-22,4.0,4.05,3.96,4.03,158535.0,63471.229,0.007956
2021-03-23,4.01,4.02,3.88,3.9,227689.0,89252.521,0.011427
2021-03-24,3.89,3.92,3.82,3.82,161400.1,62270.01,0.008100000000000001
2021-03-25,3.82,3.86,3.78,3.78,116199.38,44373.135,0.005830999999999999
2021-03-26,3.78,3.83,3.77,3.82,87456.59,33277.55,0.0043890000000000005
2021-03-29,3.84,3.85,3.77,3.79,103407.99,39222.096,0.00519
2021-03-30,3.78,3.84,3.71,3.81,134066.83,50712.493,0.006728
2021-03-31,3.78,3.79,3.72,3.74,106067.78,39706.687,0.005323
2021-04-01,3.74,3.78,3.71,3.77,87869.13,32867.934,0.00441
2021-04-02,3.77,3.81,3.73,3.8,100179.0,37842.873,0.005027
2021-04-06,3.82,3.86,3.81,3.83,98765.32,37924.7,0.004957
2021-04-07,3.84,3.91,3.81,3.87,133385.14,51585.772,0.006694
2021-04-08,3.88,4.1,3.86,3.99,344942.64,138248.874,0.017311
2021-04-09,4.1,4.38,4.1,4.17,665066.4,279740.803,0.033376
2021-04-12,4.07,4.27,4.04,4.15,461125.33,192863.973,0.023142
2021-04-13,4.13,4.18,4.06,4.07,210080.0,86031.829,0.010543
2021-04-14,4.1,4.12,4.01,4.11,191096.56,77794.271,0.00959
2021-04-15,4.1,4.22,4.06,4.21,293229.47,121480.481,0.014716
2021-04-16,4.25,4.28,4.14,4.17,266929.96,111909.343,0.013395999999999998
2021-04-19,4.1,4.3,4.09,4.28,338754.58,143337.971,0.017
2021-04-20,4.24,4.28,4.18,4.2,223926.11,94674.852,0.011238
2021-04-21,4.14,4.19,4.13,4.17,177218.28,73700.364,0.008893999999999999
2021-04-22,4.2,4.28,4.14,4.15,188980.13,79354.746,0.009484
2021-04-23,4.15,4.19,4.09,4.18,174055.0,72112.235,0.008735
2021-04-26,4.19,4.36,4.19,4.27,477920.65,204738.196,0.023985
2021-04-27,4.38,4.38,4.21,4.3,388736.19,166846.209,0.019509000000000002
2021-04-28,4.1,4.11,3.87,3.87,715676.12,280500.815,0.035916000000000003
2021-04-29,3.9,4.26,3.88,4.26,628212.43,256194.575,0.031527
2021-04-30,4.4,4.47,4.3,4.37,811450.79,355941.078,0.040723
2021-05-06,4.45,4.53,4.38,4.47,687690.83,306534.226,0.034512
2021-05-07,4.52,4.59,4.43,4.43,729492.19,328756.971,0.036610000000000004
2021-05-10,4.52,4.65,4.48,4.63,783633.34,358126.087,0.039327
2021-05-11,4.48,4.57,4.32,4.51,665970.6,296670.084,0.033422
2021-05-12,4.52,4.67,4.52,4.57,541831.37,248367.314,0.027191999999999997
2021-05-13,4.48,4.56,4.35,4.36,397187.59,175931.082,0.019933
2021-05-14,4.4,4.41,4.28,4.32,275805.55,119176.4,0.013841000000000001
2021-05-17,4.3,4.39,4.21,4.27,344765.51,147777.669,0.017301999999999998
2021-05-18,4.33,4.43,4.31,4.36,317361.09,138428.908,0.015927
2021-05-19,4.28,4.34,4.22,4.28,249068.47,106800.692,0.0125
2021-05-20,4.15,4.18,4.06,4.1,323137.55,132789.912,0.016217
2021-05-21,4.08,4.22,4.08,4.12,238204.88,98490.575,0.011954
2021-05-24,4.1,4.2,4.08,4.12,230759.47,95301.056,0.011581
2021-05-25,4.12,4.16,4.06,4.14,265524.26,109250.424,0.013325
2021-05-26,4.16,4.25,4.1,4.21,361190.79,151231.623,0.018126
2021-05-27,4.16,4.18,4.12,4.14,277623.71,115254.081,0.013933
2021-05-28,4.19,4.24,4.12,4.15,367628.91,153758.489,0.01845
2021-05-31,4.17,4.25,4.15,4.18,356511.46,149533.909,0.017891999999999998
2021-06-01,4.17,4.17,4.09,4.17,336637.29,139019.868,0.016894
2021-06-02,4.15,4.18,4.03,4.04,342611.69,140243.157,0.017194
2021-06-03,4.05,4.21,4.05,4.12,514660.75,212987.176,0.025828000000000004
2021-06-04,4.07,4.09,4.0,4.04,396588.94,160534.202,0.019903
2021-06-07,4.06,4.07,3.99,4.0,322907.8,129814.87,0.016205
2021-06-08,4.02,4.05,3.93,3.97,290891.01,115749.309,0.014598
2021-06-09,3.95,4.0,3.93,3.95,324198.42,128566.292,0.01627
2021-06-10,3.95,4.01,3.92,3.97,255106.23,100924.322,0.012803
2021-06-11,3.97,4.02,3.93,4.0,273328.02,109023.903,0.013717
2021-06-15,3.98,3.99,3.87,3.87,285231.15,111718.422,0.014314
2021-06-16,3.87,3.89,3.83,3.84,155939.61,60191.985,0.007826
2021-06-17,3.85,3.86,3.8,3.81,170889.0,65328.676,0.008576
2021-06-18,3.76,3.88,3.74,3.86,206038.17,78299.226,0.01034
2021-06-21,3.85,3.88,3.79,3.8,181069.31,69267.651,0.009087
2021-06-22,3.8,3.95,3.8,3.91,252632.91,97977.942,0.012678
2021-06-23,3.92,3.92,3.85,3.89,185801.91,72139.334,0.009324
2021-06-24,3.89,3.91,3.81,3.82,186484.0,71805.952,0.009359
2021-06-25,3.83,4.01,3.82,3.92,282666.91,110864.834,0.014186
2021-06-28,3.89,3.97,3.87,3.91,189352.0,74082.843,0.009503000000000001
2021-06-29,3.9,3.92,3.82,3.83,157366.83,60620.756,0.007897
2021-06-30,3.82,3.86,3.82,3.85,138094.06,53051.107,0.0069299999999999995
2021-07-01,3.85,3.9,3.75,3.75,217685.22,83322.79,0.010925
2021-07-02,3.75,3.84,3.75,3.76,163025.55,61731.299,0.008181
2021-07-05,3.78,3.9,3.78,3.89,256582.15,98992.784,0.012877000000000001
2021-07-06,3.9,3.97,3.88,3.93,237551.7,93247.937,0.011921999999999999
2021-07-07,3.9,4.04,3.87,4.0,386029.72,153887.942,0.019373
2021-07-08,4.01,4.06,3.94,3.94,315727.0,125976.825,0.015845
2021-07-09,3.96,4.26,3.96,4.19,797842.86,328848.419,0.04003999999999999
2021-07-12,4.21,4.32,4.13,4.21,731871.84,310047.205,0.036729
2021-07-13,4.21,4.3,4.17,4.2,452748.47,190911.517,0.022721
2021-07-14,4.2,4.2,4.07,4.09,436943.66,180284.668,0.021928
2021-07-15,4.08,4.21,4.04,4.21,454168.75,187973.449,0.022793
2021-07-16,4.22,4.5,4.14,4.3,914042.55,393914.371,0.045871
2021-07-19,4.28,4.4,4.22,4.25,646847.29,278158.849,0.032462
2021-07-20,4.21,4.3,4.18,4.3,423115.77,179707.64,0.021234000000000003
2021-07-21,4.3,4.46,4.26,4.39,707629.94,310863.016,0.035512999999999996
2021-07-22,4.39,4.57,4.36,4.51,603391.6,270491.616,0.030281
2021-07-23,4.75,4.96,4.75,4.96,394564.9,194933.524,0.019801
2021-07-26,5.46,5.46,5.46,5.46,177219.69,96761.951,0.008893999999999999
2021-07-27,5.86,6.01,5.47,5.57,3155731.79,1841070.003,0.15837099999999998
2021-07-28,5.23,5.36,5.01,5.01,2072444.16,1064949.64,0.104006
2021-07-29,5.11,5.42,5.03,5.28,1521508.35,793009.353,0.076357
2021-07-30,5.16,5.81,5.13,5.49,1622617.83,900691.503,0.081431
2021-08-02,5.58,5.68,5.31,5.51,1311585.4,720606.337,0.065822
2021-08-03,5.57,5.58,5.11,5.19,1013384.08,538291.093,0.050857
2021-08-04,5.17,5.47,5.11,5.39,898266.87,477475.225,0.04508
2021-08-05,5.38,5.82,5.26,5.71,1243842.6,694510.183,0.062422000000000005
2021-08-06,5.89,6.28,5.66,6.28,1581303.61,951013.996,0.079358
2021-08-09,6.41,6.65,6.0,6.41,1689808.85,1068517.09,0.084803
2021-08-10,6.36,6.65,6.24,6.41,1255955.07,807072.658,0.06303
2021-08-11,6.39,6.49,6.22,6.25,879826.75,555356.119,0.044154
2021-08-12,6.45,6.61,6.24,6.57,1314529.91,851977.293,0.06597
2021-08-13,6.4,6.44,6.25,6.35,765839.05,485132.606,0.038433999999999996
2021-08-16,6.31,6.57,6.21,6.35,842571.77,540129.486,0.042285
2021-08-17,6.35,6.77,6.26,6.27,1115785.31,721702.503,0.055996
2021-08-18,6.26,6.63,6.23,6.45,903094.24,582513.713,0.045321999999999994
2021-08-19,6.35,6.73,6.1,6.45,1101404.88,702105.641,0.055274000000000004
2021-08-20,6.67,6.68,6.41,6.6,996561.18,653338.078,0.050012999999999995
2021-08-23,6.65,7.26,6.65,7.26,1062691.09,757849.366,0.053330999999999996
2021-08-24,7.51,7.99,7.27,7.86,1901896.98,1456342.671,0.095447
2021-08-25,7.57,7.65,7.07,7.32,1884182.26,1373388.857,0.094558
2021-08-26,7.29,7.54,7.2,7.2,994925.68,730277.513,0.04993
2021-08-27,7.12,7.35,7.02,7.29,808276.58,582839.38,0.040563
2021-08-30,7.41,7.89,7.36,7.71,1184969.11,898489.599,0.05946799999999999
2021-08-31,7.81,8.48,7.8,8.34,2065347.14,1721487.095,0.10365
2021-09-01,8.3,8.3,7.51,7.51,1635642.88,1275402.004,0.082085
2021-09-02,7.2,7.57,7.0,7.43,1261658.78,917192.587,0.063317
2021-09-03,7.38,7.81,6.92,7.11,1267424.53,922847.043,0.063606
2021-09-06,7.13,7.36,6.9,7.17,701790.8,501757.773,0.035219
2021-09-07,7.27,7.89,7.25,7.89,1164269.5,909321.339,0.058429
2021-09-08,8.28,8.45,7.95,8.18,1997949.63,1653228.229,0.100267
2021-09-09,8.36,8.5,8.03,8.19,1333395.36,1095950.765,0.066917
2021-09-10,8.45,9.01,8.21,9.01,2143760.37,1873127.126,0.107585
2021-09-13,9.09,9.29,8.78,9.06,1935511.3,1749498.88,0.097134
2021-09-14,8.85,9.34,8.6,9.0,1292942.31,1164485.786,0.064887
2021-09-15,9.04,9.18,8.79,8.92,753544.93,673879.243,0.037816999999999996
2021-09-16,9.08,9.1,8.34,8.4,1263976.55,1086338.738,0.063433
2021-09-17,8.23,8.46,7.64,8.04,1146356.34,925488.841,0.05753
2021-09-22,7.99,8.84,7.98,8.6,1363616.16,1163790.629,0.06843300000000001
2021-09-23,8.58,8.82,8.05,8.26,1208077.84,1014029.728,0.060628
2021-09-24,8.1,8.38,7.43,7.43,1370181.37,1059975.705,0.06876299999999999
2021-09-27,7.37,7.37,6.69,6.69,813014.15,556128.656,0.040801
2021-09-28,6.02,6.02,6.02,6.02,69949.0,42109.298,0.0035099999999999997
2021-09-29,5.42,5.42,5.42,5.42,56429.0,30584.518,0.002832
2021-09-30,4.88,5.49,4.88,4.99,3090737.4,1554787.974,0.155109
2021-10-08,4.96,5.21,4.84,4.99,1686490.87,846704.131,0.08463699999999999
2021-10-11,5.01,5.14,4.75,5.01,1281239.58,637830.171,0.064299
2021-10-12,5.03,5.16,4.95,5.14,1131751.17,571789.934,0.05679700000000001
2021-10-13,5.07,5.09,4.9,5.0,686566.82,343063.515,0.034455
2021-10-14,4.99,5.2,4.88,5.13,956947.0,485289.898,0.048025000000000005
2021-10-15,5.14,5.23,5.03,5.05,717317.56,365425.363,0.035998999999999996
2021-10-18,5.06,5.45,5.04,5.36,1184764.94,626654.522,0.059458000000000004
2021-10-19,5.36,5.9,5.25,5.9,1236483.84,691708.352,0.062053000000000004
2021-10-20,5.79,6.07,5.65,5.83,1335957.15,786493.094,0.06704500000000001
2021-10-21,5.99,6.06,5.75,5.85,833693.79,489171.711,0.041839
2021-10-22,5.82,5.82,5.45,5.48,1061339.23,592853.82,0.053263
2021-10-25,5.43,5.59,5.4,5.48,751743.53,411634.982,0.037726
2021-10-26,5.53,5.72,5.43,5.56,867605.61,483713.178,0.043540999999999996
2021-10-27,5.57,5.58,5.28,5.39,716254.87,386703.407,0.035945
2021-10-28,5.26,5.33,4.86,4.9,1100284.95,550430.466,0.055217999999999996
2021-10-29,4.99,5.06,4.85,4.92,607940.7,299622.567,0.030510000000000002
2021-11-01,4.9,5.0,4.83,4.93,592448.84,290979.202,0.029731999999999998
2021-11-02,4.99,5.03,4.61,4.69,818397.03,391572.253,0.041070999999999996
2021-11-03,4.77,4.77,4.57,4.72,572198.83,266700.016,0.028716
2021-11-04,4.71,4.73,4.62,4.64,457372.44,212674.071,0.022953
2021-11-05,4.58,4.64,4.45,4.46,672010.26,304190.254,0.033725
2021-11-08,4.47,4.63,4.46,4.59,521384.29,238488.979,0.026166000000000002
2021-11-09,4.6,4.63,4.48,4.62,470715.07,213956.963,0.023622999999999998
2021-11-10,4.62,4.64,4.44,4.56,570153.65,257615.143,0.028613
2021-11-11,4.58,4.76,4.56,4.61,633899.65,294844.245,0.031812
2021-11-12,4.66,5.05,4.62,4.92,1078700.41,526669.703,0.054135
2021-11-15,4.9,5.3,4.81,5.25,1148920.19,582884.037,0.057659
2021-11-16,5.34,5.35,5.05,5.2,943823.89,485892.973,0.047366
2021-11-17,5.2,5.23,5.11,5.21,498456.78,258417.586,0.025015
2021-11-18,5.2,5.47,5.12,5.37,676390.78,359887.757,0.033944999999999996
2021-11-19,5.36,5.56,5.28,5.36,693483.93,375100.469,0.034803
2021-11-22,5.35,5.76,5.34,5.62,874580.19,487856.877,0.043891
2021-11-23,5.6,5.98,5.56,5.93,951718.03,551632.179,0.047762
2021-11-24,5.94,5.99,5.76,5.92,865284.12,508927.174,0.043424
2021-11-25,6.2,6.5,5.69,5.93,1678325.04,1013498.808,0.08422700000000001
2021-11-26,5.9,6.24,5.78,6.08,1160603.84,705483.161,0.058245
2021-11-29,5.9,6.02,5.71,5.95,868382.59,510786.074,0.043579999999999994
2021-11-30,5.99,6.17,5.92,6.0,817038.08,494306.365,0.041003
2021-12-01,6.05,6.08,5.85,5.9,558540.17,330477.615,0.02803
2021-12-02,5.88,5.88,5.67,5.78,590762.11,340721.848,0.029647
2021-12-03,5.75,5.81,5.66,5.73,407914.02,233241.563,0.020471
2021-12-06,5.68,5.79,5.53,5.56,552406.19,313332.104,0.027723
2021-12-07,5.59,5.65,5.34,5.42,478453.5,261209.943,0.024011
2021-12-08,5.48,5.51,5.37,5.43,370126.47,201346.211,0.018574999999999998
2021-12-09,5.43,5.48,5.31,5.36,403574.29,216890.005,0.020253
2021-12-10,5.35,5.42,5.29,5.35,302623.57,162110.852,0.015186999999999999
2021-12-13,5.35,5.61,5.29,5.55,631529.28,343849.873,0.031693
2021-12-14,5.54,5.55,5.17,5.27,763823.2,408575.054,0.038333
2021-12-15,5.27,5.29,5.1,5.14,456291.1,236089.709,0.022899
2021-12-16,5.13,5.23,5.13,5.21,249484.15,129507.686,0.01252
2021-12-17,5.21,5.35,5.2,5.21,386702.8,203633.749,0.019407
2021-12-20,5.21,5.23,5.05,5.08,334595.58,171125.941,0.016792
2021-12-21,5.04,5.18,5.04,5.14,231088.5,117885.113,0.011597
2021-12-22,5.12,5.27,5.1,5.21,337233.15,175691.154,0.016923999999999998
2021-12-23,5.24,5.27,5.1,5.16,286205.19,148652.408,0.014362999999999999
2021-12-24,5.1,5.12,4.9,4.9,459955.82,229095.387,0.023083
2021-12-27,4.9,4.97,4.77,4.88,245464.66,119794.438,0.012319
2021-12-28,4.88,5.02,4.88,5.0,232695.33,115514.035,0.011678
2021-12-29,4.99,5.05,4.93,4.96,260073.11,129342.982,0.013052
2021-12-30,4.95,5.03,4.92,4.92,269468.37,133548.827,0.013523
2021-12-31,4.92,4.95,4.84,4.87,294632.42,143768.646,0.014785999999999999
2022-01-04,4.87,4.99,4.86,4.99,336301.5,166195.386,0.016877
2022-01-05,4.99,4.99,4.87,4.9,286746.09,141035.442,0.01439
2022-01-06,4.88,4.95,4.84,4.91,209151.81,102457.594,0.010496
2022-01-07,4.92,4.92,4.8,4.81,279826.05,135683.569,0.014043000000000002
2022-01-10,4.8,4.83,4.75,4.76,231114.02,110463.693,0.011597999999999999
2022-01-11,4.75,4.84,4.74,4.8,206310.48,99032.603,0.010354
2022-01-12,4.85,4.99,4.84,4.97,433058.65,213685.267,0.021733
2022-01-13,5.1,5.1,4.94,4.98,352039.26,175707.442,0.017667
2022-01-14,4.93,4.95,4.87,4.92,235906.2,115692.991,0.011838999999999999
2022-01-17,4.88,4.91,4.7,4.82,298166.53,143021.159,0.014964
2022-01-18,4.78,4.84,4.75,4.76,189477.79,90509.114,0.009509
2022-01-19,4.71,4.76,4.62,4.65,265681.38,124377.201,0.013333
2022-01-20,4.73,4.95,4.71,4.76,421350.27,201780.401,0.021145999999999998
2022-01-21,4.7,4.7,4.55,4.65,294851.75,136297.041,0.014797
2022-01-24,4.63,4.66,4.57,4.59,164160.24,75685.69,0.008238
2022-01-25,4.55,4.55,4.3,4.31,323907.16,143848.737,0.016255
2022-01-26,4.32,4.46,4.32,4.42,188505.42,82825.918,0.00946
2022-01-27,4.46,4.46,4.21,4.22,228574.49,98392.5,0.011471
2022-01-28,4.26,4.33,4.15,4.25,202669.62,86100.801,0.010171
2022-02-07,4.33,4.4,4.16,4.37,233186.78,101386.783,0.011702999999999998
2022-02-08,4.39,4.49,4.32,4.45,298900.0,131879.344,0.015
2022-02-09,4.45,4.63,4.44,4.57,301356.0,137462.824,0.015124
2022-02-10,4.62,4.7,4.56,4.6,252960.26,116966.255,0.012695000000000001
2022-02-11,4.55,4.6,4.49,4.51,226149.05,102732.417,0.011349
2022-02-14,4.47,4.55,4.43,4.45,161972.39,72597.317,0.008128999999999999
2022-02-15,4.47,4.49,4.39,4.45,175421.5,77692.439,0.008804
2022-02-16,4.47,4.63,4.46,4.57,246467.91,112477.545,0.012369000000000002
2022-02-17,4.55,4.62,4.52,4.61,356071.67,163350.953,0.01787
2022-02-18,4.57,4.61,4.5,4.56,316733.47,143870.796,0.015895
2022-02-21,4.54,4.56,4.49,4.54,236077.47,106639.567,0.011848000000000001
2022-02-22,4.54,4.67,4.53,4.63,476669.11,219420.657,0.023922
2022-02-23,4.64,4.75,4.59,4.69,543597.62,253609.973,0.027281
2022-02-24,4.63,4.93,4.6,4.78,1018807.18,488163.649,0.051129
2022-02-25,4.78,4.81,4.66,4.69,610476.88,288205.903,0.030636999999999998
2022-02-28,4.71,4.73,4.59,4.7,404549.0,189397.092,0.020301999999999997
2022-03-01,4.7,4.72,4.61,4.67,394221.23,183335.963,0.019784
2022-03-02,4.71,4.83,4.69,4.75,503455.28,239895.138,0.025266
2022-03-03,4.75,4.9,4.74,4.85,640823.73,310012.341,0.03216
2022-03-04,4.85,4.86,4.67,4.69,462640.2,219607.2,0.023218000000000003
2022-03-07,4.8,5.16,4.78,5.16,803941.85,405761.677,0.040346
2022-03-08,5.68,5.68,5.68,5.68,809126.11,459583.63,0.040606
2022-03-09,5.69,6.23,5.44,5.79,4129449.25,2393028.44,0.207237
2022-03-10,5.21,5.71,5.21,5.5,2827067.91,1528805.188,0.141877
2022-03-11,5.25,5.25,5.0,5.17,1996415.27,1024306.481,0.10019
2022-03-14,5.06,5.3,5.02,5.02,1420734.28,731118.368,0.0713
2022-03-15,5.07,5.14,4.52,4.52,1625333.38,769696.119,0.081568
2022-03-16,4.52,4.76,4.24,4.68,1560305.81,694598.395,0.078304
2022-03-17,4.59,4.74,4.56,4.59,1405353.4,653822.91,0.07052800000000001
2022-03-18,4.51,4.62,4.5,4.6,872487.96,398233.618,0.043786
2022-03-21,4.59,4.62,4.42,4.5,1016515.51,459843.451,0.051014
2022-03-22,4.46,4.56,4.42,4.53,880482.34,395788.141,0.044187000000000004
2022-03-23,4.5,4.5,4.43,4.43,748259.82,333193.111,0.037552
2022-03-24,4.67,4.82,4.57,4.6,1607288.19,752234.2,0.080662
2022-03-25,4.6,4.9,4.56,4.7,1467222.38,694659.679,0.073633
2022-03-28,4.5,4.6,4.33,4.49,972665.06,434401.835,0.048813
2022-03-29,4.49,4.51,4.37,4.39,651081.08,288288.408,0.032675
2022-03-30,4.4,4.45,4.33,4.44,634115.52,278393.429,0.031823000000000004
2022-03-31,4.39,4.43,4.31,4.35,645249.14,280986.931,0.032382
2022-04-01,4.31,4.34,4.26,4.33,448444.51,192658.919,0.022505
2022-04-06,4.3,4.38,4.28,4.37,426180.04,185042.463,0.021387999999999997
2022-04-07,4.34,4.35,4.2,4.21,505836.41,216177.962,0.025385
2022-04-08,4.21,4.31,4.12,4.27,505734.09,213954.51,0.02538
2022-04-11,4.25,4.25,4.0,4.07,509436.06,210679.797,0.025566
2022-04-12,4.07,4.16,4.0,4.15,423235.57,172406.37,0.021240000000000002
2022-04-13,4.11,4.3,4.06,4.25,676921.54,285630.809,0.033971
2022-04-14,4.23,4.35,4.19,4.3,598197.72,255340.341,0.030021
2022-04-15,4.29,4.36,4.16,4.18,497006.26,212098.312,0.024942000000000002
2022-04-18,4.12,4.15,4.06,4.12,318605.89,131110.94,0.015989
2022-04-19,4.19,4.25,4.17,4.2,351933.61,148310.059,0.017662
2022-04-20,4.18,4.23,4.06,4.09,372144.87,154193.833,0.018675999999999998
2022-04-21,4.07,4.09,3.85,3.86,552762.1,218987.203,0.02774
2022-04-22,3.86,3.89,3.76,3.84,320035.05,122275.225,0.016061000000000002
2022-04-25,3.72,3.74,3.46,3.46,522024.33,187279.921,0.026198000000000003
2022-04-26,3.46,3.46,3.24,3.26,437788.0,146758.917,0.02197
2022-04-27,3.19,3.52,3.17,3.5,545932.9,183477.934,0.027398
2022-04-28,3.43,3.51,3.38,3.43,343812.34,118204.727,0.017254000000000002
2022-04-29,3.48,3.65,3.48,3.62,401567.25,143640.164,0.020152999999999997
2022-05-05,3.63,3.68,3.57,3.65,325293.66,118228.972,0.016325
2022-05-06,3.52,3.6,3.48,3.55,247832.69,87985.959,0.012438
2022-05-09,3.55,3.65,3.53,3.6,172208.11,61983.423,0.008642
2022-05-10,3.55,3.63,3.51,3.63,218608.75,78434.847,0.010971
2022-05-11,3.64,3.75,3.62,3.64,322631.78,119153.961,0.016191
2022-05-12,3.65,3.68,3.57,3.64,239039.91,86794.781,0.011996
2022-05-13,3.66,3.7,3.59,3.69,263321.01,95927.433,0.013215
2022-05-16,3.71,3.73,3.64,3.67,176874.32,65167.631,0.008876
2022-05-17,3.68,3.69,3.59,3.65,190522.81,69275.355,0.009561
2022-05-18,3.67,3.72,3.66,3.7,216547.0,79930.041,0.010867
2022-05-19,3.65,3.68,3.6,3.68,219081.13,79808.855,0.010995
2022-05-20,3.76,3.84,3.72,3.82,438799.39,166040.657,0.022021000000000002
2022-05-23,3.8,3.99,3.8,3.96,497937.72,194972.026,0.024988999999999997
2022-05-24,4.0,4.0,3.72,3.72,459552.2,176678.384,0.023062999999999997
2022-05-25,3.75,3.81,3.72,3.79,259736.75,97870.085,0.013035000000000001
2022-05-26,3.79,3.82,3.69,3.77,276853.43,103962.878,0.013894
2022-05-27,3.78,3.81,3.72,3.77,222560.61,83964.236,0.011169
2022-05-30,3.79,3.83,3.72,3.77,242317.77,91210.534,0.012161
2022-05-31,3.76,3.76,3.68,3.75,263209.24,97952.315,0.013209
2022-06-01,3.73,3.77,3.68,3.72,239849.87,89336.739,0.012036999999999999
2022-06-02,3.73,3.87,3.69,3.85,426816.57,162421.982,0.021419999999999998
2022-06-06,3.83,3.94,3.79,3.93,398226.35,155119.982,0.019985
2022-06-07,3.91,3.95,3.85,3.89,344610.11,134015.126,0.017294
2022-06-08,3.91,3.97,3.8,3.93,404148.01,157560.791,0.020282
2022-06-09,3.92,3.92,3.81,3.86,329560.84,127403.225,0.016538999999999998
2022-06-10,3.83,4.01,3.82,3.96,466824.84,183536.231,0.023428
2022-06-13,3.94,4.05,3.92,3.99,467234.09,186573.208,0.023448000000000004
2022-06-14,3.94,3.99,3.85,3.99,382006.53,149694.48,0.019171
2022-06-15,3.99,4.03,3.94,3.94,411413.97,163796.462,0.020647000000000002
2022-06-16,3.95,4.02,3.92,3.94,398266.91,158013.409,0.019986999999999998
2022-06-17,3.91,4.24,3.88,4.09,978852.33,399253.137,0.049124
2022-06-20,4.09,4.13,3.96,3.99,648184.29,259847.366,0.032529
2022-06-21,3.99,3.99,3.84,3.9,503084.48,196178.45,0.025247000000000002
2022-06-22,3.88,3.91,3.83,3.83,299607.67,115969.088,0.015036
2022-06-23,3.83,3.98,3.76,3.97,502349.61,194158.355,0.02521
2022-06-24,3.97,3.98,3.91,3.93,339299.54,133741.143,0.017028
2022-06-27,3.93,3.99,3.88,3.96,361632.14,142450.543,0.018149
2022-06-28,3.94,4.01,3.93,4.01,356564.37,142085.409,0.017894
2022-06-29,4.0,4.0,3.85,3.85,450546.25,176474.482,0.022611
2022-06-30,3.86,3.91,3.84,3.85,259744.88,100663.051,0.013035000000000001
2022-07-01,3.88,3.88,3.81,3.83,277132.24,106370.133,0.013908
2022-07-04,3.82,3.87,3.77,3.85,240538.0,91777.419,0.012071
2022-07-05,3.83,4.05,3.83,3.92,687072.97,271315.344,0.034481000000000005
2022-07-06,3.89,3.91,3.73,3.78,501309.0,190303.2,0.025158
2022-07-07,3.77,3.99,3.75,3.92,693972.02,271096.514,0.034827
2022-07-08,3.95,3.98,3.87,3.88,414773.64,162507.633,0.020815
2022-07-11,3.87,3.87,3.76,3.78,362516.0,137356.89,0.018193
2022-07-12,3.78,3.81,3.72,3.73,270680.0,101761.687,0.013584
2022-07-13,3.76,4.02,3.73,4.02,856095.05,334258.111,0.042962999999999994
2022-07-14,3.97,4.02,3.88,3.89,646842.58,254014.428,0.032462
2022-07-15,3.6,3.67,3.5,3.5,1023737.25,361403.506,0.051376
2022-07-18,3.43,3.56,3.39,3.55,468498.22,163947.011,0.023511999999999998
2022-07-19,3.56,3.91,3.54,3.91,889535.01,337995.57,0.044641
2022-07-20,4.0,4.08,3.88,4.04,1513130.76,601446.569,0.075937
2022-07-21,4.05,4.28,4.01,4.06,1560506.92,641646.815,0.07831400000000001
2022-07-22,4.06,4.08,3.89,3.92,900846.12,356143.0,0.045209
2022-07-25,3.94,3.95,3.81,3.83,527569.23,204792.949,0.026476000000000003
2022-07-26,3.84,3.86,3.8,3.85,348287.87,133499.866,0.017479
2022-07-27,3.83,3.84,3.78,3.82,349027.21,132996.68,0.017516
2022-07-28,3.84,3.9,3.8,3.82,440668.47,169026.438,0.022115
2022-07-29,3.83,3.89,3.78,3.79,427032.15,163145.304,0.021431
2022-08-01,3.82,3.84,3.73,3.76,266579.5,100352.676,0.013378000000000001
2022-08-02,3.73,3.73,3.54,3.61,513129.88,185325.804,0.025751
2022-08-03,3.62,3.71,3.58,3.6,354781.11,129699.933,0.017805
2022-08-04,3.68,3.69,3.56,3.64,247171.27,89490.601,0.012404
2022-08-05,3.63,3.7,3.61,3.69,275048.06,100674.732,0.013803000000000001
2022-08-08,3.66,3.7,3.63,3.7,199669.92,73252.863,0.01002
2022-08-09,3.71,3.72,3.65,3.66,215451.0,79075.705,0.010811999999999999
2022-08-10,3.68,3.83,3.66,3.81,650304.52,245146.06,0.032636
2022-08-11,3.81,3.92,3.75,3.86,685604.31,263544.894,0.034407
2022-08-12,3.85,3.94,3.82,3.89,554601.16,216115.867,0.027833
2022-08-15,3.89,3.91,3.84,3.88,317475.46,122819.175,0.015933
2022-08-16,3.86,3.88,3.78,3.84,431266.65,164929.129,0.021643
2022-08-17,3.87,3.87,3.79,3.83,296423.27,113028.588,0.014876
2022-08-18,3.82,3.82,3.74,3.75,293237.99,110314.512,0.014716
2022-08-19,3.75,3.79,3.68,3.69,270283.0,100750.09,0.013564
2022-08-22,3.7,3.78,3.63,3.76,290081.11,108187.728,0.014558
2022-08-23,3.76,3.77,3.69,3.72,188285.97,69978.961,0.009448999999999999
2022-08-24,3.73,3.74,3.63,3.64,307986.45,113051.13,0.015456000000000001
2022-08-25,3.67,3.7,3.58,3.66,241235.32,87792.153,0.012105999999999999
2022-08-26,3.66,3.68,3.61,3.62,176525.12,64349.253,0.008859
2022-08-29,3.57,3.64,3.5,3.62,215766.24,77288.849,0.010827999999999999
2022-08-30,3.61,3.64,3.56,3.6,170355.32,61192.422,0.008549
2022-08-31,3.59,3.59,3.5,3.52,214138.34,75653.656,0.010747
2022-09-01,3.5,3.53,3.48,3.49,167263.79,58707.088,0.008394
2022-09-02,3.5,3.53,3.48,3.52,102966.55,36176.501,0.005167000000000001
2022-09-05,3.53,3.57,3.51,3.56,129147.0,45681.624,0.006481
2022-09-06,3.57,3.61,3.56,3.6,167693.06,60276.934,0.008416
2022-09-07,3.58,3.64,3.57,3.63,174127.19,62968.442,0.008739
2022-09-08,3.63,3.65,3.59,3.61,162255.53,58692.821,0.008143000000000001
2022-09-09,3.64,3.67,3.6,3.64,242358.25,88200.459,0.012163
2022-09-13,3.67,3.71,3.63,3.64,257747.34,94471.022,0.012935
2022-09-14,3.62,3.62,3.52,3.55,190736.69,68145.968,0.009572
2022-09-15,3.58,3.59,3.43,3.48,253307.01,88605.259,0.012712000000000001
2022-09-16,3.47,3.47,3.35,3.35,240964.6,82094.869,0.012093
2022-09-19,3.36,3.36,3.3,3.33,132893.0,44240.081,0.0066690000000000004
2022-09-20,3.34,3.42,3.34,3.38,122254.6,41388.212,0.006135000000000001
2022-09-21,3.39,3.46,3.33,3.44,131075.47,44557.817,0.0065780000000000005
2022-09-22,3.42,3.5,3.4,3.43,118322.47,40830.193,0.005938
2022-09-23,3.44,3.45,3.33,3.36,137980.13,46711.74,0.006925
2022-09-26,3.33,3.33,3.19,3.19,226656.47,73634.985,0.011375
2022-09-27,3.2,3.26,3.17,3.25,151236.0,48580.698,0.00759
2022-09-28,3.25,3.25,3.16,3.16,135985.3,43519.29,0.006824
2022-09-29,3.2,3.23,3.1,3.13,123521.15,39099.591,0.006199
2022-09-30,3.15,3.18,3.12,3.14,102801.91,32366.358,0.005159
2022-10-10,3.17,3.2,3.12,3.13,130403.0,41284.87,0.0065439999999999995
2022-10-11,3.14,3.16,3.08,3.13,102840.56,32067.349,0.005161
2022-10-12,3.13,3.22,3.1,3.22,170875.48,54018.106,0.008575000000000001
2022-10-13,3.2,3.23,3.18,3.21,131669.0,42146.668,0.006608
2022-10-14,3.22,3.27,3.21,3.26,156673.36,50935.384,0.007863
2022-10-17,3.22,3.28,3.21,3.27,185121.0,60080.562,0.00929
2022-10-18,3.28,3.29,3.22,3.23,157664.0,51133.932,0.007912
2022-10-19,3.24,3.24,3.18,3.18,116746.59,37396.012,0.005859
2022-10-20,3.18,3.21,3.13,3.17,158707.65,50350.3,0.007965
2022-10-21,3.18,3.2,3.14,3.16,106848.9,33863.619,0.0053620000000000004
2022-10-24,3.16,3.23,3.09,3.11,205107.0,64822.081,0.010293000000000002
2022-10-25,3.1,3.14,3.03,3.11,196044.01,60766.6,0.009838
2022-10-26,3.14,3.15,3.1,3.12,214258.96,67003.515,0.010752999999999999
2022-10-27,3.13,3.17,3.11,3.13,226398.0,71178.233,0.011362
2022-10-28,3.04,3.06,2.95,2.96,416380.24,124831.627,0.020895999999999998
2022-10-31,2.96,3.01,2.91,2.97,194606.67,57505.926,0.009766
2022-11-01,2.97,3.05,2.97,3.05,188797.26,57048.245,0.009475
2022-11-02,3.06,3.12,3.04,3.11,188429.0,58285.077,0.009455999999999999
2022-11-03,3.1,3.12,3.06,3.08,121149.0,37424.302,0.0060799999999999995
2022-11-04,3.08,3.16,3.07,3.16,194478.65,60968.189,0.00976
2022-11-07,3.23,3.29,3.23,3.29,410569.32,133934.373,0.020604
2022-11-08,3.27,3.34,3.26,3.31,301808.13,99691.458,0.015146
2022-11-09,3.34,3.38,3.3,3.31,208332.26,69479.899,0.010455
2022-11-10,3.28,3.3,3.26,3.28,168735.58,55364.369,0.008468
2022-11-11,3.4,3.4,3.32,3.32,223859.0,74896.419,0.011234
2022-11-14,3.33,3.34,3.25,3.26,179911.71,59170.066,0.009029
2022-11-15,3.29,3.31,3.26,3.3,169644.56,55769.532,0.008514
2022-11-16,3.29,3.31,3.26,3.29,144552.92,47446.004,0.007254
2022-11-17,3.28,3.34,3.23,3.31,280813.08,91996.939,0.014093
2022-11-18,3.3,3.32,3.23,3.24,175035.4,57133.408,0.008784
2022-11-21,3.21,3.24,3.18,3.2,160777.71,51480.982,0.008069
2022-11-22,3.2,3.22,3.16,3.17,173808.05,55357.365,0.008723
2022-11-23,3.17,3.19,3.15,3.17,139500.72,44239.632,0.007000999999999999
2022-11-24,3.18,3.21,3.16,3.17,126738.22,40325.202,0.00636
2022-11-25,3.18,3.2,3.16,3.19,123047.01,39124.623,0.006175000000000001
2022-11-28,3.15,3.17,3.1,3.15,138647.48,43469.047,0.006958
2022-11-29,3.17,3.23,3.16,3.22,177918.59,56901.694,0.008929
2022-11-30,3.22,3.25,3.19,3.21,152361.19,49068.551,0.007645999999999999
2022-12-01,3.2,3.25,3.19,3.21,216012.0,69549.637,0.010841
2022-12-02,3.21,3.23,3.19,3.2,152434.0,48893.483,0.0076500000000000005
2022-12-05,3.22,3.3,3.21,3.3,332508.63,108617.992,0.016687
2022-12-06,3.29,3.3,3.24,3.26,170737.23,55758.074,0.008568
2022-12-07,3.26,3.28,3.22,3.24,143940.15,46773.62,0.007224
2022-12-08,3.25,3.29,3.23,3.25,162868.08,53075.502,0.008174
2022-12-09,3.24,3.29,3.22,3.28,243118.77,79145.068,0.012201
2022-12-12,3.27,3.27,3.14,3.15,259141.0,82723.553,0.013005
2022-12-13,3.15,3.22,3.14,3.18,126250.85,40181.991,0.0063360000000000005
2022-12-14,3.18,3.21,3.14,3.15,124683.0,39562.57,0.006257
2022-12-15,3.15,3.16,3.12,3.14,121793.96,38183.272,0.006111999999999999
2022-12-16,3.12,3.15,3.09,3.1,129868.89,40422.226,0.006516999999999999
2022-12-19,3.09,3.12,3.01,3.02,154655.0,47236.944,0.0077610000000000005
2022-12-20,3.02,3.07,3.01,3.02,121609.83,36832.26,0.006103
2022-12-21,3.04,3.07,2.99,3.0,125142.39,37762.558,0.00628
2022-12-22,3.01,3.03,2.94,2.95,141768.0,42301.339,0.007115
2022-12-23,2.96,2.98,2.93,2.97,126845.0,37520.331,0.006366
2022-12-26,2.97,3.0,2.95,2.98,101245.75,30102.988,0.005081
2022-12-27,2.99,3.04,2.98,3.03,125575.83,37914.036,0.0063019999999999994
2022-12-28,3.04,3.06,3.0,3.04,115941.9,35145.591,0.0058189999999999995
2022-12-29,3.04,3.04,2.99,2.99,99457.0,29936.407,0.004991
2022-12-30,3.01,3.02,2.98,3.0,89200.0,26744.584,0.004477
2023-01-03,2.99,3.07,2.98,3.05,142381.0,43104.185,0.007145
2023-01-04,3.06,3.06,3.02,3.03,131209.33,39856.997,0.006585
2023-01-05,3.03,3.06,3.02,3.04,118824.5,36085.663,0.005963
2023-01-06,3.02,3.04,3.01,3.01,106503.6,32216.064,0.005345
2023-01-09,3.03,3.07,3.02,3.07,202077.6,61765.387,0.010141
2023-01-10,3.08,3.08,3.02,3.04,145076.69,44131.165,0.007280999999999999
2023-01-11,3.04,3.06,3.0,3.01,132417.28,40155.769,0.006645
2023-01-12,3.01,3.05,2.99,3.0,122357.0,36848.963,0.006141
2023-01-13,3.0,3.03,2.99,3.02,100868.94,30340.638,0.005062
2023-01-16,3.02,3.11,3.0,3.06,231137.02,70986.736,0.0116
2023-01-17,3.08,3.09,3.03,3.05,136894.34,41760.434,0.00687
2023-01-18,3.06,3.08,3.04,3.07,132432.02,40576.958,0.006646
2023-01-19,3.07,3.11,3.05,3.09,143868.0,44368.019,0.00722
2023-01-20,3.11,3.18,3.09,3.18,235887.65,74436.484,0.011838
2023-01-30,3.18,3.24,3.17,3.22,341042.0,109555.516,0.017115000000000002
2023-01-31,3.21,3.29,3.18,3.28,272223.4,88513.471,0.013662
2023-02-01,3.28,3.4,3.26,3.37,484240.43,162645.156,0.024302
2023-02-02,3.38,3.38,3.33,3.35,305842.59,102785.603,0.015349
2023-02-03,3.35,3.36,3.28,3.32,286911.65,94839.28,0.014399
2023-02-06,3.3,3.32,3.27,3.32,165397.0,54580.948,0.0083
2023-02-07,3.34,3.35,3.27,3.31,178199.9,58828.435,0.008943
2023-02-08,3.32,3.33,3.29,3.29,140364.0,46446.269,0.007044
2023-02-09,3.3,3.33,3.29,3.32,149928.0,49648.863,0.0075239999999999994
2023-02-10,3.32,3.32,3.26,3.3,145798.69,47979.633,0.007317000000000001
2023-02-13,3.31,3.31,3.27,3.28,180990.88,59430.31,0.009083
2023-02-14,3.3,3.34,3.28,3.3,198940.14,65923.859,0.009984
2023-02-15,3.3,3.32,3.27,3.29,167657.47,55169.732,0.008414
2023-02-16,3.28,3.3,3.16,3.2,266641.47,86539.013,0.013381
2023-02-17,3.2,3.25,3.19,3.2,162659.75,52330.814,0.008163
2023-02-20,3.2,3.25,3.17,3.25,161255.22,51887.661,0.008093
2023-02-21,3.26,3.39,3.25,3.32,412270.8,137471.464,0.02069
2023-02-22,3.32,3.34,3.29,3.31,159799.53,52922.265,0.008020000000000001
2023-02-23,3.32,3.32,3.27,3.29,138715.47,45649.494,0.006961
2023-02-24,3.3,3.3,3.23,3.25,119307.44,38812.113,0.005987
2023-02-27,3.24,3.25,3.2,3.21,132905.0,42879.373,0.006670000000000001
2023-02-28,3.21,3.25,3.2,3.24,107973.0,34846.704,0.005419
2023-03-01,3.23,3.27,3.22,3.25,120565.3,39143.88,0.006051
2023-03-02,3.26,3.27,3.23,3.24,126132.42,41004.832,0.00633
2023-03-03,3.24,3.25,3.21,3.24,119569.58,38623.651,0.006000999999999999
2023-03-06,3.25,3.26,3.21,3.22,103263.0,33325.772,0.005182
2023-03-07,3.23,3.25,3.17,3.17,187537.49,60246.06,0.009412
2023-03-08,3.16,3.19,3.14,3.18,176188.49,55735.627,0.008842
2023-03-09,3.17,3.19,3.15,3.17,123505.1,39129.724,0.006198
2023-03-10,3.17,3.17,3.11,3.12,137986.03,43214.999,0.006925
2023-03-13,3.11,3.15,3.08,3.11,125662.0,39087.455,0.006306000000000001
2023-03-14,3.13,3.2,3.11,3.12,290345.9,91450.596,0.014571
2023-03-15,3.12,3.22,3.11,3.19,307739.49,97800.148,0.015444
2023-03-16,3.21,3.22,3.07,3.08,319304.0,99454.672,0.016024
2023-03-17,3.09,3.12,3.08,3.1,233579.83,72339.004,0.011722
2023-03-20,3.13,3.24,3.13,3.21,403081.0,128299.89,0.020229
2023-03-21,3.3,3.53,3.25,3.53,799532.94,274697.543,0.040125
2023-03-22,3.63,3.79,3.46,3.63,2248516.73,811553.992,0.112842
2023-03-23,3.58,3.65,3.51,3.55,1234621.52,439528.631,0.061959999999999994
2023-03-24,3.52,3.65,3.5,3.57,954584.56,340302.947,0.047906000000000004
2023-03-27,3.51,3.55,3.42,3.47,734993.48,254883.261,0.036886
2023-03-28,3.5,3.65,3.47,3.51,784197.76,278293.757,0.039355
2023-03-29,3.55,3.6,3.43,3.45,508478.5,177436.672,0.025518
2023-03-30,3.44,3.45,3.36,3.39,406336.15,137796.502,0.020392
2023-03-31,3.41,3.44,3.37,3.39,276765.18,94187.09,0.01389
2023-04-03,3.36,3.39,3.34,3.38,294595.13,99261.94,0.014783999999999999
2023-04-04,3.39,3.62,3.33,3.59,1072219.82,375040.952,0.053810000000000004
2023-04-06,3.68,3.9,3.68,3.72,1405979.81,529695.819,0.070559
2023-04-07,3.73,3.78,3.63,3.76,724402.08,268766.575,0.036354000000000004
2023-04-10,3.72,3.73,3.59,3.61,597208.5,217761.463,0.029971
2023-04-11,3.6,3.81,3.57,3.79,830848.16,308042.458,0.041696
2023-04-12,3.78,3.88,3.73,3.86,875637.81,333754.456,0.043944000000000004
2023-04-13,3.86,3.9,3.71,3.74,568644.01,214744.941,0.028537
2023-04-14,3.81,4.11,3.79,4.11,1812709.77,728540.51,0.090971
2023-04-17,4.06,4.2,3.98,4.17,1587542.11,651775.652,0.079671
2023-04-18,4.14,4.24,4.05,4.11,909542.97,375474.416,0.045646000000000006
2023-04-19,4.12,4.18,4.05,4.08,697653.85,285839.238,0.035012
2023-04-20,4.04,4.04,3.93,3.97,761505.22,301997.827,0.038216
2023-04-21,3.98,4.01,3.81,3.84,709621.85,276672.267,0.035612
2023-04-24,3.83,4.09,3.75,3.99,974084.62,384178.765,0.048885
2023-04-25,4.04,4.11,3.82,3.9,725305.82,286879.603,0.0364
2023-04-26,3.88,3.88,3.74,3.82,402903.0,153572.665,0.02022
2023-04-27,3.79,3.84,3.69,3.76,447848.66,168577.958,0.022475000000000002
2023-04-28,3.75,3.76,3.64,3.66,454895.56,168416.545,0.022829000000000002
2023-05-04,3.78,4.03,3.78,3.92,1136473.88,448752.328,0.057034
2023-05-05,3.97,4.05,3.81,3.83,695365.29,269907.88,0.034897
2023-05-08,3.77,3.86,3.72,3.79,449879.91,170343.498,0.022577
2023-05-09,3.81,3.81,3.55,3.56,731168.98,266628.987,0.036694
2023-05-10,3.55,3.72,3.52,3.55,527184.65,189209.627,0.026457
2023-05-11,3.57,3.58,3.49,3.53,317696.25,111971.18,0.015944
2023-05-12,3.5,3.51,3.37,3.39,456469.72,155761.395,0.022907999999999998
2023-05-15,3.39,3.41,3.33,3.39,330166.81,111139.919,0.016569
2023-05-16,3.4,3.4,3.28,3.3,322031.73,107285.811,0.016161000000000002
2023-05-17,3.27,3.36,3.25,3.32,255789.47,84896.72,0.012837000000000001
2023-05-18,3.33,3.35,3.25,3.27,291476.95,95877.281,0.014628
2023-05-19,3.26,3.3,3.22,3.29,257134.0,83854.252,0.012904
2023-05-22,3.3,3.3,3.22,3.24,277637.52,90132.539,0.013933
2023-05-23,3.22,3.24,3.2,3.2,211567.92,68024.82,0.010618
2023-05-24,3.2,3.23,3.16,3.21,163764.14,52514.04,0.008218999999999999
2023-05-25,3.2,3.22,3.15,3.18,196251.74,62382.421,0.009849
2023-05-26,3.17,3.27,3.15,3.26,261834.34,84418.603,0.01314
2023-05-29,3.27,3.27,3.17,3.19,231474.98,74364.657,0.011616999999999999
2023-05-30,3.18,3.22,3.14,3.22,181401.3,57597.87,0.009104
2023-05-31,3.22,3.24,3.19,3.23,186189.31,59833.177,0.009344
2023-06-01,3.22,3.31,3.21,3.29,297918.05,97607.244,0.014951
2023-06-02,3.3,3.4,3.3,3.37,346679.39,116673.458,0.017398
2023-06-05,3.31,3.37,3.3,3.33,255166.56,85280.496,0.012806
2023-06-06,3.33,3.37,3.25,3.27,306799.0,101677.036,0.015397000000000001
2023-06-07,3.28,3.3,3.21,3.23,212568.57,69022.381,0.010668
2023-06-08,3.23,3.26,3.19,3.22,179972.55,57932.725,0.009032
2023-06-09,3.24,3.3,3.23,3.28,312205.46,102361.417,0.015668
2023-06-12,3.26,3.29,3.19,3.26,279586.01,90554.373,0.014031
2023-06-13,3.25,3.48,3.25,3.39,539192.79,181713.131,0.027059000000000003
2023-06-14,3.42,3.7,3.39,3.64,1093497.17,391822.209,0.054877
2023-06-15,3.63,3.68,3.53,3.65,606310.61,217985.903,0.030428
2023-06-16,3.65,3.73,3.65,3.7,591626.53,218624.769,0.029691000000000002
2023-06-19,3.71,3.81,3.59,3.68,763652.76,281074.763,0.038324
2023-06-20,3.66,3.71,3.59,3.61,347675.72,126177.75,0.017447999999999998
2023-06-21,3.59,3.6,3.46,3.47,434229.0,152987.291,0.021792
2023-06-26,3.44,3.53,3.42,3.46,369196.32,128267.921,0.018528
2023-06-27,3.45,3.66,3.44,3.64,535612.42,191818.713,0.02688
2023-06-28,3.67,3.68,3.51,3.59,478913.25,171173.191,0.024034
2023-06-29,3.66,3.67,3.57,3.57,345935.13,124624.554,0.017361
2023-06-30,3.57,3.7,3.55,3.68,475862.4,173282.574,0.023881
2023-07-03,3.66,3.73,3.65,3.67,530408.1,195693.433,0.026619
2023-07-04,3.69,3.73,3.58,3.6,417974.31,151654.243,0.020975999999999998
2023-07-05,3.6,3.69,3.57,3.63,423796.97,154264.064,0.021268
2023-07-06,3.65,3.65,3.55,3.59,305221.28,109885.572,0.015318
2023-07-07,3.59,3.65,3.54,3.6,369553.45,132879.204,0.018546
2023-07-10,3.62,3.65,3.53,3.55,284308.0,101860.6,0.014268000000000001
2023-07-11,3.56,3.58,3.5,3.56,241582.46,85449.174,0.012124
2023-07-12,3.57,3.65,3.55,3.6,338356.56,122224.36,0.01698
2023-07-13,3.64,3.95,3.64,3.86,1383734.74,533212.925,0.069443
2023-07-14,3.85,3.85,3.75,3.77,671052.9,253924.07,0.033677
2023-07-17,3.75,3.77,3.66,3.67,488721.63,180881.07,0.024527
2023-07-18,3.66,3.82,3.63,3.78,710863.25,264899.242,0.035675
2023-07-19,3.79,3.87,3.78,3.86,577585.08,221809.39,0.028986
2023-07-20,3.83,3.86,3.73,3.75,514266.24,194051.854,0.025809000000000002
2023-07-21,3.73,3.79,3.68,3.7,302216.0,112690.475,0.015167
2023-07-24,3.68,3.72,3.63,3.66,257802.9,94725.645,0.012938
2023-07-25,3.65,3.73,3.64,3.71,217744.44,80581.294,0.010928
2023-07-26,3.72,3.73,3.58,3.62,432709.18,156772.717,0.021716000000000003
2023-07-27,3.62,3.65,3.52,3.54,316564.88,113191.588,0.015887
2023-07-28,3.52,3.61,3.48,3.59,255595.91,91009.305,0.012827
2023-07-31,3.59,3.67,3.58,3.62,282595.91,102558.795,0.014181999999999998
2023-08-01,3.63,3.76,3.6,3.75,575788.13,213339.82,0.028896
2023-08-02,3.77,3.78,3.69,3.7,371360.74,138277.604,0.018637
2023-08-03,3.65,3.68,3.6,3.64,266763.55,97129.121,0.013388
2023-08-04,3.65,3.72,3.64,3.64,249185.0,91369.689,0.012504999999999999
2023-08-07,3.64,3.71,3.61,3.66,280227.91,102854.266,0.014063
2023-08-08,3.66,3.69,3.6,3.65,219639.39,80002.097,0.011023
2023-08-09,3.64,3.66,3.57,3.59,254719.0,92006.164,0.012783
2023-08-10,3.6,3.61,3.54,3.55,149954.0,53471.038,0.007525
2023-08-11,3.55,3.57,3.44,3.45,277446.0,96800.448,0.013924
2023-08-14,3.44,3.48,3.41,3.47,190030.24,65490.879,0.009537
2023-08-15,3.48,3.49,3.41,3.44,169502.95,58350.842,0.008507
2023-08-16,3.43,3.48,3.41,3.42,204841.75,70436.524,0.010280000000000001
2023-08-17,3.4,3.46,3.37,3.46,214284.0,73370.705,0.010754
2023-08-18,3.46,3.47,3.35,3.36,262774.0,89485.796,0.013186999999999999
2023-08-21,3.36,3.43,3.32,3.33,283263.58,95463.233,0.014216
2023-08-22,3.36,3.38,3.29,3.37,215778.98,72098.737,0.010829
2023-08-23,3.38,3.39,3.28,3.29,215791.55,71532.995,0.01083
2023-08-24,3.32,3.42,3.31,3.37,299399.05,100767.623,0.015025
2023-08-25,3.34,3.35,3.25,3.26,266747.98,87876.612,0.013387
2023-08-28,3.45,3.48,3.33,3.35,398040.01,135575.265,0.019976
2023-08-29,3.34,3.4,3.31,3.38,316172.0,106212.163,0.015867
2023-08-30,3.39,3.44,3.34,3.35,322276.0,108867.378,0.016173
2023-08-31,3.34,3.37,3.27,3.28,281788.44,93140.207,0.014141999999999998
2023-09-01,3.29,3.36,3.28,3.35,284867.94,94925.338,0.014296
2023-09-04,3.36,3.49,3.34,3.48,516663.81,177863.512,0.025929
2023-09-05,3.45,3.46,3.41,3.45,288224.78,98869.905,0.014464999999999999
2023-09-06,3.45,3.47,3.41,3.46,210693.78,72446.914,0.010573999999999998
2023-09-07,3.44,3.45,3.35,3.37,244931.0,83056.269,0.012292
2023-09-08,3.36,3.41,3.35,3.37,169465.0,57247.079,0.008505
2023-09-11,3.37,3.45,3.37,3.42,274898.0,93816.612,0.013796
2023-09-12,3.41,3.45,3.39,3.4,232230.91,79310.476,0.011655
2023-09-13,3.39,3.4,3.32,3.35,272385.34,91235.048,0.01367
2023-09-14,3.34,3.36,3.3,3.36,284279.4,94910.199,0.014267
2023-09-15,3.38,3.44,3.34,3.37,344959.0,116846.767,0.017312
2023-09-18,3.37,3.38,3.3,3.36,267507.0,89475.383,0.013425
2023-09-19,3.35,3.36,3.32,3.33,178822.0,59673.624,0.008974
2023-09-20,3.32,3.33,3.27,3.28,249098.0,82250.357,0.012501
2023-09-21,3.26,3.29,3.23,3.23,188901.0,61522.395,0.009479999999999999
2023-09-22,3.23,3.26,3.21,3.26,261747.51,84699.324,0.013136000000000002
2023-09-25,3.24,3.25,3.15,3.16,353485.76,112446.716,0.01774
2023-09-26,3.15,3.2,3.12,3.15,304928.19,96067.562,0.015303
2023-09-27,3.15,3.21,3.14,3.16,230047.01,72913.509,0.011545000000000001
2023-09-28,3.17,3.18,3.14,3.17,220628.86,69674.722,0.011072
2023-10-09,3.14,3.16,3.11,3.13,250974.61,78483.94,0.012595
2023-10-10,3.13,3.17,3.11,3.13,261571.78,82140.027,0.013127
2023-10-11,3.14,3.14,3.08,3.09,221583.6,68902.739,0.011120000000000001
2023-10-12,3.1,3.17,3.1,3.16,333493.16,104507.083,0.016736
2023-10-13,3.15,3.15,3.08,3.1,295830.88,91797.352,0.014846
2023-10-16,3.12,3.14,3.08,3.12,274273.53,85358.466,0.013764
2023-10-17,3.1,3.11,3.06,3.07,237130.0,73087.144,0.011899999999999999
2023-10-18,3.07,3.08,3.01,3.02,278704.0,84662.649,0.013987000000000001
2023-10-19,3.01,3.05,2.99,2.99,205488.34,61867.508,0.010311999999999998
2023-10-20,2.98,3.03,2.97,3.01,212200.33,63857.582,0.010648999999999999
2023-10-23,3.0,3.0,2.88,2.89,294009.59,86199.255,0.014755
2023-10-24,2.91,2.99,2.9,2.98,314253.38,92751.389,0.015771
2023-10-25,3.0,3.06,3.0,3.01,212780.53,64469.592,0.010678
2023-10-26,3.0,3.03,2.96,3.02,187351.09,56161.26,0.009402
2023-10-27,3.02,3.08,3.0,3.07,226442.72,69148.432,0.011364
2023-10-30,3.04,3.08,3.03,3.04,286685.2,87429.026,0.014387
2023-10-31,3.04,3.05,3.0,3.02,196817.17,59440.868,0.009877
2023-11-01,3.02,3.05,3.0,3.03,216431.79,65440.044,0.010862
2023-11-02,3.03,3.05,2.99,3.0,177263.0,53468.783,0.008896
2023-11-03,3.0,3.03,2.99,2.99,247288.62,74303.84,0.012410000000000001
2023-11-06,3.01,3.05,2.99,3.05,286283.48,86565.724,0.014367000000000001
2023-11-07,3.03,3.05,3.01,3.04,210258.8,63647.597,0.010551999999999999
2023-11-08,3.03,3.03,2.99,3.01,235479.0,70969.268,0.011818
2023-11-09,3.0,3.02,2.98,2.99,212789.42,63787.576,0.010679000000000001
2023-11-10,2.98,2.98,2.95,2.96,237963.0,70574.084,0.011942
2023-11-13,2.97,3.07,2.96,3.07,433444.61,131388.013,0.021751999999999997
2023-11-14,3.06,3.07,3.02,3.04,255813.12,77664.496,0.012838
2023-11-15,3.08,3.1,3.05,3.07,252757.31,77650.713,0.012685
2023-11-16,3.06,3.06,3.02,3.03,179070.89,54489.392,0.008987
2023-11-17,3.02,3.06,3.01,3.05,154043.0,46778.288,0.007731
2023-11-20,3.05,3.07,3.03,3.06,156493.07,47745.688,0.007854
2023-11-21,3.07,3.11,3.06,3.08,298184.1,92097.934,0.014964
2023-11-22,3.08,3.09,3.02,3.03,223337.12,68075.37,0.011208000000000001
2023-11-23,3.03,3.06,3.01,3.06,181127.79,54995.019,0.00909
2023-11-24,3.05,3.06,3.01,3.02,188034.34,57002.009,0.009437
2023-11-27,3.02,3.04,3.0,3.01,158133.15,47583.445,0.007936
2023-11-28,3.01,3.02,2.98,3.02,166817.8,50112.39,0.008372000000000001
2023-11-29,3.03,3.06,3.02,3.03,181498.0,55191.855,0.009109
2023-11-30,3.01,3.03,2.97,2.98,238252.55,71275.42,0.011957
2023-12-01,2.99,3.02,2.97,3.01,147101.12,44035.073,0.007382
2023-12-04,3.03,3.15,3.02,3.07,474824.49,146918.081,0.023829
2023-12-05,3.06,3.09,3.03,3.07,324510.41,99279.812,0.016286000000000002
2023-12-06,3.05,3.14,3.04,3.11,399005.29,124047.585,0.020024
2023-12-07,3.12,3.13,3.07,3.11,245315.65,76071.077,0.012311
2023-12-08,3.1,3.11,3.05,3.06,208782.3,64148.995,0.010478000000000001
2023-12-11,3.05,3.06,2.98,3.05,176411.34,53361.82,0.008853
2023-12-12,3.05,3.07,3.02,3.07,157944.0,48125.548,0.007925999999999999
2023-12-13,3.05,3.07,3.02,3.02,128145.01,39033.946,0.006431
2023-12-14,3.04,3.08,3.03,3.04,163194.52,49868.279,0.00819
2023-12-15,3.07,3.07,3.04,3.04,176291.0,53884.406,0.008847
2023-12-18,3.04,3.06,2.95,2.97,284818.24,85468.165,0.014294
2023-12-19,2.95,2.97,2.93,2.94,138876.0,40962.605,0.00697
2023-12-20,2.94,2.97,2.9,2.91,136215.01,39935.595,0.006836
2023-12-21,2.9,2.93,2.85,2.92,197974.26,57161.245,0.009935000000000001
2023-12-22,2.9,2.95,2.88,2.93,166943.0,48760.602,0.008378
2023-12-25,2.91,2.94,2.89,2.93,107353.58,31287.773,0.0053879999999999996
2023-12-26,2.92,2.93,2.88,2.91,88670.08,25739.303,0.00445
2023-12-27,2.91,2.93,2.88,2.92,111006.71,32254.662,0.005571
2023-12-28,2.92,2.99,2.92,2.98,210550.56,62456.192,0.010567
2023-12-29,2.97,3.0,2.96,2.99,119399.12,35675.157,0.005992
2024-01-02,3.0,3.02,2.98,3.0,202926.17,60797.279,0.010184
2024-01-03,2.98,3.01,2.97,2.99,115432.29,34484.951,0.005793
2024-01-04,2.98,2.99,2.95,2.97,115854.54,34340.645,0.005814000000000001
2024-01-05,2.96,2.99,2.9,2.92,160314.58,47293.615,0.008045
2024-01-08,2.91,2.92,2.85,2.85,165206.95,47673.899,0.008291
2024-01-09,2.86,2.89,2.83,2.87,132834.0,38079.389,0.006666
2024-01-10,2.86,2.89,2.81,2.85,125875.0,35921.261,0.0063170000000000006
2024-01-11,2.85,2.92,2.84,2.91,139066.24,40014.055,0.006979
2024-01-12,2.9,2.93,2.89,2.9,98410.0,28618.09,0.004939
2024-01-15,2.89,2.91,2.87,2.88,78890.05,22758.677,0.003959
2024-01-16,2.87,2.88,2.82,2.85,123953.3,35277.036,0.006221
2024-01-17,2.84,2.84,2.79,2.8,122178.6,34432.855,0.006131999999999999
2024-01-18,2.77,2.79,2.66,2.78,248664.35,67613.288,0.012479
2024-01-19,2.75,2.77,2.71,2.73,114566.54,31320.418,0.00575
2024-01-22,2.72,2.73,2.49,2.52,287044.61,74677.193,0.014405
2024-01-23,2.49,2.56,2.46,2.47,388757.49,97153.267,0.01951
2024-01-24,2.5,2.59,2.45,2.58,363344.45,91908.021,0.018234
2024-01-25,2.59,2.7,2.57,2.7,280326.66,74446.79,0.014068
2024-01-26,2.71,2.76,2.67,2.69,304107.42,82341.196,0.015262
2024-01-29,2.7,2.72,2.64,2.66,234913.87,63046.846,0.011789
2024-01-30,2.64,2.66,2.55,2.56,188384.0,49192.371,0.009454
2024-01-31,2.55,2.59,2.44,2.45,233350.0,58566.324,0.011711000000000001
2024-02-01,2.44,2.48,2.36,2.39,239087.39,57722.796,0.011999
2024-02-02,2.4,2.43,2.2,2.3,291725.0,67879.804,0.01464
2024-02-05,2.27,2.27,2.07,2.07,419870.02,88856.284,0.021071
2024-02-06,2.0,2.19,1.94,2.14,410261.34,84303.635,0.020589
2024-02-07,2.11,2.25,2.09,2.22,358165.23,78663.195,0.017975
2024-02-08,2.22,2.44,2.22,2.44,290998.37,70089.552,0.014603999999999999
2024-02-19,2.52,2.52,2.34,2.37,462528.43,111125.462,0.023212
2024-02-20,2.37,2.39,2.31,2.39,214965.0,50841.327,0.010787999999999999
2024-02-21,2.38,2.5,2.35,2.41,271055.06,66222.492,0.013603
2024-02-22,2.4,2.45,2.39,2.43,216437.0,52568.049,0.010862
2024-02-23,2.45,2.51,2.43,2.51,253368.72,62625.446,0.012715
2024-02-26,2.5,2.56,2.49,2.52,238660.33,60130.349,0.011977
2024-02-27,2.5,2.58,2.5,2.57,213817.0,54297.631,0.01073
2024-02-28,2.58,2.67,2.46,2.46,419225.9,107510.459,0.021039
2024-02-29,2.42,2.54,2.41,2.52,228162.89,56956.721,0.01145
2024-03-01,2.52,2.55,2.49,2.53,184222.0,46329.524,0.009245
2024-03-04,2.54,2.57,2.46,2.49,239971.46,60049.676,0.012043
2024-03-05,2.52,2.55,2.45,2.46,290272.76,72568.992,0.014567000000000002
2024-03-06,2.46,2.51,2.43,2.48,264892.89,65302.081,0.013293999999999999
2024-03-07,2.5,2.67,2.49,2.58,730117.1,189591.212,0.036641
2024-03-08,2.59,2.64,2.51,2.58,483903.0,124009.619,0.024285
2024-03-11,2.6,2.63,2.56,2.61,330900.1,85845.68,0.016606
2024-03-12,2.61,2.63,2.54,2.58,301645.0,77636.157,0.015138
2024-03-13,2.55,2.59,2.54,2.56,218121.82,55886.256,0.010946000000000001
2024-03-14,2.63,2.77,2.57,2.6,545440.38,144507.831,0.027372999999999998
2024-03-15,2.6,2.86,2.56,2.86,1095663.94,301762.023,0.054986
2024-03-18,2.9,2.96,2.83,2.85,1151260.61,331413.007,0.057775999999999994
2024-03-19,2.83,2.99,2.81,2.83,915506.97,264859.588,0.045945
2024-03-20,2.8,2.94,2.78,2.87,866600.95,247472.406,0.04349
2024-03-21,2.93,2.96,2.86,2.91,713716.02,206799.205,0.035817999999999996
2024-03-22,2.87,2.88,2.76,2.79,683836.68,191926.552,0.034318
2024-03-25,2.78,2.82,2.7,2.71,468275.55,129261.787,0.0235
2024-03-26,2.71,2.74,2.63,2.69,361149.15,96828.597,0.018124
2024-03-27,2.67,2.69,2.59,2.59,301710.0,79607.0,0.015141
2024-03-28,2.57,2.69,2.55,2.66,326742.61,86433.212,0.016398
2024-03-29,2.72,2.9,2.7,2.85,861350.32,242260.721,0.043227
2024-04-01,2.87,2.96,2.84,2.89,830102.99,240025.693,0.041658999999999995
2024-04-02,2.88,3.04,2.85,3.04,1081859.45,321043.228,0.054292999999999994
2024-04-03,3.07,3.29,2.97,3.18,1665692.17,523086.68,0.08359299999999999
2024-04-08,3.26,3.46,3.17,3.24,1892120.56,622512.233,0.094956
2024-04-09,3.17,3.24,3.12,3.14,1191929.33,378222.562,0.059817
2024-04-10,3.18,3.23,3.05,3.09,1025371.47,320877.402,0.051458000000000004
2024-04-11,3.01,3.4,3.0,3.29,2257813.71,737653.869,0.11330899999999999
2024-04-12,3.45,3.62,3.4,3.62,2028547.54,723117.493,0.101803
2024-04-15,3.52,3.52,3.26,3.4,2330490.05,778557.445,0.116956
2024-04-16,3.34,3.52,3.08,3.15,1787139.76,589036.322,0.089688
2024-04-17,3.08,3.45,3.08,3.33,1699679.07,561714.424,0.085299
2024-04-18,3.2,3.4,3.15,3.4,1697707.37,555392.443,0.0852
2024-04-19,3.39,3.74,3.36,3.64,3635911.56,1333930.134,0.182469
2024-04-22,3.51,3.79,3.37,3.51,2352129.58,853046.993,0.118042
2024-04-23,3.3,3.64,3.25,3.6,1909835.57,661633.73,0.095845
2024-04-24,3.54,3.87,3.47,3.81,2182966.51,793132.047,0.109552
2024-04-25,3.77,4.14,3.71,3.92,2415631.04,954520.814,0.12122899999999999
2024-04-26,3.83,4.25,3.83,4.12,2493741.71,1006624.322,0.125149
2024-04-29,4.02,4.04,3.79,3.84,2032588.23,797167.803,0.102006
2024-04-30,3.97,4.1,3.75,3.79,2083356.13,821978.6,0.104554
2024-05-06,3.68,3.74,3.49,3.71,1971269.64,715418.599,0.09892799999999999
2024-05-07,3.75,3.76,3.54,3.58,1547573.0,563803.65,0.077665
2024-05-08,3.49,3.58,3.37,3.44,1553441.79,538008.678,0.07796
2024-05-09,3.4,3.74,3.39,3.63,1892409.37,677117.402,0.094971
2024-05-10,3.66,3.74,3.47,3.65,1492590.08,537762.716,0.074906
2024-05-13,3.64,3.86,3.58,3.74,1730364.26,648956.093,0.086839
2024-05-14,3.72,3.77,3.6,3.67,1294025.17,474450.666,0.064941
2024-05-15,3.61,3.73,3.51,3.55,1301392.4,468409.273,0.06531100000000001
2024-05-16,3.62,3.65,3.45,3.48,1085726.22,384024.84,0.054486999999999994
2024-05-17,3.44,3.55,3.41,3.55,892654.49,309346.887,0.044798
2024-05-20,3.68,3.83,3.6,3.74,1944547.01,720756.811,0.097587
2024-05-21,3.74,3.8,3.43,3.49,1641433.94,586264.052,0.082376
2024-05-22,3.45,3.51,3.32,3.35,1084636.85,369664.997,0.054432999999999995
2024-05-23,3.21,3.25,3.14,3.17,895382.51,286014.983,0.044935
2024-05-24,3.14,3.22,3.14,3.17,562732.22,179426.819,0.028241000000000002
2024-05-27,3.13,3.21,3.07,3.14,601333.0,188101.83,0.030177999999999996
2024-05-28,3.18,3.26,3.16,3.18,647452.11,207496.108,0.032492
2024-05-29,3.15,3.32,3.13,3.28,924807.0,301621.345,0.046412
2024-05-30,3.23,3.25,3.05,3.06,955148.0,298707.984,0.047934000000000004
2024-05-31,3.04,3.1,3.0,3.04,480648.93,146115.092,0.024121
2024-06-03,3.01,3.02,2.87,2.91,713311.84,208518.66,0.035798
2024-06-04,2.9,2.95,2.84,2.88,528387.28,151970.812,0.026517
2024-06-05,2.82,2.82,2.77,2.79,608017.36,169719.063,0.030513
2024-06-06,2.82,2.85,2.7,2.72,634317.48,175137.654,0.031833
2024-06-07,2.76,2.82,2.73,2.8,534521.8,148471.258,0.026825
2024-06-11,2.72,2.75,2.67,2.71,459556.86,124211.312,0.023062999999999997
2024-06-12,2.69,2.76,2.68,2.75,347423.0,95134.147,0.017435
2024-06-13,2.76,2.76,2.67,2.69,338754.0,91528.198,0.017
2024-06-14,2.7,2.71,2.65,2.7,286637.0,77082.066,0.014384999999999998
2024-06-17,2.68,2.72,2.65,2.65,307394.48,82127.368,0.015427
2024-06-18,2.66,2.74,2.65,2.73,375982.0,101885.614,0.018869
2024-06-19,2.72,2.78,2.72,2.73,359441.28,99048.657,0.018039
2024-06-20,2.75,2.8,2.67,2.67,423005.99,114965.88,0.021229
2024-06-21,2.7,2.74,2.66,2.67,273077.12,73463.549,0.013704000000000001
2024-06-24,2.62,2.65,2.54,2.55,440352.11,113917.958,0.022099
2024-06-25,2.56,2.63,2.54,2.59,312944.34,80805.532,0.015705
2024-06-26,2.56,2.67,2.52,2.66,329537.88,85732.502,0.016538
2024-06-27,2.65,2.65,2.54,2.55,360459.05,93172.545,0.01809
2024-06-28,2.56,2.65,2.55,2.6,352981.1,92305.877,0.017714
2024-07-01,2.63,2.67,2.6,2.63,268433.0,70556.422,0.013471
2024-07-02,2.63,2.66,2.6,2.63,221623.0,58383.345,0.011122
2024-07-03,2.63,2.66,2.61,2.62,187425.0,49282.222,0.009406
2024-07-04,2.68,2.71,2.54,2.55,383516.54,100062.8,0.019247
2024-07-05,2.55,2.64,2.51,2.62,385759.0,100043.523,0.019359
2024-07-08,2.62,2.64,2.52,2.53,449819.0,115355.526,0.022574
2024-07-09,2.52,2.56,2.46,2.55,373236.28,94000.894,0.018731
2024-07-10,2.42,2.46,2.32,2.39,666273.93,160199.976,0.033437
2024-07-11,2.42,2.52,2.41,2.5,607334.61,150111.56,0.030479
2024-07-12,2.55,2.58,2.46,2.49,430216.0,108015.351,0.021589999999999998
2024-07-15,2.49,2.49,2.42,2.44,298351.83,73295.985,0.014973
2024-07-16,2.44,2.51,2.41,2.47,330355.45,81469.235,0.016579
2024-07-17,2.54,2.6,2.39,2.39,534102.01,131362.567,0.026804
2024-07-18,2.35,2.4,2.32,2.38,336051.04,79100.706,0.016865
2024-07-19,2.34,2.37,2.3,2.33,285589.7,66590.346,0.014332000000000001
2024-07-22,2.32,2.33,2.27,2.32,259101.28,59639.486,0.013003
2024-07-23,2.31,2.35,2.25,2.25,284658.0,65339.231,0.014286
2024-07-24,2.25,2.27,2.2,2.21,253589.0,56494.28,0.012726
2024-07-25,2.2,2.23,2.16,2.21,265000.5,58247.057,0.013299
2024-07-26,2.19,2.27,2.19,2.24,256570.76,57502.577,0.012876
2024-07-29,2.24,2.28,2.2,2.26,243044.33,54552.675,0.012197
2024-07-30,2.25,2.31,2.22,2.3,255416.0,58172.554,0.012818000000000001
2024-07-31,2.28,2.39,2.28,2.39,329731.01,77544.346,0.016548
2024-08-01,2.4,2.47,2.36,2.39,354208.0,85022.942,0.017776
2024-08-02,2.36,2.41,2.33,2.37,239641.0,56943.535,0.012025999999999998
2024-08-05,2.35,2.41,2.31,2.31,315679.0,74417.627,0.015842000000000002
2024-08-06,2.32,2.35,2.3,2.33,206766.0,48030.389,0.010377
2024-08-07,2.31,2.33,2.28,2.3,223448.0,51460.913,0.011214
2024-08-08,2.28,2.31,2.25,2.3,179066.0,40913.933,0.008986
2024-08-09,2.3,2.35,2.27,2.27,212806.0,49002.777,0.01068
2024-08-12,2.26,2.28,2.22,2.24,194463.45,43564.743,0.009759
2024-08-13,2.25,2.27,2.21,2.26,172454.45,38652.282,0.008655000000000001
2024-08-14,2.24,2.26,2.21,2.22,155504.0,34714.154,0.007804
2024-08-15,2.21,2.28,2.2,2.25,284074.22,63785.198,0.014256
2024-08-16,2.27,2.3,2.18,2.18,297756.0,66288.586,0.014943
2024-08-19,2.2,2.27,2.19,2.24,302324.25,67652.767,0.015172000000000001
2024-08-20,2.23,2.25,2.16,2.17,275075.0,60211.536,0.013805000000000001
2024-08-21,2.18,2.2,2.14,2.18,147080.0,32061.224,0.0073809999999999995
2024-08-22,2.18,2.2,2.12,2.14,184016.0,39579.975,0.009235
2024-08-23,2.13,2.15,2.1,2.12,190457.0,40340.211,0.009558
2024-08-26,2.11,2.18,2.1,2.17,236056.0,50950.988,0.011847000000000002
2024-08-27,2.15,2.17,2.1,2.1,203991.0,43247.364,0.010237000000000001
2024-08-28,2.1,2.14,2.09,2.11,171162.0,36294.555,0.00859
2024-08-29,2.11,2.17,2.06,2.15,244146.0,52022.643,0.012253
2024-08-30,2.16,2.2,2.12,2.17,286798.0,62270.368,0.014393
2024-09-02,2.16,2.17,2.1,2.11,251058.17,53479.115,0.012599
2024-09-03,2.1,2.13,2.08,2.1,221643.0,46521.972,0.011123000000000001
2024-09-04,2.08,2.09,2.04,2.05,246236.0,50707.111,0.012357
2024-09-05,2.04,2.08,2.04,2.07,186863.37,38563.879,0.009378
2024-09-06,2.07,2.09,2.05,2.06,182670.36,37800.227,0.009167
2024-09-09,2.06,2.12,2.04,2.09,261958.48,54741.915,0.013146
2024-09-10,2.09,2.1,2.04,2.08,231259.7,47775.484,0.011606
2024-09-11,2.06,2.1,2.05,2.09,165477.3,34405.898,0.008305
2024-09-12,2.1,2.18,2.1,2.14,374145.46,80366.779,0.018777
2024-09-13,2.35,2.35,2.35,2.35,368160.55,86517.729,0.018476
2024-09-18,2.49,2.49,2.31,2.33,1068308.7,253317.356,0.053613
2024-09-19,2.33,2.56,2.24,2.56,1432142.97,346836.749,0.07187199999999999
2024-09-20,2.5,2.82,2.48,2.82,2063226.89,556137.114,0.103543
2024-09-23,2.9,3.05,2.75,2.84,2264592.66,655966.688,0.113649
2024-09-24,2.81,2.9,2.68,2.83,1836494.06,516607.764,0.092165
2024-09-25,2.82,2.94,2.76,2.79,1490678.8,424645.367,0.07481
2024-09-26,2.71,2.75,2.65,2.74,1248466.55,337510.534,0.062654
2024-09-27,2.78,3.01,2.78,3.01,1719961.34,505350.226,0.086317
2024-09-30,3.19,3.29,3.0,3.28,2393790.74,753537.469,0.12013299999999999
2024-10-08,3.59,3.59,3.17,3.35,2304321.11,777586.893,0.115643
2024-10-09,3.22,3.23,3.02,3.02,1235064.93,383312.329,0.061982
2024-10-10,2.96,3.04,2.86,2.93,844606.28,249444.343,0.042386999999999994
2024-10-11,2.99,3.06,2.82,2.86,684114.22,201056.596,0.034332
2024-10-14,2.88,2.94,2.84,2.93,573426.0,166126.871,0.028777
2024-10-15,2.88,2.91,2.82,2.82,567844.21,162233.386,0.028496999999999998
2024-10-16,2.82,2.85,2.79,2.84,467051.14,131780.307,0.023439
2024-10-17,2.84,2.9,2.8,2.81,451280.0,128534.936,0.022648
2024-10-18,2.82,2.93,2.81,2.9,732695.23,210606.579,0.03677
2024-10-21,2.95,3.04,2.93,2.97,781368.58,233609.603,0.039213
2024-10-22,2.95,3.03,2.92,3.03,673025.8,200906.434,0.033776
2024-10-23,3.03,3.07,2.99,3.0,548337.13,165773.298,0.027517999999999997
2024-10-24,2.97,3.05,2.93,3.04,598620.6,178987.48,0.030042
2024-10-25,3.04,3.19,3.02,3.15,873737.0,273432.94,0.043849
2024-10-28,3.16,3.22,3.11,3.21,604670.05,192788.026,0.030345
2024-10-29,3.21,3.29,3.13,3.23,860145.43,276650.242,0.043167
2024-10-30,3.21,3.29,3.16,3.2,590155.37,189729.846,0.029617
2024-10-31,3.16,3.32,3.16,3.25,759639.92,246243.474,0.038123
2024-11-01,3.22,3.35,3.17,3.29,1001383.93,327438.952,0.050255
2024-11-04,3.33,3.34,3.19,3.28,644895.01,209288.41,0.032364000000000004
2024-11-05,3.25,3.44,3.25,3.44,885933.18,298812.205,0.044461
2024-11-06,3.42,3.54,3.39,3.51,794004.0,276607.788,0.039847
2024-11-07,3.4,3.49,3.36,3.48,711458.79,244277.56,0.035705
2024-11-08,3.52,3.56,3.38,3.39,698015.0,241193.231,0.03503
2024-11-11,3.37,3.48,3.37,3.46,590647.0,202440.882,0.029641999999999998
2024-11-12,3.42,3.48,3.3,3.33,661805.36,224017.149,0.033213
2024-11-13,3.31,3.38,3.25,3.3,442210.09,146374.29,0.022192
2024-11-14,3.27,3.29,3.15,3.18,509140.0,163615.3,0.025551
2024-11-15,3.16,3.22,3.09,3.1,391742.0,123741.068,0.01966
2024-11-18,3.15,3.17,3.0,3.03,456821.1,139894.188,0.022926000000000002
2024-11-19,3.05,3.11,3.01,3.1,467240.96,142836.225,0.023449
2024-11-20,3.1,3.16,3.05,3.15,387539.37,120623.755,0.019449
2024-11-21,3.14,3.18,3.08,3.14,301463.22,94103.485,0.015128999999999998
2024-11-22,3.14,3.45,3.13,3.45,1546740.2,530338.481,0.077623
2024-11-25,3.4,3.43,3.2,3.3,1981936.95,653645.789,0.09946400000000001
2024-11-26,3.28,3.28,3.17,3.2,977941.31,314554.852,0.049078
2024-11-27,3.18,3.2,3.0,3.15,846958.27,260484.302,0.042504999999999994
2024-11-28,3.14,3.18,3.12,3.13,504110.55,158668.691,0.025299000000000002
2024-11-29,3.13,3.22,3.05,3.16,614566.0,192053.652,0.030842
2024-12-02,3.16,3.28,3.14,3.27,589617.0,191099.107,0.02959
2024-12-03,3.3,3.3,3.22,3.3,478401.0,156205.19,0.024009
2024-12-04,3.3,3.34,3.21,3.24,529888.01,173094.541,0.026593
2024-12-05,3.22,3.32,3.18,3.3,446781.0,146244.406,0.022422
2024-12-06,3.31,3.41,3.27,3.41,630760.99,212026.134,0.031655
2024-12-09,3.42,3.49,3.34,3.4,635535.15,216979.027,0.031894
2024-12-10,3.48,3.52,3.35,3.37,638896.0,219775.236,0.032063
2024-12-11,3.37,3.54,3.37,3.48,607306.16,210177.81,0.030478
2024-12-12,3.49,3.51,3.42,3.47,387672.98,134125.184,0.019455
2024-12-13,3.46,3.46,3.31,3.32,502666.46,168912.995,0.025226000000000002
2024-12-16,3.32,3.33,3.27,3.3,326453.86,107491.284,0.016383
2024-12-17,3.3,3.31,3.19,3.2,377627.05,122075.019,0.018951
2024-12-18,3.19,3.21,3.13,3.14,391806.5,124069.774,0.019663
2024-12-19,3.45,3.45,3.38,3.45,582559.91,200680.037,0.029235999999999998
2024-12-20,3.7,3.8,3.47,3.8,2379901.81,879482.101,0.119436
2024-12-23,3.8,4.06,3.61,3.66,2369664.99,889536.574,0.11892200000000001
2024-12-24,3.7,4.03,3.7,4.03,1162118.59,453094.187,0.058321
2024-12-25,4.03,4.4,3.85,4.12,2639910.74,1087278.984,0.132484
2024-12-26,4.06,4.23,3.85,3.92,1963974.88,789386.063,0.098562
2024-12-27,3.84,3.96,3.71,3.72,1822833.26,697828.912,0.091479
2024-12-30,3.7,3.72,3.52,3.58,1141534.35,409438.12,0.057288
2024-12-31,3.6,3.61,3.28,3.29,1079303.0,366515.943,0.054165
2025-01-02,3.29,3.42,3.24,3.29,863007.0,287871.786,0.04331
2025-01-03,3.3,3.33,3.09,3.11,842057.95,269621.971,0.042259000000000005
2025-01-06,3.07,3.11,2.97,3.0,714350.0,216778.035,0.03585
2025-01-07,3.01,3.06,2.95,3.05,547116.0,165589.84,0.027457
2025-01-08,3.06,3.07,2.94,3.03,566314.07,169872.294,0.028421
2025-01-09,3.01,3.08,3.0,3.05,410947.07,125424.262,0.020623
2025-01-10,3.05,3.11,2.95,2.95,510605.98,154313.084,0.025625
2025-01-13,2.88,3.01,2.87,2.99,405316.05,119812.577,0.020341
2025-01-14,2.97,3.11,2.97,3.1,468993.02,142905.49,0.023536
2025-01-15,3.11,3.12,3.01,3.06,488579.0,149729.848,0.024519000000000003
2025-01-16,3.09,3.37,3.08,3.37,836006.55,270779.206,0.041955
2025-01-17,3.4,3.47,3.3,3.37,1445228.33,488128.82,0.07252900000000001
2025-01-20,3.35,3.37,3.27,3.31,710951.03,235313.534,0.035678999999999995
2025-01-21,3.3,3.33,3.22,3.27,491420.0,160457.229,0.024662000000000003
2025-01-22,3.28,3.29,3.19,3.22,405817.49,131259.351,0.020366
2025-01-23,3.25,3.31,3.16,3.16,499005.0,161698.321,0.025043000000000003
2025-01-24,3.18,3.21,3.14,3.19,416973.12,132532.645,0.020926
2025-01-27,3.22,3.31,3.15,3.15,502782.42,162332.994,0.025232
2025-02-05,3.3,3.47,3.23,3.36,1055819.52,352359.441,0.052986000000000005
2025-02-06,3.34,3.38,3.28,3.36,739049.43,246548.079,0.037089
2025-02-07,3.35,3.53,3.32,3.46,1038579.0,355209.594,0.052121
2025-02-10,3.47,3.53,3.4,3.45,710181.06,244536.33,0.035641
2025-02-11,3.48,3.8,3.48,3.67,1754186.12,643078.114,0.088034
2025-02-12,3.55,3.58,3.43,3.5,1256397.6,438089.579,0.063053
2025-02-13,3.48,3.53,3.43,3.47,749792.53,260488.565,0.037628
2025-02-14,3.49,3.53,3.41,3.47,555093.4,192075.133,0.027857
2025-02-17,3.39,3.44,3.34,3.42,557675.6,189636.484,0.027987
2025-02-18,3.42,3.48,3.34,3.38,654621.6,222131.433,0.032852
2025-02-19,3.41,3.43,3.36,3.41,482564.0,163877.504,0.024218000000000003
2025-02-20,3.39,3.48,3.37,3.46,566178.4,193854.654,0.028414000000000002
2025-02-21,3.43,3.46,3.33,3.35,661466.0,222770.734,0.033195999999999996
2025-02-24,3.33,3.42,3.31,3.37,518706.52,174770.71,0.026031
2025-02-25,3.37,3.45,3.36,3.38,595006.8,203108.654,0.029861
2025-02-26,3.38,3.46,3.36,3.4,501048.72,170105.042,0.025145
2025-02-27,3.4,3.41,3.31,3.35,414949.0,139027.454,0.020824
2025-02-28,3.33,3.34,3.23,3.23,452760.0,148481.037,0.022722000000000003
2025-03-03,3.26,3.32,3.22,3.23,399287.0,130699.274,0.020038
2025-03-04,3.25,3.27,3.2,3.26,344052.18,111298.345,0.017266
2025-03-05,3.25,3.3,3.2,3.3,438207.7,142580.495,0.021991999999999998
2025-03-06,3.31,3.35,3.28,3.31,385595.82,127581.882,0.019351
2025-03-07,3.31,3.55,3.3,3.41,1107398.22,383244.664,0.055575
2025-03-10,3.45,3.49,3.38,3.45,722713.0,247490.431,0.036269
2025-03-11,3.41,3.54,3.37,3.51,753925.53,261213.715,0.037836
2025-03-12,3.51,3.54,3.45,3.47,557075.01,193761.497,0.027957
2025-03-13,3.49,3.8,3.42,3.6,1310691.02,469104.59,0.065777
2025-03-14,3.76,3.96,3.72,3.96,2493827.81,971087.478,0.125153
2025-03-17,3.82,3.94,3.72,3.77,2240350.98,857503.86,0.112432
2025-03-18,3.83,4.15,3.75,4.02,2818171.79,1132079.903,0.14143
2025-03-19,4.0,4.17,3.89,4.05,2338059.64,944397.48,0.117336
2025-03-20,4.04,4.08,3.89,3.91,1450075.54,573640.469,0.072772
2025-03-21,3.95,4.07,3.89,3.91,1164093.18,462374.449,0.05842
2025-03-24,3.88,3.95,3.73,3.79,1050174.0,399434.657,0.052703
2025-03-25,3.81,3.99,3.76,3.88,1171207.39,453724.912,0.058776999999999996
2025-03-26,3.99,4.08,3.86,3.88,1126804.89,447050.546,0.056548999999999995
2025-03-27,3.78,3.82,3.7,3.72,849695.6,318318.321,0.042642
2025-03-28,3.82,3.85,3.66,3.75,838364.0,313698.301,0.042073
2025-03-31,3.73,3.76,3.63,3.7,626304.85,231291.9,0.031431
2025-04-01,3.71,3.78,3.68,3.68,512490.87,190648.387,0.025719
2025-04-02,3.66,3.7,3.63,3.66,430204.0,157466.146,0.021589999999999998
2025-04-03,3.71,3.76,3.67,3.71,624840.02,231734.966,0.031358000000000004
2025-04-07,3.38,3.48,3.34,3.34,506295.0,170449.578,0.025408
2025-04-08,3.25,3.32,3.12,3.28,738608.5,237621.237,0.037067
2025-04-09,3.19,3.48,3.06,3.43,755830.81,249284.145,0.037931
2025-04-10,3.7,3.77,3.61,3.77,988823.44,371538.283,0.049623999999999995
2025-04-11,3.9,4.05,3.83,3.87,1622435.95,637836.053,0.08142200000000001
2025-04-14,3.87,4.04,3.87,3.97,1014713.16,403136.903,0.050924
2025-04-15,3.95,4.17,3.9,4.03,1064049.42,429841.611,0.053399
2025-04-16,4.14,4.14,3.93,4.09,915167.8,368991.429,0.045928000000000004
2025-04-17,4.16,4.34,4.12,4.12,1094948.81,459851.979,0.05495
2025-04-18,4.15,4.49,4.09,4.4,1351610.11,579868.019,0.067831
2025-04-21,4.51,4.84,4.48,4.84,1251741.59,596290.62,0.062819
2025-04-22,5.2,5.32,5.0,5.11,3142087.4,1620160.842,0.157686
2025-04-23,4.88,5.4,4.76,5.08,2971947.18,1517751.642,0.149148
2025-04-24,5.18,5.3,4.95,5.01,1731764.79,883393.87,0.08690899999999999
2025-04-25,5.04,5.06,4.75,4.75,1571573.5,771405.589,0.07887
2025-04-28,5.07,5.23,4.97,5.02,2856648.96,1470104.164,0.143361
2025-04-29,4.99,5.17,4.91,5.02,1327504.66,669342.13,0.066621
2025-04-30,4.99,5.08,4.79,4.81,1427701.02,700634.081,0.071649
2025-05-06,5.0,5.02,4.69,4.73,1777798.0,858714.338,0.089219
2025-05-07,4.7,4.85,4.64,4.7,972773.0,459494.489,0.048819
2025-05-08,4.65,4.77,4.58,4.61,924573.0,430506.853,0.0464
2025-05-09,4.55,4.66,4.53,4.61,693080.0,317727.887,0.034782
2025-05-12,4.53,4.6,4.37,4.54,1006060.5,450166.582,0.050489
2025-05-13,4.5,4.62,4.5,4.56,738307.94,336040.907,0.037052
2025-05-14,4.53,4.55,4.36,4.46,800175.96,356604.625,0.040157
2025-05-15,4.39,4.47,4.38,4.45,537810.0,238017.857,0.02699
2025-05-16,4.59,4.59,4.34,4.42,1138199.09,505729.395,0.057121000000000005
2025-05-19,4.46,4.46,4.3,4.34,718454.0,312122.078,0.036056
2025-05-20,4.33,4.47,4.33,4.38,636908.0,281084.683,0.031963
2025-05-21,4.48,4.52,4.39,4.5,914344.31,406955.167,0.045887000000000004
2025-05-22,4.46,4.51,4.38,4.39,759087.1,336734.535,0.038095
2025-05-23,4.35,4.43,4.33,4.37,633792.0,277140.688,0.031807
2025-05-26,4.36,4.46,4.33,4.39,520588.24,228921.975,0.026126
2025-05-27,4.4,4.41,4.27,4.3,498986.0,215527.411,0.025042
2025-05-28,4.27,4.31,4.22,4.27,463202.0,196870.299,0.023246000000000003
2025-05-29,4.21,4.34,4.2,4.27,417597.59,177972.525,0.020957
2025-05-30,4.27,4.31,4.23,4.25,316267.22,134731.156,0.015872
2025-06-03,4.32,4.38,4.28,4.35,565100.0,245334.308,0.02836
2025-06-04,4.33,4.73,4.31,4.49,1287326.68,583047.043,0.064605
2025-06-05,4.52,4.59,4.43,4.45,798444.0,359264.711,0.040069999999999995
2025-06-06,4.44,4.65,4.44,4.59,1028909.42,469621.468,0.051635999999999994
2025-06-09,4.49,4.58,4.42,4.54,785945.91,352915.595,0.039443
2025-06-10,4.51,4.53,4.4,4.46,654250.88,291728.721,0.032834
2025-06-11,4.37,4.55,4.35,4.47,564367.89,252880.927,0.028323
2025-06-12,4.52,4.6,4.47,4.58,707699.35,321945.011,0.035516
2025-06-13,4.69,4.72,4.57,4.58,892136.46,413812.572,0.044772
2025-06-16,4.51,4.57,4.45,4.46,580386.02,261361.991,0.029127
2025-06-17,4.46,4.54,4.42,4.46,437288.34,195975.995,0.021945000000000003
2025-06-18,4.44,4.46,4.34,4.41,432441.0,190084.263,0.021702
2025-06-19,4.39,4.41,4.27,4.28,476315.34,206496.057,0.023904
2025-06-20,4.26,4.3,4.21,4.22,364996.67,154944.876,0.018317
2025-06-23,4.27,4.36,4.25,4.29,396903.43,170580.615,0.019919
2025-06-24,4.27,4.34,4.25,4.3,344300.01,148184.945,0.017279
2025-06-25,4.28,4.32,4.26,4.31,396485.0,170136.699,0.019898
2025-06-26,4.3,4.35,4.25,4.27,442482.71,190143.181,0.022206
2025-06-27,4.3,4.56,4.29,4.37,955520.05,423736.466,0.047953
2025-06-30,4.4,4.44,4.34,4.39,583537.0,255567.071,0.029285000000000002
2025-07-01,4.4,4.47,4.32,4.46,644841.66,282775.98,0.032361
2025-07-02,4.43,4.66,4.4,4.56,1041434.13,472102.215,0.052265
2025-07-03,4.54,4.63,4.47,4.54,584892.88,264803.398,0.029352999999999997
2025-07-04,4.49,4.49,4.4,4.43,470978.68,208923.518,0.023636
2025-07-07,4.38,4.61,4.37,4.5,569487.59,257081.452,0.02858
2025-07-08,4.51,4.65,4.5,4.59,582925.0,267071.97,0.029254
2025-07-09,4.7,4.74,4.45,4.47,775662.73,351958.05,0.038927
2025-07-10,4.45,4.61,4.45,4.6,579135.13,262086.908,0.029064
2025-07-11,4.6,4.85,4.56,4.76,1039973.98,490164.02,0.052191
2025-07-14,4.79,4.97,4.73,4.91,965245.99,468954.654,0.048441
2025-07-15,4.7,4.7,4.48,4.51,1434325.0,652747.816,0.071982
2025-07-16,4.51,4.53,4.43,4.49,492058.0,220675.922,0.024693999999999997
2025-07-17,4.5,4.5,4.44,4.46,399505.35,178388.071,0.020049
2025-07-18,4.48,4.55,4.44,4.51,657154.92,295167.102,0.032979
2025-07-21,4.5,4.58,4.48,4.54,619047.1,281201.197,0.031067
2025-07-22,4.58,4.61,4.5,4.53,733851.28,334223.505,0.036828
2025-07-23,4.55,4.57,4.47,4.48,708943.0,319973.264,0.035578
2025-07-24,4.46,4.61,4.44,4.61,863502.73,392270.691,0.043335
2025-07-25,4.6,4.68,4.51,4.52,588027.32,267772.554,0.02951
2025-07-28,4.5,4.51,4.38,4.5,577271.74,257063.319,0.02897
2025-07-29,4.48,4.49,4.39,4.41,504908.28,223388.333,0.025339
2025-07-30,4.43,4.44,4.31,4.35,470457.1,205655.519,0.023610000000000003
2025-07-31,4.3,4.32,4.28,4.29,379827.45,163284.793,0.019062
2025-08-01,4.25,4.42,4.25,4.4,492008.8,213933.629,0.024692
2025-08-04,4.41,4.66,4.41,4.59,938840.58,425874.718,0.047116
2025-08-05,4.63,4.7,4.58,4.6,791752.92,367178.5,0.039734
2025-08-06,4.6,4.65,4.58,4.61,493812.06,227434.159,0.024782000000000002
2025-08-07,4.62,4.64,4.54,4.61,420894.0,192707.989,0.021123
2025-08-08,4.62,4.74,4.62,4.69,666860.96,311924.771,0.033467
2025-08-11,4.67,4.68,4.6,4.65,436344.0,202298.732,0.021898
2025-08-12,4.64,4.65,4.6,4.62,292374.0,135106.05,0.014673
2025-08-13,4.62,4.76,4.62,4.75,710978.16,335096.209,0.035681
2025-08-14,4.76,4.8,4.67,4.69,529154.0,250453.91,0.026556000000000003
2025-08-15,4.65,4.87,4.65,4.82,751028.2,360738.742,0.03769
2025-08-18,4.84,4.9,4.78,4.86,596918.92,289614.381,0.029956
2025-08-19,4.87,4.9,4.8,4.83,443051.74,214644.019,0.022235
2025-08-20,4.8,4.98,4.79,4.94,617243.02,302295.655,0.030976
2025-08-21,4.97,5.3,4.96,5.17,1335533.25,691504.028,0.067024
2025-08-22,5.16,5.69,5.15,5.69,1994196.11,1101337.42,0.10007899999999999
2025-08-25,5.85,6.01,5.72,5.89,2157456.63,1266292.58,0.108272
2025-08-26,5.88,6.21,5.85,6.09,1676602.34,1016902.925,0.084141
2025-08-27,5.99,6.08,5.82,5.83,1413725.93,842105.264,0.070948
2025-08-28,5.81,5.95,5.69,5.93,1147735.52,668007.159,0.057599
2025-08-29,5.81,5.93,5.58,5.85,1199113.61,692688.464,0.060178
2025-09-01,6.0,6.14,5.84,6.06,1339762.33,809363.034,0.067236
2025-09-02,6.12,6.36,5.99,6.1,1602702.09,985430.113,0.080432
2025-09-03,6.2,6.24,5.87,5.92,1272961.51,767052.385,0.063884
2025-09-04,5.9,6.0,5.6,5.69,1090299.16,630022.482,0.054717
2025-09-05,5.68,5.96,5.66,5.96,825447.0,482344.988,0.041425000000000003
2025-09-08,6.03,6.13,5.92,6.03,809824.0,488115.253,0.040641
2025-09-09,6.1,6.33,6.04,6.13,1238737.55,764488.046,0.062166
2025-09-10,6.02,6.19,5.98,6.15,909176.0,552618.322,0.045627
2025-09-11,6.16,6.67,6.05,6.52,1521577.96,966026.594,0.076361
2025-09-12,6.52,6.75,6.42,6.57,1576703.38,1036880.717,0.079127
2025-09-15,6.59,6.59,6.35,6.47,1010426.82,651851.23,0.050708
2025-09-16,6.69,6.69,6.27,6.53,1080789.68,696419.272,0.054240000000000003
2025-09-17,6.48,6.5,6.35,6.43,681373.66,436277.243,0.034195
2025-09-18,6.32,6.38,6.03,6.07,1070727.12,665887.625,0.053735
2025-09-19,6.11,6.22,6.06,6.12,607485.17,372066.997,0.030487
2025-09-22,6.28,6.39,6.15,6.29,650456.61,406237.431,0.032643
2025-09-23,6.36,6.63,6.17,6.28,1037448.65,663745.964,0.052065
2025-09-24,6.17,6.36,6.11,6.32,599328.67,374039.645,0.030077
2025-09-25,6.45,6.5,6.15,6.18,731298.18,459491.239,0.036699999999999997
2025-09-26,6.13,6.27,6.05,6.05,598389.69,367573.518,0.03003
2025-09-29,6.12,6.42,6.09,6.4,938463.75,590346.686,0.047097
2025-09-30,6.48,6.74,6.46,6.69,1263087.3,840686.844,0.063388
2025-10-09,7.2,7.36,7.06,7.26,2020544.0,1463582.465,0.101401
2025-10-10,7.15,7.99,7.12,7.99,2112838.4,1623512.195,0.106033
2025-10-13,8.0,8.69,7.85,8.4,2582915.34,2124490.898,0.12962400000000002
2025-10-14,8.66,8.98,8.31,8.31,2266347.7,1957949.956,0.11373699999999999
2025-10-15,8.51,8.77,8.28,8.73,1595894.71,1370581.172,0.08009000000000001
2025-10-16,8.8,9.55,8.77,9.3,1831641.95,1681297.447,0.091921
2025-10-17,9.51,9.74,8.77,8.82,1812793.69,1648028.028,0.090975
2025-10-20,8.42,8.64,8.2,8.5,1929410.95,1622796.124,0.096828
2025-10-21,8.78,8.9,8.41,8.55,1168819.48,1004867.999,0.058657
2025-10-22,8.0,8.58,7.95,8.5,1231050.71,1022983.591,0.06178
2025-10-23,8.55,8.62,8.06,8.26,787330.05,647002.636,0.039512
2025-10-24,8.35,8.42,8.05,8.11,785807.05,641433.215,0.039436
2025-10-27,8.02,8.28,7.95,8.24,862963.32,,0.043308
2025-10-28,8.3,8.46,8.09,8.09,801385.11,,0.040218
2025-10-29,8.26,8.37,8.1,8.36,794619.7,,0.039878
2025-10-30,8.17,8.43,8.1,8.18,868326.49,,0.043577000000000005
2025-10-31,8.29,8.56,8.16,8.18,972620.46,,0.048811
2025-11-03,8.11,8.13,7.65,7.81,1143912.57,,0.05740700000000001
2025-11-04,7.75,8.04,7.7,7.93,771953.39,,0.038741
2025-11-05,7.68,7.94,7.66,7.85,479642.42,,0.024071
2025-11-06,7.83,7.98,7.75,7.97,468087.13,,0.023490999999999998
2025-11-07,7.91,8.23,7.91,8.11,596041.7,,0.029912
