Date,Open,High,Low,Close,Volume,Amount,TurnoverRate
2000-08-25,12.99,13.64,12.5,13.64,46296.0,60823.92,
2000-08-28,13.65,14.32,13.65,14.32,40014.0,56876.889,
2000-08-29,14.0,14.8,13.88,14.48,27525.0,40130.253,
2000-08-30,14.39,14.75,13.99,14.5,25358.0,36552.682,
2000-08-31,14.29,15.0,14.0,14.3,33432.0,49022.48,
2000-09-01,14.2,14.97,14.12,14.7,36139.0,53134.638,
2000-09-04,14.71,14.99,14.38,14.46,26030.0,38097.208,
2000-09-05,14.46,15.18,14.46,14.99,52705.0,79573.327,
2000-09-06,14.8,15.69,14.78,15.36,26114.13,39935.189,
2000-09-07,15.4,16.13,15.36,16.13,26102.0,41566.419,
2000-09-08,16.5,16.94,15.32,15.32,126789.0,199623.099,0.140371
2000-09-11,14.55,16.09,14.55,16.09,110610.0,171710.123,0.12245900000000001
2000-09-12,15.7,16.89,15.5,16.8,58971.0,98385.107,0.065288
2000-09-13,16.6,17.17,16.51,16.85,32908.0,55564.0,0.036433
2000-09-14,17.0,17.13,16.5,16.9,21051.0,35520.663,0.023306
2000-09-15,16.78,17.7,16.78,17.4,23866.0,41378.002,0.026423000000000002
2000-09-18,17.62,18.18,17.3,17.68,28144.0,50193.456,0.031159
2000-09-19,17.68,18.0,16.8,16.9,36084.0,61754.439,0.03995
2000-09-20,16.71,17.2,16.06,16.06,56715.0,91964.38,0.062791
2000-09-21,16.06,16.84,15.63,15.79,49157.0,79809.774,0.054423000000000006
2000-09-22,15.8,16.38,15.7,15.95,14753.0,23597.97,0.016333
2000-09-25,16.08,16.2,15.41,15.95,15920.0,25276.814,0.017625
2000-09-26,15.98,16.28,15.47,15.66,13202.0,20693.928,0.014616
2000-09-27,15.55,15.98,15.5,15.92,8400.0,13240.143,0.009300000000000001
2000-09-28,15.92,16.69,15.92,16.37,28901.0,47488.232,0.031997
2000-09-29,16.35,16.66,16.08,16.45,15691.0,25644.175,0.017372000000000002
2000-10-09,16.28,17.27,16.05,17.27,50994.0,86992.456,0.053638000000000005
2000-10-11,18.13,18.13,17.4,18.13,66080.0,119273.577,0.069507
2000-10-12,18.3,18.9,17.43,17.69,41545.0,75701.866,0.043699
2000-10-13,17.5,18.09,16.81,16.83,49178.0,85060.428,0.051727999999999996
2000-10-16,16.9,17.67,16.9,17.67,27568.0,48205.619,0.028998
2000-10-17,17.7,18.16,17.2,17.43,12504.0,22238.558,0.013151999999999999
2000-10-18,17.61,17.87,16.86,16.97,16609.0,28439.812,0.01747
2000-10-19,16.9,17.29,16.16,16.35,22012.0,36522.959,0.023153
2000-10-20,16.35,16.56,15.7,16.4,27240.0,43977.815,0.028652999999999998
2000-10-23,16.4,17.18,16.39,16.91,14801.0,24917.804,0.015569
2000-10-24,17.01,17.07,16.6,16.7,7672.0,12902.779,0.00807
2000-10-25,16.7,17.17,16.7,16.9,7627.0,12912.721,0.008023
2000-10-26,16.9,17.3,16.81,16.9,8078.0,13766.68,0.008497
2000-10-27,16.81,17.46,16.81,16.98,13362.0,22890.41,0.014055
2000-10-30,17.0,17.08,16.4,16.5,12931.0,21678.258,0.013602000000000001
2000-10-31,16.4,16.72,15.95,16.56,22616.0,36951.791,0.023788999999999998
2000-11-01,16.56,17.25,16.56,17.23,14884.0,25171.787,0.015656
2000-11-02,17.18,17.3,17.0,17.14,7804.0,13421.73,0.008209
2000-11-03,17.05,17.3,16.7,17.1,7668.0,13076.601,0.008066
2000-11-06,17.1,17.96,16.98,17.9,32272.0,57199.918,0.033946000000000004
2000-11-07,17.88,18.19,17.67,17.9,22565.0,40549.879,0.023735
2000-11-08,18.7,18.8,17.6,17.69,18664.0,33609.766,0.019632
2000-11-09,17.61,18.06,17.25,17.4,20409.0,36023.908,0.021467
2000-11-10,17.39,17.6,17.0,17.4,16661.0,28654.738,0.017525
2000-11-13,17.39,17.5,17.09,17.17,13508.0,23332.492,0.014208
2000-11-14,17.2,17.22,16.5,16.6,23114.0,38911.235,0.024312999999999998
2000-11-15,16.55,16.75,16.32,16.4,22228.0,36625.319,0.023381
2000-11-16,16.41,17.22,16.28,16.85,14453.0,24348.932,0.015202
2000-11-17,16.9,16.99,16.5,16.59,6924.0,11606.192,0.0072829999999999995
2000-11-20,16.5,16.58,16.35,16.4,12993.44,21339.476,0.013667
2000-11-21,16.45,16.98,16.31,16.82,15632.69,25963.283,0.016443
2000-11-22,16.82,16.94,16.58,16.6,6738.53,11274.246,0.007088
2000-11-23,16.6,16.94,16.2,16.6,6565.9,10896.175,0.006906
2000-11-24,16.5,16.58,15.77,16.1,15663.57,25320.049,0.016476
2000-11-27,15.94,16.26,15.7,15.83,10727.48,17074.349,0.011284
2000-11-28,15.88,16.15,15.8,15.99,11714.88,18731.756,0.012322
2000-11-29,15.99,16.1,15.71,15.78,7005.6,11112.526,0.007369
2000-11-30,15.7,15.92,15.48,15.55,8501.0,13313.259,0.008942
2000-12-01,15.56,15.89,15.2,15.64,13200.04,20588.673,0.013885000000000002
2000-12-04,15.6,15.9,15.41,15.63,7002.31,10940.082,0.007365
2000-12-05,15.7,16.41,15.7,16.41,15096.76,24651.752,0.015880000000000002
2000-12-06,16.71,17.2,16.6,16.95,20729.0,35136.394,0.021804
2000-12-07,17.05,17.4,16.9,17.0,16559.7,28339.537,0.017418
2000-12-11,17.1,17.51,16.72,16.85,11348.04,19445.626,0.011937
2000-12-12,16.86,17.1,16.6,16.9,10513.5,17789.676,0.011059000000000001
2000-12-13,16.85,17.01,16.71,16.78,6627.61,11172.538,0.006971000000000001
2000-12-14,16.75,16.8,16.42,16.5,6338.75,10478.414,0.006666999999999999
2000-12-15,16.49,17.33,16.49,17.0,13336.73,22805.346,0.014028
2000-12-18,16.87,17.24,16.7,17.08,5258.86,8951.499,0.0055320000000000005
2000-12-19,17.15,17.3,16.75,16.9,3728.61,6301.18,0.003922
2000-12-20,16.9,17.0,16.65,16.82,4072.35,6826.176,0.004284
2000-12-21,16.75,16.9,16.6,16.73,5053.62,8463.915,0.0053159999999999995
2000-12-22,16.98,17.38,16.85,16.99,18539.55,31711.833,0.019501
2000-12-25,17.0,17.06,16.6,16.78,6702.51,11247.341,0.00705
2000-12-26,16.75,16.85,16.55,16.6,4821.05,8034.881,0.005071
2000-12-27,16.75,16.85,15.95,15.95,5208.77,8518.894,0.005479
2000-12-28,15.95,16.62,15.83,16.55,19894.93,32473.678,0.020926999999999998
2000-12-29,16.6,17.21,16.5,17.21,17828.26,30218.693,0.018753
2001-01-02,17.05,17.35,16.95,17.17,15842.0,27316.148,0.016664
2001-01-03,17.17,17.6,17.17,17.45,14146.18,24641.4,0.014879999999999999
2001-01-04,17.45,17.55,17.23,17.29,5701.61,9904.057,0.005997
2001-01-05,17.29,17.34,16.81,17.05,6280.45,10672.747,0.006606
2001-01-08,17.02,17.02,16.6,16.89,5225.46,8766.058,0.005496
2001-01-09,16.8,16.85,16.65,16.68,4954.11,8296.183,0.005211
2001-01-10,16.7,17.1,16.7,17.0,6561.3,11128.807,0.006902
2001-01-11,17.0,17.02,16.6,16.68,4964.9,8325.363,0.005222
2001-01-12,16.75,16.75,16.47,16.48,7085.7,11715.614,0.0074529999999999996
2001-01-15,16.48,16.5,15.66,15.68,7234.6,11602.989,0.0076100000000000004
2001-01-16,15.8,16.15,15.3,15.98,8993.56,14069.96,0.00946
2001-01-17,16.08,16.08,15.61,15.65,3673.62,5832.556,0.0038640000000000002
2001-01-18,15.8,16.16,15.79,15.85,6107.94,9753.064,0.006424999999999999
2001-01-19,16.1,16.1,15.88,16.0,3552.36,5682.184,0.003737
2001-02-05,16.0,16.13,15.2,15.2,8209.0,12573.302,0.008635
2001-02-06,14.97,14.97,14.44,14.7,11731.5,17064.71,0.01234
2001-02-07,14.6,14.7,13.97,13.97,7426.0,10471.452,0.007811
2001-02-08,13.68,14.5,13.27,14.0,8028.79,11314.025,0.008445000000000001
2001-02-09,14.1,14.5,13.9,14.41,16520.78,23314.925,0.017377
2001-02-12,14.5,14.57,13.88,14.0,7941.98,11131.299,0.008354
2001-02-13,13.99,14.45,13.97,14.1,4605.76,6543.891,0.0048449999999999995
2001-02-14,14.15,14.81,13.98,14.81,11420.14,16645.114,0.012012
2001-02-15,14.96,14.98,14.43,14.61,6528.99,9579.952,0.006868
2001-02-16,14.45,14.98,14.3,14.76,6386.2,9438.174,0.006717
2001-02-19,14.8,15.5,14.8,15.5,7598.9,11739.553,0.007993
2001-02-20,15.78,16.18,15.4,16.0,24418.31,38754.769,0.025685
2001-02-21,15.8,16.11,15.5,15.6,13355.88,21193.655,0.014048
2001-02-22,15.52,15.79,14.82,15.26,11198.51,16994.334,0.011779
2001-02-23,15.28,16.02,15.21,15.67,7159.37,11301.178,0.0075309999999999995
2001-02-26,16.2,16.29,15.78,15.88,4613.6,7351.604,0.004853
2001-02-27,16.07,16.26,15.8,16.2,6350.96,10156.461,0.00668
2001-02-28,16.01,16.66,16.01,16.24,9572.19,15704.3,0.010069
2001-03-01,16.2,16.47,16.15,16.35,3698.56,6039.893,0.0038900000000000002
2001-03-02,16.4,16.5,16.15,16.22,3426.47,5603.789,0.003604
2001-03-05,16.25,16.48,16.01,16.1,3871.8,6293.165,0.004073
2001-03-06,16.1,16.29,16.06,16.19,2036.51,3292.45,0.002142
2001-03-07,16.1,16.27,16.0,16.2,2134.13,3446.987,0.002245
2001-03-08,16.2,16.81,16.15,16.7,8043.52,13372.666,0.008461
2001-03-09,16.65,16.85,16.65,16.68,3674.79,6154.406,0.003865
2001-03-13,16.88,16.89,16.01,16.1,7857.51,12899.938,0.008265
2001-03-14,16.1,16.31,15.85,16.1,8456.84,13593.308,0.008895
2001-03-15,16.0,16.38,16.0,16.14,3918.6,6324.715,0.004122
2001-03-16,16.14,16.24,15.7,15.94,4308.4,6863.943,0.004532
2001-03-19,15.87,15.92,15.45,15.49,7962.2,12436.481,0.008375
2001-03-20,15.7,15.8,15.41,15.72,6666.32,10366.035,0.007012000000000001
2001-03-21,15.76,16.3,15.74,15.92,5563.38,8950.871,0.005852
2001-03-22,15.92,16.18,15.92,16.0,4503.22,7201.374,0.004737
2001-03-23,16.0,16.0,15.5,15.8,5355.65,8440.431,0.005633
2001-03-26,15.68,16.35,15.51,16.23,4760.32,7656.708,0.005007
2001-03-27,16.39,16.39,16.06,16.29,8306.64,13455.882,0.008737
2001-03-28,16.3,16.37,16.06,16.31,5362.91,8694.854,0.005641
2001-03-29,16.31,17.08,16.13,16.86,23611.58,39547.68,0.024836
2001-03-30,16.8,17.29,16.76,17.26,32315.89,55126.262,0.033992
2001-04-02,17.3,17.45,17.12,17.25,11841.01,20436.12,0.012455
2001-04-03,17.2,17.2,16.73,16.89,9967.0,16895.059,0.010484
2001-04-04,16.95,17.32,16.79,16.85,13220.28,22592.496,0.013906
2001-04-05,16.81,17.29,16.81,17.18,12815.91,21980.535,0.013481
2001-04-09,17.85,17.97,17.18,17.25,27647.49,48208.729,0.029081000000000003
2001-04-10,17.3,17.62,17.25,17.3,7741.03,13485.049,0.008142
2001-04-11,17.35,17.45,16.9,16.96,8157.7,13941.65,0.008581
2001-04-12,16.96,17.15,16.75,16.92,5782.77,9823.36,0.006083
2001-04-13,16.9,17.03,16.5,16.85,13223.49,22066.647,0.013909
2001-04-16,17.0,17.94,17.0,17.7,32765.85,57905.855,0.034464999999999996
2001-04-17,18.0,18.18,17.41,17.79,24516.08,43468.283,0.025787
2001-04-18,17.79,18.17,17.58,17.85,14527.06,26071.246,0.01528
2001-04-19,17.9,19.28,17.88,19.28,67520.64,126647.908,0.071022
2001-04-20,19.3,20.5,18.9,18.96,73939.59,146190.401,0.077774
2001-04-23,19.01,19.6,18.88,19.35,29506.09,56801.263,0.031036
2001-04-24,19.38,19.58,19.1,19.13,13750.49,26544.934,0.014464
2001-04-25,19.18,19.4,18.3,18.32,27441.0,51099.759,0.028864
2001-04-26,18.32,18.8,18.1,18.21,12085.55,22187.629,0.012712000000000001
2001-04-27,18.21,18.5,18.1,18.13,14944.59,27307.724,0.01572
2001-04-30,18.25,18.79,18.15,18.58,9672.16,17901.291,0.010174
2001-05-08,18.5,19.09,18.5,19.01,6529.35,12267.201,0.006868
2001-05-09,19.0,19.17,18.6,18.65,7935.68,14915.912,0.008347
2001-05-11,18.8,18.95,18.39,18.5,7903.93,14653.538,0.008314
2001-05-14,18.5,19.1,18.5,18.8,13078.36,24696.082,0.013756999999999998
2001-05-15,18.91,19.04,18.55,18.66,8695.22,16350.165,0.009146
2001-05-16,18.75,19.68,18.5,19.56,22533.21,43163.541,0.023702
2001-05-17,19.6,19.75,19.35,19.58,15534.0,30458.162,0.01634
2001-05-18,19.58,19.86,19.35,19.68,9333.83,18255.525,0.009818
2001-05-21,19.71,20.2,19.5,19.56,13701.8,27251.541,0.014412000000000001
2001-05-22,19.6,19.8,19.25,19.31,10268.0,19924.181,0.0108
2001-05-23,19.32,19.5,18.81,18.94,11492.66,21917.275,0.012089
2001-05-24,18.95,19.75,18.95,19.35,16513.31,32122.472,0.01737
2001-05-25,19.38,20.2,19.38,20.06,41474.65,82882.226,0.043625
2001-05-28,20.21,20.44,19.95,20.17,16010.09,32248.88,0.01684
2001-05-29,20.14,20.15,19.68,19.7,9882.07,19609.807,0.010395000000000001
2001-05-30,19.75,20.0,19.65,19.83,7948.2,15737.527,0.00836
2001-05-31,20.0,20.3,19.81,19.9,10415.32,20818.731,0.010955
2001-06-01,19.93,20.28,19.9,20.15,8934.61,17951.718,0.009398
2001-06-04,20.15,20.6,18.6,20.3,19698.66,39320.441,0.020720000000000002
2001-06-05,20.49,20.65,20.3,20.59,15632.16,32046.404,0.016443
2001-06-06,20.59,20.68,20.05,20.35,7604.85,15411.74,0.007999000000000001
2001-06-07,20.35,20.56,19.91,20.56,10354.09,20921.862,0.010891
2001-06-08,20.48,20.75,20.05,20.2,9584.7,19462.672,0.010082
2001-06-11,20.2,20.2,19.52,19.55,9460.0,18776.24,0.009951
2001-06-12,19.55,19.73,18.9,19.05,20402.66,39194.31,0.021461
2001-06-13,19.15,19.48,18.82,19.44,18334.99,34954.532,0.019286
2001-06-14,19.52,19.58,18.49,19.0,24301.02,45796.913,0.025560999999999997
2001-06-15,19.0,19.22,18.25,18.4,17347.3,32351.558,0.018247
2001-06-18,18.4,18.4,17.58,17.88,18786.1,33660.777,0.01976
2001-06-19,17.88,18.45,17.8,18.1,8093.2,14640.345,0.008513
2001-06-20,18.18,18.18,17.68,17.78,5964.54,10611.188,0.006273999999999999
2001-06-21,17.7,18.02,17.5,17.8,5105.7,9107.861,0.005370000000000001
2001-06-22,17.8,18.54,17.8,18.51,5158.85,9450.64,0.005425999999999999
2001-06-25,18.6,18.8,18.38,18.48,7149.71,13293.194,0.00752
2001-06-26,18.3,18.89,18.3,18.6,3841.06,7188.738,0.00404
2001-06-27,18.68,18.68,18.11,18.37,6819.68,12500.526,0.0071730000000000006
2001-06-28,18.37,18.8,18.0,18.0,5718.35,10400.226,0.006015
2001-06-29,18.1,18.3,17.98,18.1,4644.48,8378.426,0.004885
2001-07-02,18.0,18.25,17.8,17.84,5478.0,9872.55,0.005762000000000001
2001-07-03,18.0,18.09,17.8,18.0,3128.48,5598.448,0.003291
2001-07-04,18.0,18.2,17.98,18.06,2316.97,4183.579,0.002437
2001-07-05,18.29,18.29,17.95,18.02,2011.65,3631.742,0.0021160000000000003
2001-07-06,18.0,18.29,18.0,18.11,2732.0,4960.923,0.002874
2001-07-09,18.1,18.3,18.08,18.2,2638.87,4797.094,0.0027760000000000003
2001-07-10,18.2,18.3,18.05,18.2,2430.6,4422.277,0.002557
2001-07-11,18.2,18.28,18.11,18.24,2299.66,4179.443,0.002419
2001-07-12,18.24,18.24,17.8,17.83,8201.05,14723.462,0.008626
2001-07-13,17.8,18.15,17.8,17.85,2661.0,4759.811,0.002799
2001-07-16,18.09,18.58,17.7,18.0,5684.5,10289.523,0.005979
2001-07-17,18.0,18.0,17.72,17.99,3860.84,6913.01,0.004061
2001-07-18,18.0,18.19,17.86,17.97,7934.5,14233.658,0.008346
2001-07-19,17.97,18.12,17.9,17.96,2525.91,4538.15,0.002657
2001-07-20,18.0,18.1,17.83,18.0,5203.13,9318.304,0.0054730000000000004
2001-07-23,18.0,18.56,17.96,18.45,9768.56,17848.214,0.010275000000000001
2001-07-24,18.56,18.56,18.08,18.08,7896.6,14511.356,0.008306000000000001
2001-07-25,18.08,18.48,18.02,18.06,5187.09,9459.814,0.005456
2001-07-26,18.2,18.29,17.69,17.8,3494.5,6289.962,0.003676
2001-07-27,17.8,17.98,16.32,16.32,9363.0,15896.607,0.009849
2001-07-30,16.02,16.85,16.01,16.51,20935.09,34569.884,0.022021000000000002
2001-07-31,16.58,16.7,15.2,16.2,8534.22,13532.583,0.008977
2001-08-01,16.23,16.9,16.08,16.88,4853.66,7962.442,0.005104999999999999
2001-08-02,16.55,16.58,16.05,16.48,4388.63,7142.04,0.004616
2001-08-03,16.46,16.6,16.35,16.55,1141.2,1880.875,0.0012
2001-08-06,16.5,16.5,15.8,16.16,3642.0,5842.394,0.0038309999999999998
2001-08-07,16.0,16.44,15.88,16.29,4170.85,6718.126,0.004386999999999999
2001-08-08,16.0,16.2,15.7,16.0,3192.8,5087.214,0.003358
2001-08-09,15.89,16.56,15.89,16.45,7317.39,12004.72,0.007697000000000001
2001-08-10,16.59,17.52,16.59,17.5,17806.84,30550.625,0.01873
2001-08-13,17.5,17.9,17.2,17.73,10563.01,18739.67,0.011111
2001-08-14,17.76,18.0,17.39,17.89,14607.18,25969.054,0.015365
2001-08-15,18.82,18.82,17.8,17.83,20851.33,37596.403,0.021932999999999998
2001-08-16,18.0,18.0,17.22,17.3,5680.97,9973.547,0.005976
2001-08-17,17.05,17.5,16.99,17.08,6684.9,11452.877,0.007032
2001-08-20,17.09,17.43,17.01,17.15,5627.83,9688.586,0.00592
2001-08-21,17.2,17.29,16.96,16.98,5411.0,9265.087,0.005692
2001-08-22,16.97,16.97,16.3,16.53,6994.2,11572.914,0.007357
2001-08-23,16.45,16.53,16.25,16.47,4473.36,7357.903,0.004705
2001-08-24,16.47,16.8,16.31,16.38,3989.95,6582.463,0.004197
2001-08-27,16.37,16.37,15.75,15.78,5046.0,8077.268,0.005308
2001-08-28,15.75,16.09,15.53,15.88,4461.5,7029.978,0.004693
2001-08-29,16.0,16.46,16.0,16.25,4467.16,7238.931,0.004699
2001-08-30,16.2,16.2,15.78,15.8,3762.59,5983.307,0.003958
2001-08-31,15.82,16.03,15.79,15.91,1888.61,2994.286,0.001987
2001-09-03,15.91,15.91,15.5,15.55,3635.56,5694.464,0.003824
2001-09-04,15.48,16.27,15.41,16.25,6402.71,10237.462,0.006735
2001-09-05,16.32,16.4,15.8,15.96,6394.61,10319.991,0.006725999999999999
2001-09-06,15.81,16.05,15.73,15.8,2313.05,3668.828,0.002433
2001-09-07,15.75,15.85,15.01,15.01,6770.08,10474.837,0.007121
2001-09-10,14.8,15.57,14.61,15.42,7168.15,10893.737,0.00754
2001-09-11,15.5,15.75,15.0,15.18,4328.7,6628.12,0.004553
2001-09-12,14.97,15.08,14.0,15.05,7265.55,10786.38,0.0076419999999999995
2001-09-13,15.1,15.24,14.93,15.0,2079.0,3127.311,0.002187
2001-09-14,15.0,15.0,14.45,14.5,4926.46,7211.003,0.005182
2001-09-17,15.4,15.4,14.4,14.41,6103.43,8904.741,0.00642
2001-09-18,14.35,14.89,14.35,14.68,2945.2,4286.382,0.003098
2001-09-19,14.5,15.0,14.46,15.0,4232.57,6224.955,0.004452
2001-09-20,15.1,15.31,14.88,14.98,4845.38,7324.636,0.005097000000000001
2001-09-21,14.9,14.91,14.6,14.8,2355.0,3480.806,0.002477
2001-09-24,14.66,14.9,14.6,14.61,1217.0,1789.775,0.00128
2001-09-25,14.8,14.89,14.5,14.53,1326.5,1938.2,0.0013950000000000002
2001-09-26,14.6,14.8,14.4,14.52,1313.23,1909.471,0.001381
2001-09-27,14.47,14.57,14.31,14.4,1878.55,2715.883,0.001976
2001-09-28,14.5,14.5,14.2,14.29,1932.0,2766.75,0.002032
2001-10-08,14.39,14.42,13.68,13.95,1923.79,2694.79,0.0020239999999999998
2001-10-09,13.95,14.22,13.95,14.2,1911.5,2705.762,0.002011
2001-10-10,14.5,14.5,13.6,13.75,1458.0,2012.318,0.001534
2001-10-11,13.71,13.8,12.51,12.64,5890.0,7674.846,0.006195000000000001
2001-10-12,12.6,13.3,11.8,13.11,7191.0,9046.292,0.0075639999999999995
2001-10-15,13.05,13.1,12.6,12.7,3921.3,5025.504,0.004125
2001-10-16,12.72,12.85,12.15,12.2,2654.64,3274.955,0.002792
2001-10-17,12.2,12.45,12.08,12.2,2159.0,2632.841,0.002271
2001-10-18,12.2,12.36,11.88,12.3,1841.2,2217.733,0.0019370000000000001
2001-10-19,12.19,12.3,11.89,12.19,5502.21,6629.434,0.005788
2001-10-22,12.12,12.12,11.59,11.88,4676.0,5560.535,0.0049180000000000005
2001-10-23,13.05,13.07,12.6,13.07,11076.03,14410.721,0.01165
2001-10-24,14.01,14.04,13.3,13.69,25257.44,34606.563,0.026566999999999997
2001-10-25,13.6,13.79,13.25,13.45,5974.13,8060.561,0.006284
2001-10-26,13.3,13.45,12.9,13.05,6551.7,8603.18,0.006891
2001-10-29,13.05,13.28,12.6,12.99,5615.0,7250.405,0.005906
2001-10-30,12.99,12.99,12.67,12.69,3900.0,4978.476,0.004102
2001-10-31,12.69,12.86,12.48,12.84,3915.1,4941.189,0.004118
2001-11-01,12.9,13.27,12.81,13.08,8505.8,11133.499,0.008947
2001-11-02,13.0,13.22,12.9,12.96,4550.5,5945.77,0.004786
2001-11-05,12.9,12.98,12.71,12.98,1668.55,2135.08,0.0017549999999999998
2001-11-06,12.96,13.18,12.81,13.16,3266.8,4271.582,0.0034360000000000003
2001-11-07,13.0,13.0,12.18,12.3,4236.98,5310.393,0.004457
2001-11-08,12.1,12.23,11.7,12.19,10152.23,12068.131,0.010679000000000001
2001-11-09,12.0,12.68,11.83,12.62,6042.14,7489.262,0.0063549999999999995
2001-11-12,12.68,13.28,12.65,13.05,12533.93,16427.211,0.013184
2001-11-13,12.93,13.0,12.6,12.83,2781.48,3575.194,0.002926
2001-11-14,12.8,13.2,12.8,12.9,2903.5,3782.133,0.003054
2001-11-15,12.92,13.18,12.9,13.18,1635.68,2126.416,0.001721
2001-11-16,13.98,14.15,13.18,13.4,17720.9,24031.583,0.01864
2001-11-19,13.3,13.59,13.23,13.59,5758.2,7765.175,0.006057
2001-11-20,13.6,13.95,13.51,13.82,8088.96,11113.565,0.008508
2001-11-21,13.82,14.29,13.65,14.1,20430.31,28762.98,0.02149
2001-11-22,14.1,14.23,13.91,14.19,9914.03,13971.966,0.010428
2001-11-23,14.0,14.14,13.96,14.09,4851.2,6799.733,0.005103
2001-11-26,14.09,14.16,13.88,13.88,3853.0,5370.317,0.004053
2001-11-27,13.87,14.1,13.87,14.1,3386.19,4734.818,0.003562
2001-11-28,14.15,14.46,14.06,14.28,9945.7,14233.383,0.010461
2001-11-29,14.25,14.35,14.15,14.22,7210.1,10245.726,0.007584
2001-11-30,14.2,14.3,14.15,14.23,3477.2,4945.751,0.0036580000000000002
2001-12-03,14.2,14.55,14.2,14.33,6543.25,9435.28,0.006883
2001-12-04,14.22,14.64,14.22,14.59,6215.47,9023.668,0.006538
2001-12-05,14.58,14.66,14.33,14.36,6052.0,8767.822,0.006366
2001-12-06,14.2,14.44,14.08,14.37,6144.46,8753.793,0.006463
2001-12-07,14.49,14.49,13.98,14.0,5801.9,8195.893,0.006103
2001-12-10,13.99,14.42,13.95,14.41,8410.05,11950.648,0.008846
2001-12-11,14.58,14.98,14.55,14.7,25898.55,38414.639,0.027242000000000002
2001-12-12,14.6,14.9,14.55,14.63,9277.5,13667.044,0.009759
2001-12-13,14.6,15.08,14.6,14.9,19465.72,29075.907,0.020475
2001-12-14,14.82,15.16,14.61,14.88,12986.13,19341.688,0.01366
2001-12-17,15.0,15.24,14.7,14.79,13384.82,20055.347,0.014079
2001-12-18,14.8,15.0,14.46,14.94,9041.89,13294.552,0.009510999999999999
2001-12-19,14.97,14.98,14.6,14.67,6895.0,10225.288,0.007252999999999999
2001-12-20,14.59,14.59,14.1,14.4,18816.58,26964.509,0.019792
2001-12-21,14.31,14.42,13.96,14.21,5960.55,8450.147,0.00627
2001-12-24,14.2,14.35,13.55,13.56,11441.8,15745.128,0.012035
2001-12-25,13.46,13.88,13.41,13.65,4328.71,5927.322,0.004553
2001-12-26,13.6,13.88,13.46,13.83,3685.91,5060.216,0.003877
2001-12-27,13.97,13.97,13.58,13.58,4398.95,6037.046,0.004627
2001-12-28,13.52,14.0,13.5,13.71,5139.5,7091.137,0.005405999999999999
2001-12-31,13.79,14.98,13.79,14.69,20298.31,29572.653,0.021351
2002-01-04,14.71,14.85,14.5,14.5,10824.85,15926.901,0.011386
2002-01-07,14.37,14.68,14.35,14.65,6905.81,10024.791,0.0072640000000000005
2002-01-08,14.75,15.31,14.7,14.89,24321.66,36701.887,0.025583
2002-01-09,14.79,15.15,14.61,15.0,13794.94,20611.372,0.01451
2002-01-10,14.99,15.06,14.58,14.92,11372.54,16929.123,0.011961999999999999
2002-01-11,15.06,15.42,14.78,14.81,32869.96,49931.551,0.034574
2002-01-14,14.61,14.68,13.52,13.64,25584.23,35803.37,0.026911
2002-01-15,14.0,14.75,13.88,14.0,24907.72,35429.449,0.026199
2002-01-16,14.04,14.22,13.4,13.9,13657.84,18837.453,0.014366
2002-01-17,13.83,14.05,13.53,13.59,9179.63,12575.857,0.009656
2002-01-18,13.49,14.21,13.04,13.94,17672.67,24561.176,0.018589
2002-01-21,13.7,14.07,13.7,13.78,6054.26,8372.306,0.006368
2002-01-22,13.68,14.45,13.68,14.04,8938.4,12588.685,0.009402
2002-01-23,14.04,14.75,13.84,14.72,14761.93,21171.562,0.015527
2002-01-24,14.5,14.9,14.21,14.61,19136.75,28010.867,0.020129
2002-01-25,14.4,14.74,14.32,14.46,10853.41,15761.742,0.011415999999999999
2002-01-28,14.25,14.45,13.2,13.38,24268.1,33173.849,0.025527
2002-01-29,13.35,13.98,13.13,13.65,7149.0,9711.765,0.00752
2002-01-30,13.5,13.79,13.3,13.51,5425.88,7345.882,0.005707
2002-01-31,13.65,14.72,13.65,14.5,25837.37,37197.011,0.027176999999999996
2002-02-01,14.6,15.15,14.32,14.59,26333.04,39173.262,0.027698999999999998
2002-02-04,14.5,15.26,14.5,15.14,23535.33,35469.559,0.024756
2002-02-05,15.18,15.18,14.82,14.95,17140.78,25785.495,0.01803
2002-02-06,14.95,15.07,14.52,14.57,12677.5,18788.147,0.013335
2002-02-07,14.57,15.25,14.51,15.05,17048.32,25736.174,0.017932
2002-02-08,15.18,15.25,14.81,14.91,12693.65,19089.163,0.013352
2002-02-25,15.2,15.25,14.95,15.07,11669.56,17629.176,0.012275000000000001
2002-02-26,14.75,15.13,14.75,14.92,8002.0,11889.006,0.008417000000000001
2002-02-27,14.93,15.0,14.73,14.77,6766.6,10072.51,0.007117
2002-02-28,14.83,14.9,14.51,14.59,7720.88,11327.014,0.008121
2002-03-01,14.5,14.69,14.43,14.62,5905.63,8590.648,0.006212
2002-03-04,14.54,14.94,14.51,14.91,5484.72,8062.961,0.005769
2002-03-05,14.93,15.24,14.88,15.08,11813.83,17836.869,0.012426
2002-03-06,15.15,15.45,15.04,15.09,15988.55,24436.385,0.016818
2002-03-07,15.09,15.98,15.03,15.91,33817.43,52960.636,0.035571
2002-03-08,15.98,16.08,15.5,15.73,34806.68,54697.741,0.036612
2002-03-11,15.85,15.95,15.57,15.85,18602.19,29323.127,0.019567
2002-03-12,15.85,15.85,15.25,15.34,27819.85,43057.27,0.029262
2002-03-13,15.2,15.6,15.15,15.22,17946.18,27435.458,0.018876999999999998
2002-03-14,15.22,15.68,15.2,15.63,9908.2,15265.623,0.010422
2002-03-15,15.74,15.78,14.83,14.85,14294.48,21862.371,0.015036
2002-03-18,15.2,15.35,14.6,14.9,14243.6,21154.314,0.014982
2002-03-19,14.9,15.25,14.88,15.14,9754.02,14686.462,0.01026
2002-03-20,15.3,15.67,15.1,15.37,19213.6,29578.895,0.02021
2002-03-21,15.46,15.6,15.15,15.23,9998.46,15306.3,0.010517
2002-03-22,15.25,15.39,15.02,15.07,6685.27,10121.29,0.007032
2002-03-25,15.0,15.45,15.0,15.39,10673.74,16377.477,0.011227000000000001
2002-03-26,15.46,15.93,15.31,15.74,42639.28,67007.64,0.04485
2002-03-27,15.75,15.94,15.3,15.36,27697.5,43107.36,0.029134000000000004
2002-03-28,15.19,15.59,14.83,14.87,33544.98,50648.889,0.035285000000000004
2002-03-29,14.88,15.2,14.5,14.54,18739.54,27779.028,0.019711
2002-04-01,14.5,14.75,14.2,14.44,16476.32,23742.737,0.017331
2002-04-02,14.4,14.6,14.17,14.19,9289.3,13297.345,0.009771
2002-04-03,14.2,14.4,14.18,14.33,6548.15,9342.516,0.006888
2002-04-04,14.3,14.8,14.18,14.74,10707.25,15513.03,0.011262000000000001
2002-04-05,14.87,14.94,14.32,14.43,9246.64,13474.63,0.009726
2002-04-08,14.4,14.4,14.18,14.3,7037.76,10035.048,0.007403
2002-04-09,14.34,14.7,14.3,14.57,8493.83,12345.323,0.008934
2002-04-10,14.65,14.77,14.45,14.74,10059.48,14742.878,0.010581
2002-04-11,14.8,14.8,14.38,14.39,6036.25,8763.406,0.0063490000000000005
2002-04-12,14.39,14.6,14.32,14.4,5102.14,7349.757,0.005366999999999999
2002-04-15,14.4,14.4,14.0,14.09,9553.35,13543.79,0.010048999999999999
2002-04-16,14.11,14.57,14.01,14.16,6535.78,9306.088,0.006875
2002-04-17,14.3,14.3,14.0,14.09,5708.32,8037.633,0.006004000000000001
2002-04-18,14.11,14.25,13.7,13.72,9754.0,13540.936,0.01026
2002-04-19,13.65,13.83,13.4,13.7,11850.62,16093.099,0.012464999999999999
2002-04-22,13.7,13.7,13.45,13.48,7149.03,9683.76,0.00752
2002-04-23,13.48,13.75,13.44,13.63,5563.88,7586.072,0.005852
2002-04-24,13.52,13.65,13.44,13.46,3414.0,4610.791,0.0035909999999999996
2002-04-25,13.46,13.5,13.2,13.26,7106.1,9432.704,0.007475000000000001
2002-04-26,13.3,13.7,13.26,13.7,6587.02,8918.242,0.006928999999999999
2002-04-30,13.8,14.05,13.7,13.83,13643.43,18927.233,0.014351000000000001
2002-05-08,13.91,13.95,13.57,13.59,6804.1,9314.013,0.007157
2002-05-09,13.58,13.64,13.45,13.47,5059.96,6856.854,0.005322
2002-05-10,13.45,13.78,13.45,13.56,3884.85,5272.614,0.004086
2002-05-13,13.5,13.5,13.27,13.31,5588.94,7442.441,0.005879
2002-05-14,13.35,13.59,13.28,13.34,3445.3,4607.814,0.003624
2002-05-15,13.33,13.5,12.98,13.0,6781.0,8925.603,0.0071330000000000005
2002-05-16,12.95,12.95,12.1,12.21,13839.29,17260.25,0.014557
2002-05-17,12.2,12.53,12.1,12.44,9348.6,11547.99,0.009833
2002-05-20,12.45,12.58,12.26,12.45,6429.71,8005.685,0.006763
2002-05-21,12.7,13.25,12.65,12.92,15625.1,20199.91,0.016434999999999998
2002-05-22,13.02,13.38,12.81,12.84,12262.72,16083.942,0.012899
2002-05-23,12.85,12.99,12.59,12.64,8124.72,10362.927,0.008546
2002-05-24,12.6,12.68,12.3,12.34,6160.7,7661.589,0.0064800000000000005
2002-05-27,12.3,12.6,12.3,12.43,3131.14,3871.313,0.003294
2002-05-28,12.62,12.62,12.43,12.44,2552.17,3195.952,0.0026850000000000003
2002-05-29,12.43,12.43,11.9,11.98,6135.41,7437.774,0.006454
2002-05-30,12.0,12.1,11.62,11.79,8946.07,10508.959,0.00941
2002-05-31,11.8,11.84,11.41,11.46,6573.0,7652.296,0.006914
2002-06-03,11.38,11.38,10.9,11.0,10560.29,11629.194,0.011108
2002-06-04,11.1,11.2,10.78,10.93,8110.21,8904.988,0.008531
2002-06-05,11.0,11.35,10.78,11.3,10046.61,11091.262,0.010568
2002-06-06,11.3,11.98,11.2,11.84,19250.01,22247.514,0.020248
2002-06-07,11.64,12.0,11.64,11.73,16713.36,19747.584,0.01758
2002-06-10,11.8,11.8,11.43,11.5,6092.71,7030.99,0.006409000000000001
2002-06-11,11.5,11.73,11.45,11.59,4204.22,4882.984,0.004422
2002-06-12,11.56,11.7,11.47,11.68,4048.88,4692.038,0.004259
2002-06-13,11.68,11.7,11.4,11.4,4064.69,4682.354,0.004275
2002-06-14,11.38,11.38,11.0,11.04,5844.3,6509.406,0.0061470000000000006
2002-06-17,11.0,11.16,10.82,11.1,3481.68,3828.464,0.0036620000000000003
2002-06-18,11.13,11.6,11.13,11.48,6814.18,7795.832,0.007168
2002-06-19,11.48,11.54,11.25,11.26,2722.0,3092.35,0.002863
2002-06-20,11.33,11.5,11.31,11.35,2541.25,2894.202,0.002673
2002-06-21,11.39,11.94,11.39,11.8,12036.44,14163.536,0.012661
2002-06-24,12.98,12.98,12.5,12.98,47064.62,60496.404,0.049505
2002-06-25,12.95,13.1,12.5,12.53,29771.94,38086.554,0.031316000000000004
2002-06-26,12.5,12.95,12.2,12.61,19631.82,24665.905,0.020649999999999998
2002-06-27,12.69,12.7,12.21,12.39,12037.99,15020.331,0.012662
2002-07-01,12.4,12.5,12.2,12.21,8583.0,10606.016,0.009028000000000001
2002-07-02,12.2,12.33,12.0,12.32,6506.87,7890.479,0.006844
2002-07-03,12.2,12.43,12.16,12.39,5358.46,6580.753,0.0056359999999999995
2002-07-04,12.4,12.5,12.21,12.24,5102.5,6323.183,0.005366999999999999
2002-07-05,12.16,12.33,12.1,12.2,3647.13,4437.402,0.003836
2002-07-08,12.25,12.25,12.11,12.18,6455.38,7863.698,0.006790000000000001
2002-07-09,12.2,12.58,12.2,12.3,10781.7,13344.014,0.011341
2002-07-10,12.32,12.39,12.1,12.1,5795.56,7072.395,0.006096000000000001
2002-07-11,12.05,12.19,12.05,12.1,3441.94,4167.328,0.00362
2002-07-12,12.05,12.13,11.8,11.83,8259.46,9832.407,0.008688
2002-07-15,11.7,11.83,11.28,11.35,13076.0,14981.751,0.013753999999999999
2002-07-16,11.3,11.48,11.28,11.37,4595.17,5228.623,0.0048330000000000005
2002-07-17,11.37,11.47,11.28,11.47,5015.6,5698.592,0.0052759999999999994
2002-07-18,11.5,11.64,11.45,11.56,6050.7,6987.541,0.006364
2002-07-19,11.58,11.68,11.43,11.44,4926.0,5670.737,0.005181
2002-07-22,11.44,11.54,11.38,11.39,4348.0,4981.821,0.004573
2002-07-23,11.35,11.45,11.35,11.38,2465.0,2805.077,0.002593
2002-07-24,11.35,11.43,11.18,11.2,5933.28,6672.207,0.006241
2002-07-25,11.27,11.34,11.15,11.17,4170.01,4668.724,0.004386
2002-07-26,11.21,11.42,11.15,11.4,4340.8,4923.593,0.004566
2002-07-29,11.38,11.6,11.35,11.6,6573.79,7570.4,0.006915
2002-07-30,11.6,11.62,11.4,11.44,4665.5,5359.216,0.004907
2002-07-31,11.41,11.43,11.1,11.19,6790.66,7626.302,0.007143
2002-08-01,11.2,11.32,11.16,11.27,2084.2,2345.705,0.002192
2002-08-02,11.41,11.41,11.26,11.29,1617.86,1827.861,0.001702
2002-08-05,11.29,11.5,11.22,11.4,3900.7,4454.268,0.004103
2002-08-06,11.43,11.64,11.35,11.59,7669.76,8865.676,0.008067
2002-08-07,11.6,11.6,11.49,11.5,2751.49,3170.76,0.002894
2002-08-08,11.5,11.6,11.45,11.46,2723.0,3133.701,0.002864
2002-08-09,11.41,11.44,11.18,11.21,5359.57,6022.915,0.005638
2002-08-12,11.18,11.7,11.15,11.56,24519.52,28327.162,0.025790999999999998
2002-08-13,11.56,11.6,11.4,11.51,5034.6,5780.738,0.0052959999999999995
2002-08-14,11.52,11.54,11.35,11.49,5173.34,5906.94,0.005442
2002-08-15,11.49,11.51,11.31,11.34,3701.0,4221.449,0.0038929999999999998
2002-08-16,11.35,11.43,11.25,11.38,5508.52,6250.244,0.0057940000000000005
2002-08-19,11.39,11.4,11.26,11.28,2647.42,2991.685,0.002785
2002-08-20,11.56,11.56,11.3,11.52,4831.32,5542.47,0.005082
2002-08-21,11.52,11.6,11.41,11.6,7904.83,9090.508,0.008315
2002-08-22,11.59,12.47,11.59,12.15,61694.67,74729.669,0.064894
2002-08-23,12.1,12.25,11.97,12.13,17420.85,21146.601,0.018324
2002-08-26,12.16,12.44,12.03,12.29,17704.97,21714.643,0.018623
2002-08-27,12.29,12.68,12.21,12.48,26343.37,32871.483,0.027709
2002-08-28,12.54,12.54,12.17,12.2,12548.0,15466.773,0.013199
2002-08-29,12.11,12.24,11.88,11.94,17703.96,21244.188,0.018622
2002-08-30,11.94,12.15,11.9,12.02,5740.84,6914.644,0.006039
2002-09-02,12.05,12.49,12.0,12.42,21857.54,27011.783,0.022991
2002-09-03,12.42,12.62,12.28,12.35,12266.97,15272.261,0.012903
2002-09-04,12.45,12.45,12.18,12.25,7598.31,9318.36,0.007992
2002-09-05,12.2,12.24,11.98,12.11,10550.36,12745.779,0.011097
2002-09-06,12.1,12.2,12.01,12.04,7139.49,8626.475,0.00751
2002-09-09,12.08,12.12,11.85,12.0,6260.65,7504.953,0.006585
2002-09-10,12.08,12.24,12.0,12.17,6571.2,7976.801,0.006912000000000001
2002-09-11,12.15,12.2,11.9,12.16,7533.45,9070.061,0.007924
2002-09-12,12.17,12.48,12.09,12.35,14221.11,17512.18,0.014959
2002-09-13,12.39,12.41,12.25,12.34,8540.22,10541.719,0.008983
2002-09-16,12.31,12.31,12.06,12.14,7646.17,9293.101,0.008043
2002-09-17,12.14,12.6,12.1,12.47,21720.05,26953.657,0.022846
2002-09-18,12.45,12.74,12.41,12.51,37845.96,47706.389,0.039809000000000004
2002-09-19,12.41,12.8,12.34,12.73,25211.46,31725.432,0.026519
2002-09-20,12.75,12.77,12.51,12.55,12963.9,16382.387,0.013635999999999999
2002-09-23,12.55,12.65,12.51,12.52,8925.34,11216.436,0.009388
2002-09-24,12.55,12.75,12.51,12.69,12317.57,15607.472,0.012956
2002-09-25,12.69,12.7,12.36,12.41,11016.99,13807.862,0.011588000000000001
2002-09-26,12.41,12.54,12.2,12.21,12409.5,15327.346,0.013052999999999999
2002-09-27,12.2,12.36,12.19,12.25,8785.75,10790.949,0.009241000000000001
2002-10-08,12.15,12.15,11.91,12.07,3853.85,4641.831,0.0040539999999999994
2002-10-09,12.0,12.05,11.42,11.62,7796.37,9157.426,0.008201
2002-10-10,11.6,11.75,11.5,11.52,4009.99,4658.409,0.004218
2002-10-11,11.8,11.8,11.6,11.64,4412.52,5155.779,0.004641
2002-10-14,11.59,11.82,11.38,11.77,4785.66,5555.541,0.005033999999999999
2002-10-15,11.7,11.84,11.6,11.64,3946.0,4618.386,0.004151
2002-10-16,11.7,11.98,11.7,11.88,5995.29,7117.256,0.006306000000000001
2002-10-17,11.9,11.93,11.56,11.59,3383.6,3944.95,0.003559
2002-10-18,11.6,11.74,11.51,11.63,3255.04,3776.064,0.003424
2002-10-21,11.52,11.69,11.5,11.63,2755.1,3183.916,0.002898
2002-10-22,11.63,11.95,11.6,11.81,6663.49,7883.008,0.007009
2002-10-23,11.85,11.85,11.63,11.79,3996.65,4692.741,0.004204
2002-10-24,11.75,11.98,11.58,11.62,5261.02,6193.895,0.005534
2002-10-25,11.6,11.7,11.4,11.42,5954.33,6858.643,0.0062629999999999995
2002-10-29,11.26,11.3,10.83,11.21,12064.97,13257.895,0.012691
2002-10-30,11.0,11.0,10.28,10.65,9217.01,9860.113,0.009695
2002-10-31,10.55,10.75,10.5,10.55,5547.9,5883.522,0.005836
2002-11-01,10.55,10.65,10.15,10.25,8888.37,9190.792,0.009349
2002-11-04,10.3,10.59,10.3,10.55,5555.71,5792.002,0.005844
2002-11-05,10.58,10.98,10.58,10.85,16025.23,17298.31,0.016856
2002-11-06,10.8,10.88,10.67,10.8,6166.71,6639.014,0.006486
2002-11-07,10.8,10.87,10.66,10.85,4696.5,5047.176,0.00494
2002-11-08,10.9,11.02,10.35,10.39,7084.34,7561.328,0.007451999999999999
2002-11-11,10.36,10.45,10.15,10.2,5542.09,5694.483,0.005829
2002-11-12,10.2,10.3,9.78,9.81,7950.35,7895.39,0.008363
2002-11-13,9.85,9.98,9.6,9.9,5707.66,5547.585,0.006004000000000001
2002-11-14,9.85,9.96,9.32,9.35,6345.09,6098.841,0.006674
2002-11-15,9.35,9.58,9.26,9.38,5480.5,5164.372,0.005765
2002-11-18,9.41,9.5,9.01,9.17,3717.49,3440.411,0.00391
2002-11-19,9.1,9.48,9.1,9.39,3331.99,3096.761,0.003505
2002-11-20,9.37,9.37,9.05,9.08,3858.14,3520.679,0.004058
2002-11-21,9.08,9.08,8.6,8.63,7548.0,6679.361,0.007939
2002-11-22,8.63,8.88,8.46,8.69,6800.28,5894.812,0.0071530000000000005
2002-11-25,8.62,8.86,8.5,8.78,5612.18,4891.766,0.005903
2002-11-26,8.8,8.92,8.53,8.53,4543.0,3972.546,0.004779
2002-11-27,8.45,8.68,8.3,8.58,3738.03,3168.446,0.003932
2002-11-28,8.58,9.13,8.47,9.11,11243.2,9974.394,0.011826000000000001
2002-11-29,9.11,9.45,8.95,9.2,22826.37,21152.438,0.024009999999999997
2002-12-02,9.22,9.23,8.65,8.7,11682.38,10436.686,0.012287999999999999
2002-12-03,8.66,8.95,8.6,8.95,5952.53,5259.184,0.006261
2002-12-04,9.0,9.19,8.9,8.91,6949.97,6275.914,0.00731
2002-12-05,8.8,8.9,8.75,8.85,3112.0,2740.891,0.003273
2002-12-06,8.9,9.03,8.8,8.9,3658.38,3256.417,0.003848
2002-12-09,8.9,8.9,8.76,8.81,2440.12,2151.373,0.002567
2002-12-10,8.8,8.88,8.6,8.61,2544.3,2215.194,0.002676
2002-12-11,8.59,8.6,8.4,8.51,4020.27,3410.264,0.004229
2002-12-12,8.48,8.9,8.48,8.6,5016.42,4370.213,0.005277
2002-12-13,8.58,8.9,8.46,8.81,7241.17,6290.831,0.0076170000000000005
2002-12-16,8.84,9.12,8.8,9.03,12195.93,10978.703,0.012827999999999999
2002-12-17,9.04,9.1,8.95,9.03,7736.8,6982.862,0.008138
2002-12-18,9.15,9.26,9.0,9.2,16157.82,14758.193,0.016996
2002-12-19,9.2,9.55,9.17,9.35,22907.57,21478.372,0.024095
2002-12-20,9.41,10.12,9.41,9.8,55778.99,54710.569,0.058672
2002-12-23,9.85,9.95,9.67,9.7,25487.68,25022.826,0.026809
2002-12-24,9.65,9.82,9.61,9.82,11060.35,10737.256,0.011634
2002-12-25,9.83,9.89,9.63,9.63,7439.7,7225.294,0.007825
2002-12-26,9.58,9.63,9.02,9.1,15671.0,14562.655,0.016484000000000002
2002-12-27,9.02,9.43,8.85,9.23,15488.41,14173.198,0.016292
2002-12-30,9.2,9.25,9.05,9.08,9192.84,8407.961,0.00967
2002-12-31,9.12,9.25,8.85,8.85,15378.63,13996.773,0.016176
2003-01-02,8.61,9.04,8.61,8.75,8673.9,7651.662,0.009124
2003-01-03,8.7,8.84,8.65,8.77,6361.06,5563.844,0.006691
2003-01-06,8.77,9.2,8.67,9.18,14997.47,13561.532,0.015774999999999997
2003-01-07,9.16,9.42,9.09,9.24,16590.24,15346.824,0.017451
2003-01-08,9.21,9.47,9.15,9.45,15356.92,14309.304,0.016153
2003-01-09,9.44,9.7,9.35,9.6,24811.26,23708.284,0.026098
2003-01-10,9.6,9.65,9.31,9.33,16806.41,15976.691,0.017678
2003-01-13,9.28,9.52,9.18,9.49,9975.59,9385.073,0.010492999999999999
2003-01-14,9.49,10.1,9.48,9.97,35620.79,35048.308,0.037468
2003-01-15,9.97,10.38,9.9,9.99,36080.49,36519.87,0.037952
2003-01-16,10.0,10.65,9.99,10.5,46687.83,48496.405,0.049109
2003-01-17,10.5,10.55,10.31,10.38,20573.31,21397.391,0.021640000000000003
2003-01-20,10.4,10.46,10.12,10.35,13951.55,14365.718,0.014675
2003-01-21,10.35,10.44,9.97,9.98,17877.56,18241.041,0.018805000000000002
2003-01-22,9.83,10.13,9.81,10.07,12539.23,12545.477,0.013189
2003-01-23,10.0,10.28,9.88,9.88,8323.78,8339.284,0.008754999999999999
2003-01-24,9.84,10.08,9.76,10.06,8535.14,8475.479,0.008978
2003-01-27,10.1,10.24,10.07,10.19,9282.64,9443.25,0.009764
2003-01-28,10.18,10.22,10.08,10.2,5925.14,6013.138,0.006232
2003-01-29,10.24,10.24,10.12,10.13,6685.81,6804.858,0.007033
2003-02-10,10.1,10.17,9.8,9.85,4501.0,4462.741,0.0047339999999999995
2003-02-11,9.83,9.97,9.8,9.96,2688.32,2667.405,0.002828
2003-02-12,9.98,10.28,9.85,10.27,7931.38,8019.255,0.008343
2003-02-13,10.26,10.42,10.1,10.12,11857.32,12199.33,0.012472
2003-02-14,10.14,11.13,10.11,11.13,114953.46,126315.562,0.120915
2003-02-17,11.12,11.18,10.78,10.9,70421.0,76916.345,0.074073
2003-02-18,10.9,11.29,10.72,11.01,60968.8,67360.052,0.06413
2003-02-19,11.01,11.07,10.85,11.05,17762.46,19400.106,0.018684
2003-02-20,11.01,11.06,10.79,10.8,18691.0,20424.92,0.01966
2003-02-21,10.74,10.78,10.46,10.47,26864.45,28474.772,0.028258000000000002
2003-02-24,10.4,10.58,10.35,10.43,11130.37,11646.109,0.011708000000000001
2003-02-25,10.45,10.88,10.41,10.85,22873.3,24499.503,0.024059
2003-02-26,10.8,10.95,10.78,10.87,16421.37,17840.823,0.017273
2003-02-27,10.87,10.99,10.7,10.72,10535.31,11397.988,0.011082000000000002
2003-02-28,10.72,10.98,10.7,10.84,10682.06,11559.762,0.011236
2003-03-03,10.86,11.15,10.86,11.06,16352.64,18011.443,0.017201
2003-03-04,11.08,11.09,10.9,11.0,9586.91,10522.287,0.010084
2003-03-05,11.0,11.05,10.78,10.89,7541.75,8193.06,0.007933
2003-03-06,10.81,10.89,10.55,10.6,12371.61,13178.252,0.013012999999999999
2003-03-07,10.55,10.68,10.51,10.56,6488.35,6858.627,0.006825
2003-03-10,10.6,10.6,10.13,10.14,12154.0,12489.698,0.012784
2003-03-11,10.11,10.25,10.07,10.18,5121.79,5207.171,0.005386999999999999
2003-03-12,10.15,10.24,9.98,10.2,7083.4,7141.629,0.007451
2003-03-13,10.22,10.28,10.05,10.05,5174.88,5255.325,0.005443
2003-03-14,10.04,10.2,10.0,10.08,3541.36,3575.562,0.003725
2003-03-17,10.01,10.08,9.78,9.92,6755.78,6691.4,0.007106
2003-03-18,9.99,10.3,9.92,10.0,6953.04,7033.98,0.007314
2003-03-19,10.0,10.18,9.9,10.02,4392.68,4397.137,0.00462
2003-03-20,10.15,10.15,9.95,9.95,3995.4,4004.464,0.004203
2003-03-21,9.97,10.03,9.84,10.01,5920.08,5902.277,0.006227
2003-03-24,10.0,10.09,9.88,9.96,4192.86,4169.299,0.00441
2003-03-25,9.96,9.96,9.7,9.7,6994.87,6860.423,0.007358
2003-03-26,9.68,9.72,9.41,9.42,7369.29,7013.63,0.007751
2003-03-27,9.41,9.92,9.38,9.85,9723.98,9400.862,0.010228
2003-03-28,9.85,10.05,9.73,9.8,11403.27,11274.038,0.011995
2003-03-31,9.6,9.69,9.36,9.56,21119.78,20089.574,0.022215
2003-04-01,9.56,9.75,9.55,9.67,10813.98,10424.63,0.011375
2003-04-02,9.7,9.75,9.55,9.59,6620.19,6380.229,0.0069630000000000004
2003-04-03,9.59,9.74,9.55,9.67,6359.81,6143.479,0.006690000000000001
2003-04-04,9.67,9.78,9.6,9.75,5608.88,5441.721,0.0059
2003-04-07,9.73,9.79,9.45,9.45,8287.85,7979.773,0.008718
2003-04-08,9.45,9.54,9.13,9.18,13610.24,12715.145,0.014316
2003-04-09,9.18,9.36,9.13,9.31,11572.29,10683.153,0.012172
2003-04-10,9.32,9.39,8.85,9.25,21120.64,19222.708,0.022216
2003-04-11,9.23,9.4,9.06,9.39,21847.58,20003.951,0.022980999999999998
2003-04-14,9.79,10.28,9.79,10.25,73212.01,73901.156,0.077009
2003-04-15,10.25,10.38,10.05,10.13,27343.63,27822.615,0.028762
2003-04-16,10.19,10.24,9.72,9.79,21748.72,21832.171,0.022877
2003-04-17,9.79,10.25,9.73,10.08,19321.63,19400.51,0.020324
2003-04-18,10.1,10.22,9.9,9.93,10788.42,10764.278,0.011348
2003-04-21,9.76,9.89,9.48,9.58,10780.31,10346.965,0.011338999999999998
2003-04-22,9.65,9.65,9.41,9.48,5190.8,4921.674,0.0054600000000000004
2003-04-23,9.43,9.5,9.28,9.29,7691.7,7195.516,0.008091000000000001
2003-04-24,9.25,9.29,9.04,9.16,8615.25,7884.9,0.009062
2003-04-25,9.15,9.3,9.04,9.08,4113.2,3757.458,0.004326
2003-04-28,9.05,9.24,8.72,9.21,10230.03,9132.407,0.010761
2003-04-29,8.55,8.9,8.55,8.59,16160.59,13945.481,0.016999
2003-04-30,8.59,8.7,8.0,8.18,15784.98,13114.531,0.016604
2003-05-12,8.25,8.3,7.62,7.65,10013.0,7922.122,0.010532
2003-05-13,7.6,7.6,6.95,7.15,25689.18,18233.148,0.027021000000000003
2003-05-14,7.25,7.71,7.21,7.59,26973.67,20281.076,0.028372
2003-05-15,7.5,8.2,7.3,7.99,32105.83,24965.587,0.033771
2003-05-16,7.95,7.98,7.7,7.83,15726.6,12260.915,0.016541999999999998
2003-05-19,7.89,8.08,7.78,7.94,11772.55,9360.886,0.012383
2003-05-20,7.96,7.96,7.68,7.69,8053.0,6249.323,0.008471
2003-05-21,7.61,7.95,7.61,7.74,5768.77,4484.7,0.0060680000000000005
2003-05-22,7.74,7.77,7.6,7.68,4763.18,3649.564,0.00501
2003-05-23,7.7,7.95,7.7,7.82,9257.04,7237.435,0.009737
2003-05-26,7.94,7.94,7.8,7.84,5910.64,4642.995,0.006217
2003-05-27,7.86,8.26,7.81,8.2,24156.78,19580.001,0.025409
2003-05-28,8.19,8.2,8.02,8.04,11378.07,9208.784,0.011968000000000001
2003-05-29,8.0,8.31,7.98,8.27,15040.44,12355.665,0.01582
2003-05-30,8.4,8.43,8.28,8.37,20419.34,17085.08,0.021478
2003-06-02,8.42,8.5,8.31,8.39,13992.83,11763.388,0.014718
2003-06-03,8.35,8.4,8.1,8.16,13061.69,10694.537,0.013739
2003-06-04,8.14,8.33,8.1,8.33,9035.76,7391.592,0.009504
2003-06-05,8.4,8.5,8.22,8.37,13984.83,11721.797,0.01471
2003-06-06,8.42,8.58,8.28,8.3,25916.36,21994.268,0.02726
2003-06-09,8.16,8.24,7.7,7.79,14393.55,11414.655,0.01514
2003-06-10,7.77,7.97,7.71,7.8,6029.89,4715.729,0.006343
2003-06-11,7.87,7.95,7.78,7.94,7259.0,5703.352,0.007634999999999999
2003-06-12,7.95,7.98,7.8,7.85,3892.0,3057.072,0.0040939999999999995
2003-06-13,7.81,7.95,7.81,7.92,3525.09,2786.339,0.0037080000000000004
2003-06-16,7.95,7.96,7.79,7.87,4636.09,3627.811,0.004877
2003-06-17,7.82,7.93,7.82,7.85,2528.0,1987.115,0.0026590000000000003
2003-06-18,7.85,7.96,7.84,7.88,2840.0,2245.215,0.002987
2003-06-19,7.88,7.89,7.65,7.71,5003.0,3860.503,0.005262
2003-06-20,7.7,7.75,7.62,7.64,3136.4,2407.493,0.0032990000000000003
2003-06-23,7.64,7.64,7.38,7.42,4215.01,3141.35,0.0044340000000000004
2003-06-24,7.42,7.57,7.42,7.56,3200.9,2400.696,0.003367
2003-06-25,7.58,7.59,7.35,7.41,4614.15,3463.263,0.004853
2003-06-26,7.48,7.8,7.42,7.67,8272.8,6283.467,0.008702
2003-06-27,7.68,7.7,7.48,7.49,4385.0,3315.661,0.004612
2003-06-30,7.49,7.65,7.36,7.58,9192.4,6965.745,0.009669
2003-07-01,7.68,7.77,7.42,7.43,10131.5,7707.65,0.010657000000000002
2003-07-02,7.4,7.43,7.06,7.24,9952.22,7185.129,0.010468
2003-07-03,7.3,7.3,7.15,7.3,5110.1,3697.577,0.005375
2003-07-04,7.28,7.37,7.17,7.25,3684.01,2669.03,0.003875
2003-07-07,7.2,7.23,7.11,7.15,3443.0,2467.372,0.0036220000000000002
2003-07-08,7.17,7.55,7.17,7.49,18472.39,13714.678,0.01943
2003-07-09,7.48,7.61,7.42,7.52,12659.7,9521.719,0.013316
2003-07-10,7.57,7.62,7.45,7.55,7016.6,5295.826,0.00738
2003-07-11,7.56,7.67,7.52,7.56,5992.26,4542.032,0.006303
2003-07-14,7.28,7.56,7.1,7.53,11182.95,8221.299,0.011763
2003-07-15,7.5,7.8,7.36,7.8,21584.85,16532.204,0.022704
2003-07-16,7.8,8.05,7.71,8.03,29317.17,23246.137,0.030837
2003-07-17,8.12,8.14,7.93,7.99,15349.3,12257.284,0.016145
2003-07-18,8.07,8.09,7.72,7.96,18938.75,15057.448,0.019921
2003-07-21,7.96,8.09,7.77,8.06,15248.21,12093.219,0.016039
2003-07-22,8.23,8.3,8.07,8.23,33943.06,27661.949,0.035703
2003-07-23,8.23,8.38,8.14,8.3,19955.43,16510.065,0.02099
2003-07-24,8.32,8.33,8.2,8.22,12919.67,10670.477,0.01359
2003-07-25,8.14,8.3,8.04,8.13,15127.19,12313.723,0.015912
2003-07-28,8.0,8.12,7.93,8.07,8601.5,6905.88,0.009048
2003-07-29,8.07,8.13,8.01,8.09,4518.1,3648.553,0.004752
2003-07-30,8.09,8.25,8.0,8.08,5007.8,4048.605,0.005266999999999999
2003-08-01,8.1,8.21,7.9,8.2,6496.98,5286.821,0.006834
2003-08-04,8.15,8.34,8.15,8.33,9399.61,7786.771,0.009887
2003-08-05,8.35,8.42,8.12,8.28,20628.61,17041.866,0.021698
2003-08-06,8.31,8.37,8.16,8.21,51937.92,43047.497,0.054631
2003-08-07,8.16,8.19,7.71,7.73,48405.96,38247.734,0.050915999999999996
2003-08-08,7.3,7.99,7.3,7.65,24482.71,19161.54,0.025752
2003-08-11,7.53,7.6,7.35,7.52,11204.64,8349.805,0.011786000000000001
2003-08-12,7.52,7.62,7.4,7.57,7026.21,5287.66,0.007391
2003-08-13,7.58,7.58,7.37,7.42,6192.53,4617.099,0.006514
2003-08-14,7.43,7.59,7.23,7.43,9992.58,7448.161,0.010511
2003-08-15,7.36,7.54,7.33,7.42,5355.3,3986.398,0.005633
2003-08-18,7.4,7.43,7.31,7.32,4887.92,3590.191,0.005141
2003-08-19,7.32,7.42,7.26,7.34,4395.62,3210.661,0.004624
2003-08-20,7.31,7.36,7.13,7.27,6370.25,4597.309,0.006701
2003-08-21,7.24,7.32,7.17,7.23,2692.4,1948.922,0.002832
2003-08-22,7.23,7.35,7.2,7.28,4024.85,2931.843,0.004234
2003-08-25,7.21,7.29,7.15,7.18,4070.75,2930.844,0.004282
2003-08-26,7.29,7.58,7.24,7.45,19154.59,14272.235,0.020148000000000003
2003-08-27,7.4,7.48,7.38,7.39,4978.5,3692.97,0.005237
2003-08-28,7.38,7.39,7.21,7.21,4823.1,3518.613,0.005072999999999999
2003-08-29,7.21,7.25,7.13,7.24,5321.69,3820.194,0.005598
2003-09-01,7.26,7.38,7.19,7.38,4438.54,3235.053,0.0046689999999999995
2003-09-02,7.39,7.56,7.33,7.43,7435.86,5549.243,0.007821
2003-09-03,7.43,7.43,7.26,7.3,4155.55,3041.949,0.004371
2003-09-04,7.3,7.44,7.3,7.38,3401.25,2504.4,0.003578
2003-09-05,7.36,7.36,7.18,7.23,3954.5,2864.126,0.00416
2003-09-08,7.2,7.2,7.1,7.12,4425.17,3159.602,0.004655
2003-09-09,7.1,7.19,7.1,7.14,2515.91,1793.487,0.002646
2003-09-10,7.15,7.18,7.07,7.16,3335.5,2373.633,0.003508
2003-09-11,7.18,7.18,7.08,7.09,1654.0,1178.085,0.0017399999999999998
2003-09-12,7.1,7.1,6.81,6.83,7290.96,5045.091,0.0076690000000000005
2003-09-15,6.95,6.95,6.4,6.54,6063.39,3980.783,0.006378
2003-09-16,6.53,6.74,6.41,6.66,5109.46,3349.361,0.005374
2003-09-17,6.64,6.65,6.45,6.47,3093.0,2013.911,0.003253
2003-09-18,6.41,6.54,6.37,6.51,4411.4,2848.411,0.00464
2003-09-19,6.6,6.8,6.6,6.72,10482.34,7039.368,0.011026000000000001
2003-09-22,6.65,6.75,6.64,6.65,2062.0,1377.931,0.002169
2003-09-23,6.65,6.69,6.54,6.68,2304.0,1521.807,0.002423
2003-09-24,6.68,6.74,6.61,6.71,3758.69,2512.471,0.003954
2003-09-25,6.71,6.71,6.65,6.67,2706.42,1807.072,0.002847
2003-09-26,6.61,6.73,6.58,6.71,3884.39,2591.888,0.004086
2003-09-29,6.78,6.8,6.53,6.53,3751.99,2484.072,0.003947
2003-09-30,6.55,6.68,6.5,6.63,3579.0,2344.413,0.003765
2003-10-08,6.7,6.7,6.54,6.67,2583.5,1714.474,0.002717
2003-10-09,6.7,6.78,6.66,6.76,6893.61,4637.601,0.007251
2003-10-10,6.8,6.98,6.68,6.8,15281.58,10454.527,0.016073999999999998
2003-10-13,6.84,6.92,6.75,6.78,4590.73,3140.901,0.004829
2003-10-14,6.78,6.78,6.6,6.61,3286.98,2189.352,0.003457
2003-10-15,6.61,6.72,6.52,6.59,3211.72,2121.137,0.003378
2003-10-16,6.55,6.58,6.39,6.4,4059.06,2623.509,0.0042699999999999995
2003-10-17,6.35,6.45,6.3,6.37,1971.19,1256.806,0.002073
2003-10-20,6.33,6.38,6.16,6.18,3277.06,2052.901,0.003447
2003-10-21,6.18,6.18,5.96,6.06,5083.6,3084.643,0.005346999999999999
2003-10-22,6.06,6.25,6.06,6.2,6832.55,4213.732,0.007187
2003-10-23,6.24,6.45,6.2,6.27,8868.3,5609.212,0.009328
2003-10-24,6.3,6.38,6.25,6.3,9416.06,5936.664,0.009904
2003-10-27,6.32,6.32,6.03,6.05,4923.01,3002.242,0.005178
2003-10-28,5.98,6.09,5.45,5.57,9780.61,5596.366,0.010287999999999999
2003-10-29,5.57,5.66,5.32,5.37,5804.77,3163.307,0.006106
2003-10-30,5.32,5.49,5.32,5.32,3685.23,1984.758,0.003876
2003-10-31,5.18,5.58,5.0,5.25,2993.5,1603.303,0.0031490000000000003
2003-11-03,5.25,5.25,5.04,5.12,5471.06,2803.099,0.005755
2003-11-04,5.12,5.23,5.08,5.17,15263.24,7875.385,0.016055
2003-11-05,4.72,5.15,4.72,4.78,15607.66,7530.189,0.016417
2003-11-07,4.58,5.17,4.35,4.98,27682.37,13159.055,0.029117999999999998
2003-11-10,4.78,4.9,4.63,4.79,11319.08,5410.346,0.011906000000000002
2003-11-11,4.8,4.99,4.79,4.92,10543.99,5193.87,0.011091
2003-11-12,4.92,4.93,4.6,4.75,5390.0,2594.285,0.00567
2003-11-13,4.75,5.03,4.72,4.95,11737.77,5776.614,0.012346
2003-11-14,4.95,5.22,4.95,5.13,20804.35,10647.733,0.021883
2003-11-17,5.14,5.15,5.0,5.04,7413.39,3736.695,0.007798
2003-11-18,4.98,5.03,4.85,4.86,5347.0,2636.973,0.0056240000000000005
2003-11-19,4.85,5.2,4.85,5.14,16744.26,8570.474,0.017613
2003-11-20,5.14,5.59,5.13,5.55,35103.63,19066.44,0.036924
2003-11-21,5.55,5.86,5.3,5.31,29058.41,16062.92,0.030565000000000002
2003-11-24,5.31,5.5,5.16,5.44,14931.81,8031.285,0.015706
2003-11-25,5.41,5.72,5.29,5.56,29494.04,16345.892,0.031024
2003-11-26,5.56,5.86,5.48,5.75,24895.67,14146.344,0.026187000000000002
2003-11-27,5.5,5.63,5.28,5.3,23905.07,12868.287,0.025145
2003-11-28,5.3,5.37,5.16,5.23,13113.75,6880.817,0.013793999999999999
2003-12-01,5.23,5.54,5.23,5.53,15071.71,8130.412,0.015853
2003-12-02,5.6,5.67,5.41,5.45,15348.13,8475.377,0.016144000000000002
2003-12-03,5.41,5.48,5.32,5.39,8158.93,4405.443,0.008582
2003-12-04,5.38,5.49,5.34,5.46,8563.43,4623.761,0.009008
2003-12-05,5.49,5.7,5.49,5.6,20366.38,11433.175,0.021423
2003-12-08,5.62,5.7,5.45,5.48,8041.19,4455.583,0.008458
2003-12-09,5.43,5.59,5.37,5.59,8708.18,4776.75,0.00916
2003-12-10,5.67,6.1,5.59,6.03,60207.71,35366.153,0.06333
2003-12-11,5.99,6.17,5.82,5.96,35755.95,21448.58,0.037610000000000005
2003-12-12,5.89,5.96,5.78,5.82,13083.6,7633.253,0.013762000000000002
2003-12-15,5.8,5.99,5.79,5.82,8778.2,5177.5,0.009233
2003-12-16,5.83,5.83,5.56,5.62,12985.31,7318.697,0.013659
2003-12-17,5.64,5.68,5.41,5.42,15856.85,8754.443,0.016679
2003-12-18,5.36,5.46,5.1,5.19,13811.0,7288.824,0.014527000000000002
2003-12-19,5.22,5.31,4.67,4.81,21448.74,10565.295,0.022561
2003-12-22,4.7,5.12,4.49,5.06,18737.6,8928.846,0.019709
2003-12-23,4.98,5.23,4.91,5.11,14550.04,7448.632,0.015305
2003-12-24,5.1,5.1,4.99,5.02,8236.46,4142.029,0.008664
2003-12-25,5.0,5.03,4.91,4.96,7570.43,3760.997,0.007963
2003-12-26,4.91,5.08,4.91,5.0,4675.21,2332.723,0.0049180000000000005
2003-12-29,4.96,5.04,4.83,4.88,6174.0,3028.655,0.006494
2003-12-30,4.88,5.0,4.85,4.91,3783.75,1851.279,0.00398
2003-12-31,4.91,4.91,4.72,4.74,5380.0,2578.638,0.005659
2004-01-02,4.73,4.92,4.71,4.75,4207.25,2013.963,0.004425
2004-01-05,4.74,4.83,4.55,4.78,14194.32,6585.97,0.01493
2004-01-06,4.79,4.8,4.6,4.63,11070.99,5134.595,0.011645
2004-01-07,4.65,4.78,4.5,4.62,12735.36,5865.293,0.013395999999999998
2004-01-08,4.62,4.9,4.6,4.78,17823.63,8472.954,0.018748
2004-01-09,4.79,5.04,4.75,4.83,17966.14,8781.055,0.018897999999999998
2004-01-12,4.84,5.0,4.8,4.9,7678.58,3745.751,0.008076999999999999
2004-01-13,4.9,5.03,4.88,5.0,12466.92,6196.331,0.013113
2004-01-14,5.0,5.1,4.96,5.0,10321.83,5169.809,0.010857
2004-01-15,5.05,5.33,5.05,5.15,25206.86,13127.218,0.026514000000000003
2004-01-16,5.15,5.23,5.03,5.16,16211.02,8336.792,0.017052
2004-01-29,5.18,5.48,5.18,5.47,17687.95,9486.279,0.018605
2004-01-30,5.5,5.54,5.31,5.31,17155.05,9276.882,0.018045
2004-02-02,5.32,5.62,5.25,5.61,22504.78,12310.13,0.023672
2004-02-03,5.62,5.8,5.51,5.77,25870.05,14743.755,0.027212
2004-02-04,5.78,5.84,5.63,5.78,20369.73,11713.339,0.021425999999999997
2004-02-05,5.8,6.25,5.71,6.18,48176.41,28996.465,0.050675
2004-02-06,6.19,6.27,6.0,6.03,31026.74,18921.234,0.032636
2004-02-09,6.02,6.12,5.95,6.12,20532.41,12375.942,0.021596999999999998
2004-02-10,6.09,6.28,6.06,6.16,21609.34,13353.548,0.02273
2004-02-11,6.18,6.46,6.17,6.4,30801.14,19523.762,0.032397999999999996
2004-02-12,6.41,6.75,6.41,6.57,38884.1,25623.478,0.04090099999999999
2004-02-13,6.57,6.57,6.22,6.23,22301.0,14200.807,0.023457
2004-02-16,6.15,6.4,5.84,6.29,40379.28,24704.713,0.042473000000000004
2004-02-17,6.2,6.37,6.17,6.33,25851.2,16241.53,0.027191999999999997
2004-02-18,6.35,6.5,6.25,6.31,19122.84,12174.672,0.020114
2004-02-19,6.3,6.51,6.11,6.5,44447.68,28112.015,0.046753
2004-02-20,6.56,6.75,6.36,6.64,42977.6,28327.698,0.045205999999999996
2004-02-23,6.7,6.85,6.56,6.59,37041.9,24842.167,0.038963
2004-02-24,6.59,6.73,6.3,6.7,36250.78,23632.269,0.038131
2004-02-25,6.75,6.96,6.47,6.48,68008.73,46358.817,0.071535
2004-02-26,6.4,6.43,6.0,6.13,28917.75,18055.92,0.030417
2004-02-27,6.12,6.25,6.08,6.23,12525.62,7714.209,0.013175
2004-03-01,6.21,6.3,6.1,6.28,10229.9,6367.14,0.01076
2004-03-02,6.27,6.5,6.15,6.38,15336.9,9659.535,0.016132
2004-03-03,6.38,6.38,6.14,6.15,8224.06,5122.573,0.008650999999999999
2004-03-04,6.15,6.37,6.1,6.35,13115.32,8203.102,0.013795
2004-03-05,6.38,6.41,6.21,6.21,9150.0,5765.67,0.009624
2004-03-08,6.18,6.25,5.95,5.96,8080.3,4917.318,0.008499
2004-03-09,5.93,6.03,5.81,5.94,10923.19,6481.715,0.01149
2004-03-10,5.97,6.23,5.89,6.22,8733.29,5262.401,0.009186
2004-03-11,6.22,6.28,6.13,6.21,18927.51,11724.216,0.019909
2004-03-12,6.3,6.73,6.3,6.5,83434.93,54564.4,0.08776199999999999
2004-03-15,6.45,6.59,6.35,6.53,23569.96,15265.907,0.024792
2004-03-16,6.52,6.55,6.41,6.49,14106.26,9108.067,0.014838
2004-03-17,6.47,6.47,6.33,6.43,12250.53,7828.226,0.012886
2004-03-18,6.4,6.4,6.2,6.23,14133.96,8938.981,0.014866999999999998
2004-03-19,6.2,6.35,6.15,6.3,10338.41,6467.365,0.010875
2004-03-22,6.25,6.41,6.24,6.39,9323.14,5913.119,0.009807
2004-03-23,6.39,6.52,6.31,6.46,16549.59,10685.315,0.017408
2004-03-24,6.48,6.52,6.25,6.3,12418.1,7915.873,0.013062
2004-03-25,6.3,6.39,6.25,6.34,5269.3,3335.126,0.005543
2004-03-26,6.34,6.36,6.2,6.23,8350.07,5216.576,0.008783
2004-03-29,6.24,6.24,6.06,6.06,13760.42,8429.441,0.014474
2004-03-30,6.06,6.14,6.05,6.1,7237.34,4405.563,0.007613
2004-03-31,5.94,6.3,5.9,6.26,19635.26,12161.348,0.020653
2004-04-01,6.25,6.25,6.15,6.2,12870.91,7962.576,0.013538
2004-04-02,6.2,6.2,6.1,6.15,17266.37,10595.194,0.018162
2004-04-05,6.15,6.24,6.06,6.21,14875.92,9095.133,0.015647
2004-04-06,6.21,6.36,6.16,6.35,16815.57,10551.177,0.017688
2004-04-07,6.33,6.37,6.26,6.3,13181.6,8318.822,0.013865
2004-04-08,6.35,6.36,6.2,6.22,12870.1,8109.895,0.013538
2004-04-09,6.26,6.27,6.09,6.19,16150.09,9940.55,0.016988
2004-04-12,6.19,6.44,6.12,6.42,36795.58,23341.466,0.038704
2004-04-13,6.48,6.66,6.4,6.42,86016.94,56409.022,0.090478
2004-04-14,6.4,6.4,6.11,6.15,18379.45,11443.982,0.019333
2004-04-15,6.12,6.22,6.1,6.11,10851.46,6657.378,0.011414
2004-04-16,6.1,6.14,5.5,5.75,30823.43,17601.066,0.032422
2004-04-19,5.65,5.69,5.32,5.34,15960.67,8694.676,0.016788
2004-04-20,5.28,5.45,5.2,5.37,7808.99,4159.907,0.008214
2004-04-21,5.37,5.59,5.37,5.45,6255.55,3408.706,0.00658
2004-04-22,5.43,5.53,5.38,5.5,5672.08,3089.403,0.005966
2004-04-23,5.55,5.55,5.23,5.24,6966.2,3709.88,0.007327
2004-04-26,5.24,5.35,5.18,5.2,5090.27,2667.523,0.005354
2004-04-27,5.29,5.29,5.0,5.04,7222.91,3726.2,0.0075970000000000005
2004-04-28,5.06,5.21,5.04,5.19,6616.38,3406.836,0.006959
2004-04-29,5.15,5.31,5.15,5.21,6858.3,3590.671,0.007214000000000001
2004-04-30,5.22,5.32,5.18,5.26,3701.9,1943.01,0.0038940000000000003
2004-05-10,5.28,5.28,5.1,5.11,2899.1,1496.783,0.003049
2004-05-11,5.1,5.25,5.07,5.21,2075.76,1074.112,0.002183
2004-05-12,5.2,5.36,5.2,5.35,4711.33,2503.241,0.0049559999999999995
2004-05-13,5.35,5.4,5.3,5.38,4836.84,2586.959,0.0050880000000000005
2004-05-14,5.38,5.59,5.29,5.5,14785.22,8066.467,0.015552
2004-05-17,5.5,5.51,5.36,5.46,8990.49,4896.021,0.009457
2004-05-18,5.45,5.57,5.36,5.56,6834.74,3731.35,0.007189
2004-05-19,5.56,5.63,5.46,5.56,10798.07,6007.878,0.011358
2004-05-21,5.57,5.7,5.49,5.68,14315.4,8026.026,0.015058
2004-05-24,5.71,5.74,5.55,5.58,18104.04,10235.101,0.019043
2004-05-25,5.54,5.55,5.3,5.32,6131.0,3297.032,0.006449
2004-05-26,5.28,5.45,5.27,5.4,3413.82,1834.968,0.0035909999999999996
2004-05-27,5.41,5.7,5.34,5.69,13789.67,7748.99,0.014504999999999999
2004-05-28,5.68,5.68,5.57,5.59,6153.0,3443.993,0.006472
2004-05-31,5.58,5.66,5.5,5.61,3974.8,2211.257,0.004181000000000001
2004-06-01,5.61,5.74,5.56,5.7,9760.67,5523.76,0.010267
2004-06-02,5.7,5.81,5.55,5.8,9357.7,5297.356,0.009843
2004-06-03,5.86,5.96,5.71,5.77,25302.64,14767.817,0.026615000000000003
2004-06-04,5.7,5.95,5.66,5.81,14154.33,8276.728,0.014887999999999998
2004-06-07,5.79,5.81,5.62,5.7,4793.14,2723.313,0.005042
2004-06-08,5.66,5.7,5.46,5.48,4630.5,2573.086,0.0048709999999999995
2004-06-09,5.46,5.53,5.2,5.24,4885.5,2627.444,0.005139
2004-06-10,5.2,5.3,5.12,5.17,5140.5,2661.274,0.0054069999999999995
2004-06-11,5.22,5.35,5.18,5.19,3447.44,1814.564,0.003626
2004-06-14,5.19,5.2,4.96,5.01,4403.55,2221.594,0.004632
2004-06-15,5.0,5.14,4.95,5.1,3505.49,1769.222,0.003687
2004-06-16,5.12,5.2,5.05,5.18,3850.09,1971.102,0.004050000000000001
2004-06-17,5.12,5.18,5.05,5.06,2403.8,1225.394,0.0025280000000000003
2004-06-18,5.06,5.18,5.0,5.15,3823.43,1953.575,0.004022
2004-06-21,5.25,5.28,5.1,5.24,3303.31,1724.886,0.003475
2004-06-22,5.2,5.38,5.2,5.3,5024.92,2668.488,0.005285
2004-06-23,5.3,5.3,5.08,5.16,3282.0,1694.981,0.003452
2004-06-24,5.2,5.2,5.1,5.11,3218.67,1651.482,0.003386
2004-06-25,5.11,5.13,5.01,5.11,4974.0,2521.566,0.005232
2004-06-28,5.19,5.62,5.19,5.62,48007.44,26515.693,0.05049699999999999
2004-06-29,5.68,5.98,5.43,5.86,66465.71,37877.938,0.069912
2004-06-30,5.73,5.83,5.64,5.65,30596.81,17478.404,0.032183
2004-07-01,5.64,5.97,5.6,5.94,42726.34,24860.583,0.044942
2004-07-02,5.93,5.98,5.75,5.88,29515.01,17270.942,0.031046
2004-07-05,5.82,5.92,5.66,5.9,18020.6,10422.227,0.018955
2004-07-06,5.88,6.05,5.8,5.82,26889.12,15884.288,0.028283999999999997
2004-07-07,5.8,6.02,5.7,5.99,23456.87,13819.455,0.024672999999999997
2004-07-08,5.95,6.0,5.86,5.89,15183.55,8996.941,0.015971
2004-07-09,5.88,6.0,5.68,5.72,21196.77,12345.762,0.022296
2004-07-12,5.6,5.77,5.54,5.63,15635.95,8838.18,0.016447
2004-07-13,5.63,5.9,5.6,5.82,21447.04,12467.185,0.022559
2004-07-14,5.78,6.0,5.7,5.99,29329.39,17274.731,0.03085
2004-07-15,5.99,6.08,5.91,6.04,28354.05,17045.587,0.029824000000000003
2004-07-16,6.05,6.29,5.96,6.17,45174.18,27812.587,0.047517
2004-07-19,6.17,6.2,6.1,6.16,18012.58,11081.522,0.018947000000000002
2004-07-20,6.17,6.33,6.02,6.03,25146.26,15550.599,0.02645
2004-07-21,6.01,6.19,5.95,6.18,18911.78,11445.146,0.019892
2004-07-22,6.19,6.21,5.88,5.92,20698.5,12523.029,0.021772
2004-07-23,5.92,6.09,5.8,6.05,15282.57,9117.976,0.016075
2004-07-26,5.93,6.04,5.75,5.92,12194.26,7169.758,0.012827
2004-07-27,5.9,5.98,5.68,5.74,12761.42,7410.974,0.013423000000000001
2004-07-28,5.8,5.91,5.72,5.88,8997.6,5237.501,0.009464
2004-07-29,5.83,6.08,5.82,6.07,14995.87,8959.362,0.015774
2004-07-30,6.07,6.14,5.91,5.91,13577.78,8160.082,0.014282
2004-08-02,5.83,6.09,5.81,5.99,9464.91,5646.005,0.009956
2004-08-03,6.0,6.18,6.0,6.16,22444.7,13740.504,0.023609
2004-08-04,6.12,6.25,6.09,6.23,24444.33,15150.513,0.025712000000000002
2004-08-05,6.19,6.2,6.08,6.1,11484.2,7037.919,0.01208
2004-08-06,6.09,6.15,5.92,5.99,10848.99,6533.562,0.011412
2004-08-09,5.92,5.98,5.82,5.85,9349.04,5494.322,0.009834
2004-08-10,5.87,5.99,5.85,5.98,6018.52,3574.625,0.006331
2004-08-11,5.95,6.01,5.73,5.77,7924.18,4628.156,0.008335
2004-08-12,5.7,5.81,5.69,5.78,7191.73,4135.423,0.007565
2004-08-13,5.78,5.9,5.77,5.78,5524.0,3208.483,0.005809999999999999
2004-08-16,5.83,5.83,5.2,5.2,24420.31,12847.457,0.025687
2004-08-17,5.13,5.25,5.05,5.23,9262.37,4791.192,0.009743
2004-08-18,5.29,5.75,5.29,5.48,32324.28,18111.48,0.034001
2004-08-19,5.43,5.43,5.08,5.27,13866.34,7307.354,0.014584999999999999
2004-08-20,5.15,5.42,5.15,5.35,6421.21,3397.189,0.006754
2004-08-23,5.28,5.36,5.23,5.26,3718.59,1971.741,0.003911
2004-08-24,5.2,5.45,5.18,5.41,8773.0,4708.843,0.009228
2004-08-25,5.37,5.47,5.31,5.34,5711.2,3068.47,0.006007
2004-08-26,5.3,5.34,5.24,5.26,3205.96,1693.05,0.003372
2004-08-27,5.28,5.3,5.08,5.14,5180.44,2681.769,0.005449000000000001
2004-08-30,5.08,5.24,5.05,5.24,3157.35,1624.784,0.003321
2004-08-31,5.35,5.48,5.3,5.34,10485.21,5646.709,0.011029
2004-09-01,5.35,5.35,5.18,5.19,3548.4,1863.276,0.0037319999999999996
2004-09-02,5.15,5.33,5.1,5.33,3714.37,1946.802,0.003907
2004-09-03,5.35,5.39,5.26,5.28,3927.0,2093.394,0.004131
2004-09-06,5.29,5.33,5.22,5.28,2082.8,1097.016,0.002191
2004-09-07,5.29,5.33,5.24,5.3,1689.46,891.926,0.001777
2004-09-08,5.35,5.36,5.24,5.33,4846.0,2576.09,0.005097000000000001
2004-09-09,5.3,5.33,5.1,5.13,5125.2,2656.343,0.005391
2004-09-10,5.15,5.18,5.05,5.15,4534.11,2315.492,0.004769
2004-09-13,5.1,5.11,4.64,4.75,11927.21,5771.041,0.012546
2004-09-14,4.8,5.1,4.8,4.9,12117.07,5989.023,0.012745
2004-09-15,4.89,5.28,4.86,5.25,19469.3,10059.267,0.020478999999999997
2004-09-16,5.53,5.53,5.25,5.35,13693.46,7293.694,0.014403999999999998
2004-09-17,5.35,5.54,5.24,5.53,22020.22,11979.192,0.023162
2004-09-20,5.58,5.83,5.48,5.82,30566.45,17319.263,0.032152
2004-09-21,5.8,6.04,5.65,5.89,38226.45,22581.281,0.040209
2004-09-22,5.89,6.02,5.68,5.69,20895.7,12141.753,0.021979000000000002
2004-09-23,5.7,6.26,5.65,6.14,50480.33,30374.48,0.053098
2004-09-24,6.14,6.45,5.87,5.88,60288.93,37347.258,0.063415
2004-09-27,5.96,6.14,5.81,5.9,19712.75,11772.502,0.020735
2004-09-28,5.95,5.98,5.78,5.9,10868.8,6383.79,0.011432
2004-09-29,5.9,6.03,5.84,5.93,8694.16,5160.578,0.009145
2004-09-30,5.91,5.93,5.53,5.64,14139.41,8060.933,0.014873
2004-10-08,5.64,5.98,5.64,5.94,8168.62,4711.06,0.008591999999999999
2004-10-11,5.94,6.28,5.9,6.05,25631.92,15666.486,0.026961
2004-10-12,6.0,6.15,5.95,5.99,11567.19,6966.416,0.012166999999999999
2004-10-13,6.0,6.19,5.85,6.15,16184.39,9736.463,0.017023999999999997
2004-10-14,6.17,6.2,5.62,5.69,19772.97,11652.429,0.020798
2004-10-15,5.6,5.88,5.56,5.69,11660.2,6634.471,0.012265
2004-10-18,5.6,5.85,5.6,5.83,9398.0,5420.869,0.009885
2004-10-19,5.98,6.19,5.9,5.95,32510.38,19703.643,0.034196
2004-10-20,5.9,6.09,5.73,6.09,15395.54,9069.275,0.016194
2004-10-21,6.03,6.25,6.01,6.19,44794.82,27653.399,0.047118
2004-10-22,5.97,5.99,5.57,5.73,42541.35,24569.25,0.044747
2004-10-25,5.81,5.98,5.71,5.82,15707.75,9208.886,0.016522
2004-10-26,5.65,5.8,5.24,5.24,40368.55,21593.968,0.042462
2004-10-27,5.18,5.39,5.15,5.36,15511.73,8228.308,0.016316
2004-10-28,5.2,5.42,5.0,5.18,18580.02,9779.747,0.019544
2004-10-29,5.06,5.32,4.98,5.19,13573.5,7024.897,0.014277
2004-11-01,5.15,5.25,5.15,5.2,5363.0,2790.389,0.005641
2004-11-02,5.18,5.27,5.06,5.23,6483.4,3357.042,0.0068200000000000005
2004-11-03,5.26,5.34,5.18,5.34,7907.27,4177.836,0.008317
2004-11-04,5.34,5.34,5.1,5.13,8664.0,4539.183,0.009113
2004-11-05,5.2,5.25,5.09,5.12,6503.68,3351.963,0.006841000000000001
2004-11-08,5.1,5.2,5.03,5.18,3006.61,1541.921,0.0031630000000000004
2004-11-09,5.13,5.28,5.13,5.2,3274.9,1706.299,0.0034449999999999997
2004-11-10,5.21,5.52,5.2,5.46,19524.98,10549.298,0.020537
2004-11-11,5.58,5.71,5.45,5.45,24025.69,13405.216,0.025272000000000003
2004-11-12,5.45,5.49,5.34,5.42,9200.17,4977.321,0.009677
2004-11-15,5.54,5.54,5.42,5.49,6405.66,3508.189,0.006737999999999999
2004-11-16,5.49,5.52,5.4,5.42,5777.74,3140.088,0.006077
2004-11-17,5.44,5.51,5.4,5.5,7316.15,3985.124,0.007696
2004-11-18,5.46,5.57,5.42,5.56,8196.71,4511.328,0.008622
2004-11-19,5.61,5.61,5.45,5.58,7967.6,4410.907,0.008381
2004-11-22,5.58,5.76,5.54,5.68,17052.98,9679.394,0.017937
2004-11-23,5.68,5.78,5.59,5.77,13396.63,7627.269,0.014091
2004-11-24,5.77,5.78,5.51,5.53,10163.0,5731.773,0.01069
2004-11-25,5.53,5.56,5.4,5.42,5830.02,3183.702,0.006131999999999999
2004-11-26,5.42,5.55,5.42,5.49,3739.4,2051.837,0.003933
2004-11-29,5.45,5.48,5.25,5.35,5998.5,3214.802,0.00631
2004-11-30,5.42,5.89,5.42,5.74,53134.43,30382.256,0.05589
2004-12-01,5.69,5.89,5.62,5.75,30957.76,17859.636,0.032563
2004-12-02,5.7,6.08,5.7,6.08,50675.44,30220.461,0.053303
2004-12-03,6.12,6.21,5.96,5.97,41284.09,25018.089,0.043425000000000005
2004-12-06,5.95,6.19,5.94,6.07,24628.3,14916.178,0.025905
2004-12-07,6.07,6.11,5.76,5.83,26139.87,15384.996,0.027495
2004-12-08,5.9,6.04,5.83,5.97,20179.19,12003.521,0.021226
2004-12-09,5.98,6.06,5.83,6.02,16769.08,10004.154,0.017639000000000002
2004-12-10,6.0,6.3,5.88,6.1,62722.47,38535.054,0.065975
2004-12-13,6.07,6.29,6.0,6.24,57536.64,35675.537,0.06052
2004-12-14,6.21,6.26,5.85,5.9,35267.73,21339.383,0.037097000000000005
2004-12-15,5.91,6.03,5.7,6.03,26370.83,15475.807,0.027738
2004-12-16,5.94,5.98,5.75,5.83,14322.14,8388.182,0.015065
2004-12-17,5.76,5.91,5.76,5.82,7507.54,4384.51,0.007897
2004-12-20,5.8,6.17,5.72,6.11,25064.45,15014.433,0.026364000000000002
2004-12-21,6.1,6.21,6.02,6.16,20746.44,12693.192,0.021821999999999998
2004-12-22,6.16,6.58,6.04,6.42,65097.86,41297.755,0.06847400000000001
2004-12-23,6.4,6.55,6.26,6.32,49891.34,31987.507,0.052479
2004-12-24,6.25,6.73,6.25,6.67,86540.34,56933.563,0.091028
2004-12-27,6.6,6.77,6.52,6.7,48238.1,32107.57,0.05074
2004-12-28,6.69,6.7,6.4,6.42,43560.23,28370.548,0.045819
2004-12-29,6.4,6.77,6.36,6.5,48007.21,31597.897,0.05049699999999999
2004-12-30,6.45,6.65,6.35,6.6,28546.52,18523.052,0.030026999999999998
2004-12-31,6.6,6.68,6.3,6.31,27031.4,17375.933,0.028433
2005-01-04,6.25,6.42,6.04,6.29,19208.14,12067.882,0.020204
2005-01-05,6.29,6.92,6.24,6.84,84892.46,57469.144,0.08929500000000001
2005-01-06,6.84,6.95,6.7,6.86,48421.69,33046.9,0.050933
2005-01-07,6.79,6.98,6.68,6.71,35181.86,23919.323,0.037006000000000004
2005-01-10,6.67,6.92,6.65,6.79,25836.33,17665.007,0.027176
2005-01-11,6.79,6.91,6.74,6.85,23620.16,16082.709,0.024845000000000002
2005-01-12,6.8,6.8,6.55,6.7,34519.43,23045.523,0.036309
2005-01-13,6.68,7.25,6.65,6.96,65235.84,45857.32,0.068619
2005-01-14,6.9,7.16,6.78,6.83,39716.21,27621.594,0.041776
2005-01-17,6.8,6.96,6.67,6.88,29529.22,20269.926,0.031061000000000002
2005-01-18,6.88,7.22,6.82,7.18,48250.21,34080.213,0.050752
2005-01-19,7.18,7.2,7.03,7.18,25504.7,18136.238,0.026827
2005-01-20,7.12,7.21,6.88,7.04,37112.84,26120.665,0.039037
2005-01-21,6.98,7.13,6.34,6.79,63248.46,42690.674,0.066528
2005-01-24,6.94,7.0,6.65,6.88,45577.46,31070.479,0.047941000000000004
2005-01-25,6.82,6.82,6.5,6.59,35713.87,23661.136,0.037566
2005-01-26,6.55,6.55,6.28,6.37,42617.94,27159.774,0.044828
2005-01-27,6.19,6.49,6.15,6.41,34219.4,21687.271,0.035994
2005-01-28,6.36,6.41,5.9,5.95,30798.8,18857.456,0.032396
2005-01-31,5.9,5.98,5.56,5.65,33912.47,19354.421,0.035671
2005-02-01,5.6,5.82,5.5,5.59,21618.26,12225.858,0.022739
2005-02-02,5.63,6.15,5.63,6.15,45616.22,27132.416,0.047982
2005-02-03,6.15,6.28,6.0,6.02,40851.1,24994.824,0.042969999999999994
2005-02-04,5.98,6.16,5.95,6.15,20136.71,12285.651,0.021181000000000002
2005-02-16,6.19,6.28,6.04,6.13,17695.24,10952.843,0.018613
2005-02-17,6.09,6.46,6.02,6.39,28439.59,17812.63,0.029914
2005-02-18,6.35,6.35,6.18,6.18,16112.21,10094.613,0.016948
2005-02-21,6.08,6.29,6.08,6.25,12360.06,7656.063,0.013001
2005-02-22,6.22,6.45,6.15,6.38,29639.83,18873.375,0.031177
2005-02-23,6.36,6.59,6.32,6.41,32883.65,21286.139,0.034589
2005-02-24,6.4,6.55,6.31,6.42,22264.35,14343.092,0.023419
2005-02-25,6.4,6.52,6.35,6.41,30537.16,19602.267,0.032121
2005-02-28,6.4,6.68,6.33,6.67,45867.19,30010.144,0.048246000000000004
2005-03-01,6.68,6.72,6.54,6.6,23149.26,15334.783,0.02435
2005-03-02,6.6,6.64,6.22,6.25,29119.99,18697.053,0.03063
2005-03-03,6.22,6.42,6.2,6.32,14715.12,9297.887,0.015478
2005-03-04,6.35,6.38,6.23,6.24,11682.68,7353.81,0.012289000000000001
2005-03-07,6.24,6.33,6.11,6.18,11116.46,6922.249,0.011693
2005-03-08,6.19,6.4,6.19,6.39,14087.39,8933.0,0.014818
2005-03-09,6.4,6.6,6.4,6.53,24837.55,16189.604,0.026126
2005-03-10,6.5,6.54,6.28,6.34,13731.58,8802.823,0.014443999999999999
2005-03-11,6.37,6.42,6.16,6.39,15619.52,9839.411,0.016429
2005-03-14,6.36,6.36,6.15,6.21,14568.48,9098.453,0.015323999999999999
2005-03-15,6.21,6.28,6.04,6.08,13863.06,8541.496,0.014582
2005-03-16,6.01,6.1,5.93,5.99,13349.22,8020.011,0.014041
2005-03-17,6.09,6.28,6.05,6.14,16344.8,10109.707,0.017192
2005-03-18,6.11,6.21,5.63,5.68,23939.52,13941.09,0.025181
2005-03-21,5.7,5.77,5.53,5.76,10118.3,5707.084,0.010643
2005-03-22,5.7,5.74,5.18,5.21,22478.17,11977.258,0.023644
2005-03-23,5.23,5.38,5.21,5.24,12678.05,6711.077,0.013335
2005-03-24,5.26,5.35,5.19,5.34,10362.57,5476.659,0.0109
2005-03-25,5.32,5.37,5.24,5.36,9016.15,4791.915,0.009484
2005-03-28,5.36,5.44,5.13,5.28,12719.66,6707.17,0.013379
2005-03-29,5.28,5.29,4.9,4.93,19357.34,9834.303,0.020360999999999997
2005-03-30,4.78,4.91,4.58,4.74,18148.14,8562.684,0.019089000000000002
2005-03-31,4.75,4.93,4.75,4.85,14557.97,7074.487,0.015313
2005-04-01,4.83,5.2,4.78,5.12,18691.36,9257.203,0.019660999999999998
2005-04-04,5.11,5.18,4.87,5.12,17783.35,9072.677,0.018706
2005-04-05,5.01,5.11,4.8,4.83,12497.4,6185.602,0.013145
2005-04-06,4.81,4.99,4.66,4.91,14262.89,6846.353,0.015002999999999999
2005-04-07,4.96,5.18,4.91,4.99,20267.15,10262.264,0.021318
2005-04-08,4.99,5.14,4.95,5.1,13564.82,6860.519,0.014268000000000001
2005-04-11,5.1,5.24,5.03,5.19,22169.15,11443.598,0.023319
2005-04-12,5.15,5.19,4.91,4.92,15102.68,7624.862,0.015886
2005-04-13,5.08,5.15,4.96,5.08,13697.25,6925.546,0.014408
2005-04-14,5.08,5.12,4.86,4.87,10914.64,5404.481,0.011480999999999998
2005-04-15,4.8,4.84,4.65,4.66,13722.99,6469.955,0.014435
2005-04-18,4.63,4.63,4.34,4.49,13973.71,6161.154,0.014698
2005-04-19,4.49,4.53,4.37,4.52,9696.85,4293.103,0.0102
2005-04-20,4.51,4.51,4.17,4.19,14324.11,6115.795,0.015066999999999999
2005-04-21,4.17,4.18,3.81,3.95,17243.74,6889.671,0.018138
2005-04-22,4.01,4.17,3.97,4.03,14623.8,5959.551,0.015382
2005-04-25,4.0,4.05,3.66,3.97,10937.08,4218.472,0.011504
2005-04-26,3.94,4.2,3.85,4.19,20215.45,8301.579,0.021263999999999998
2005-04-27,4.27,4.27,4.0,4.01,17601.02,7225.909,0.018514
2005-04-28,3.95,4.2,3.71,4.17,22628.22,9107.895,0.023802
2005-04-29,3.78,3.98,3.75,3.75,22857.81,8786.827,0.024043000000000002
2005-05-09,3.7,3.7,3.38,3.38,16471.58,5649.577,0.017325999999999998
2005-05-10,3.34,3.34,3.12,3.28,19063.23,6112.982,0.020052
2005-05-11,3.22,3.4,3.1,3.3,16482.13,5350.93,0.017337
2005-05-12,3.31,3.46,3.22,3.34,13540.24,4505.976,0.014242
2005-05-13,3.36,3.49,3.3,3.46,21166.01,7251.411,0.022264
2005-05-16,3.54,3.65,3.48,3.58,39406.0,14056.983,0.041449
2005-05-17,3.57,3.6,3.48,3.56,14750.82,5236.85,0.015516
2005-05-18,3.55,3.66,3.52,3.65,13956.42,5036.036,0.01468
2005-05-19,3.64,3.65,3.51,3.56,9257.07,3303.052,0.009737
2005-05-20,3.56,3.58,3.4,3.41,10972.39,3825.503,0.011541
2005-05-23,3.39,3.39,3.2,3.23,10114.0,3305.908,0.010638000000000002
2005-05-24,3.25,3.53,3.2,3.45,17366.34,5900.251,0.018267
2005-05-25,3.42,3.55,3.4,3.47,13711.13,4777.564,0.014421999999999999
2005-05-27,3.44,3.61,3.33,3.48,17410.74,6135.239,0.018314
2005-05-30,3.43,3.62,3.43,3.58,14076.68,5001.515,0.014806999999999999
2005-05-31,3.56,3.6,3.46,3.5,9076.49,3196.838,0.009547
2005-06-01,3.49,3.5,3.34,3.43,8431.59,2877.786,0.008869
2005-06-02,3.4,3.54,3.38,3.51,10959.64,3816.107,0.011528
2005-06-03,3.53,3.58,3.4,3.46,10607.31,3719.022,0.011156999999999999
2005-06-06,3.45,3.56,3.38,3.53,8603.98,2974.614,0.00905
2005-06-07,3.53,3.69,3.48,3.57,16714.89,6005.975,0.017582
2005-06-08,3.58,3.92,3.53,3.87,36186.18,13594.537,0.038063
2005-06-09,3.87,4.05,3.78,3.96,38864.76,15214.083,0.04088
2005-06-10,4.1,4.24,3.98,3.99,54277.96,22170.084,0.057093
2005-06-13,3.95,4.02,3.81,3.9,16990.53,6629.03,0.017872
2005-06-14,3.92,3.95,3.76,3.77,12218.9,4719.626,0.012853000000000002
2005-06-15,3.75,3.78,3.59,3.61,11798.72,4342.113,0.012411
2005-06-16,3.6,3.7,3.55,3.68,9432.32,3418.178,0.009921
2005-06-17,3.68,3.74,3.52,3.56,7942.2,2855.119,0.008354
2005-06-20,3.56,3.7,3.26,3.69,18745.36,6576.126,0.019717
2005-06-21,3.68,3.69,3.48,3.52,13101.0,4670.537,0.013779999999999999
2005-06-22,3.53,3.56,3.46,3.55,6624.57,2327.889,0.006967999999999999
2005-06-23,3.5,3.54,3.44,3.47,6366.99,2223.102,0.006697
2005-06-24,3.46,3.49,3.41,3.46,5143.38,1773.429,0.005410000000000001
2005-06-27,3.53,3.63,3.51,3.57,11683.25,4178.895,0.012289000000000001
2005-06-28,3.56,3.56,3.4,3.43,8545.55,2945.816,0.008989
2005-06-29,3.41,3.5,3.41,3.42,5170.09,1787.451,0.005437999999999999
2005-06-30,3.43,3.43,3.26,3.27,7859.0,2621.077,0.008267
2005-07-01,3.26,3.3,2.94,2.94,14103.0,4350.487,0.014834
2005-07-04,2.92,2.92,2.67,2.83,15438.08,4222.569,0.016239
2005-07-05,2.8,2.83,2.72,2.76,6243.0,1733.84,0.006567
2005-07-06,2.8,2.86,2.7,2.77,5044.9,1396.922,0.005306999999999999
2005-07-07,2.75,2.93,2.75,2.85,9454.09,2698.393,0.009944
2005-07-08,2.81,2.83,2.57,2.58,12294.0,3299.561,0.012931999999999999
2005-07-11,2.58,2.76,2.5,2.52,8252.61,2183.711,0.008681
2005-07-12,2.56,2.7,2.45,2.64,10179.5,2658.929,0.010707
2005-07-13,2.64,2.7,2.58,2.7,14181.7,3766.525,0.014917
2005-07-14,2.8,2.85,2.7,2.72,24721.0,6863.506,0.026003
2005-07-15,2.46,2.58,2.45,2.45,14824.0,3676.205,0.015593
2005-07-18,2.35,2.39,2.27,2.33,10726.24,2503.916,0.011282
2005-07-19,2.32,2.43,2.31,2.39,6530.96,1548.78,0.00687
2005-07-20,2.39,2.42,2.3,2.4,10607.9,2510.769,0.011158
2005-07-21,2.42,2.44,2.34,2.43,12651.84,3035.465,0.013308
2005-07-22,2.44,2.56,2.4,2.5,20860.03,5219.36,0.021942
2005-07-25,2.54,2.59,2.49,2.51,14136.91,3595.181,0.014870000000000001
2005-07-26,2.51,2.61,2.49,2.58,15792.29,4072.768,0.016611
2005-07-27,2.58,2.68,2.55,2.68,19965.69,5213.198,0.021001
2005-07-28,2.69,2.73,2.61,2.62,18834.5,5010.484,0.019811000000000002
2005-07-29,2.6,2.66,2.55,2.64,14963.85,3905.07,0.01574
2005-08-01,2.64,2.65,2.53,2.63,12622.89,3275.2,0.013277
2005-08-02,2.61,2.75,2.56,2.74,29070.22,7764.688,0.030577999999999998
2005-08-03,2.76,2.92,2.72,2.8,44786.88,12550.876,0.047109
2005-08-04,2.78,2.81,2.7,2.77,18495.84,5090.746,0.019455
2005-08-05,2.78,2.85,2.75,2.85,22239.75,6264.342,0.023393
2005-08-08,2.88,2.94,2.8,2.91,29989.88,8630.914,0.031545000000000004
2005-08-09,2.89,3.01,2.86,3.0,33575.12,9939.636,0.035316
2005-08-10,3.03,3.04,2.9,3.02,28737.09,8539.232,0.030227
2005-08-11,3.02,3.13,2.96,3.11,43072.97,13007.035,0.04530700000000001
2005-08-12,3.13,3.25,3.05,3.05,68704.95,21483.018,0.072268
2005-08-15,3.01,3.11,2.93,3.06,25026.13,7581.797,0.026324
2005-08-16,3.06,3.14,3.03,3.08,23447.37,7208.247,0.024663
2005-08-17,3.06,3.17,2.94,3.14,28218.68,8602.063,0.029682
2005-08-18,3.13,3.34,3.01,3.04,50883.18,16298.642,0.053522
2005-08-19,3.0,3.19,2.91,3.06,31175.94,9430.705,0.032793
2005-08-22,2.99,3.13,2.99,3.13,16106.01,4978.608,0.016940999999999998
2005-08-23,3.1,3.13,2.93,2.98,16201.17,4876.61,0.017041
2005-08-24,2.95,3.01,2.91,2.97,18630.8,5511.101,0.019597
2005-08-25,2.97,2.99,2.91,2.96,15933.23,4690.152,0.016759
2005-08-26,2.95,3.26,2.95,3.18,48858.67,15269.908,0.051392
2005-08-29,3.16,3.3,3.12,3.24,51694.97,16582.638,0.054376
2005-08-30,3.22,3.25,3.14,3.18,21848.28,6970.726,0.022980999999999998
2005-08-31,3.18,3.25,3.02,3.24,25161.08,7861.472,0.026466
2005-09-01,3.18,3.56,3.16,3.4,70108.75,23821.235,0.07374399999999999
2005-09-02,3.36,3.42,3.3,3.4,30395.85,10186.959,0.031972
2005-09-05,3.39,3.46,3.36,3.42,22693.42,7744.782,0.02387
2005-09-06,3.44,3.52,3.2,3.23,30356.89,10338.425,0.031931
2005-09-07,3.21,3.38,3.18,3.38,24956.58,8165.925,0.026251000000000003
2005-09-08,3.52,3.66,3.22,3.37,52768.51,18134.709,0.055505000000000006
2005-09-09,3.33,3.38,3.26,3.27,14835.8,4911.714,0.015605
2005-09-12,3.25,3.31,3.21,3.3,9394.62,3066.488,0.009882
2005-09-13,3.29,3.42,3.29,3.42,24027.05,8106.45,0.025273
2005-09-14,3.43,3.51,3.4,3.5,32702.19,11352.078,0.034398
2005-09-15,3.5,3.64,3.49,3.63,47651.29,17070.415,0.050122
2005-09-16,3.65,3.69,3.54,3.54,86653.75,31210.347,0.09114699999999999
2005-09-19,3.52,3.62,3.5,3.6,23630.29,8407.699,0.024856
2005-09-20,3.6,3.61,3.48,3.52,22328.02,7876.879,0.023485999999999996
2005-09-21,3.52,3.61,3.49,3.61,31784.55,11313.569,0.033433000000000004
2005-09-22,3.61,3.71,3.36,3.51,53557.2,19321.977,0.056334999999999996
2005-09-23,3.5,3.5,3.17,3.18,33812.26,11184.716,0.035566
2005-09-26,3.12,3.24,3.12,3.19,12428.72,3948.85,0.013073
2005-09-27,3.2,3.24,3.06,3.08,11697.54,3650.3,0.012303999999999999
2005-09-28,3.06,3.15,3.01,3.03,8098.26,2496.364,0.008518
2005-09-29,3.09,3.11,3.03,3.1,11792.17,3620.814,0.012404
2005-09-30,3.11,3.11,3.03,3.04,7675.99,2352.252,0.008074
2005-10-10,3.03,3.03,2.8,2.84,8905.0,2626.934,0.009367
2005-10-11,2.83,3.12,2.8,3.12,14827.24,4441.6,0.015596
2005-10-12,3.15,3.43,3.12,3.4,59089.05,19397.175,0.062153
2005-10-13,3.35,3.4,3.25,3.3,29084.66,9647.757,0.030593
2005-10-14,3.27,3.29,3.1,3.16,22216.33,7116.155,0.023368000000000003
2005-10-17,3.13,3.26,3.1,3.26,18870.6,6080.111,0.019849000000000002
2005-10-18,3.26,3.31,3.2,3.26,15078.11,4923.38,0.01586
2005-10-19,3.26,3.4,3.22,3.29,24487.77,8141.289,0.025758
2005-10-20,3.28,3.34,3.01,3.19,11985.19,3816.275,0.012607
2005-10-21,3.19,3.24,3.12,3.18,10173.78,3246.022,0.010701
2005-10-24,3.11,3.25,3.11,3.22,9409.09,2996.047,0.009897
2005-10-25,3.22,3.23,3.05,3.05,11342.0,3537.187,0.011930000000000001
2005-10-26,3.03,3.13,3.01,3.02,11546.75,3529.108,0.012145999999999999
2005-10-27,2.99,3.07,2.9,2.93,10182.01,3033.523,0.010709999999999999
2005-10-28,2.96,2.99,2.85,2.9,8694.71,2532.089,0.009146
2005-10-31,2.89,3.04,2.88,3.03,11772.85,3529.001,0.012383
2005-11-01,3.04,3.1,2.9,3.1,13930.87,4181.846,0.014653000000000001
2005-11-02,3.07,3.34,3.07,3.23,42153.45,13615.286,0.044339
2005-11-03,3.23,3.28,3.17,3.27,26551.38,8587.442,0.027928
2005-11-04,3.27,3.4,3.26,3.36,59317.2,19850.295,0.062393000000000004
2005-11-07,3.34,3.45,3.27,3.39,53686.29,18118.887,0.05647
2005-11-08,3.35,3.37,3.3,3.33,24339.04,8102.868,0.025601
2005-11-09,3.33,3.37,3.19,3.35,26899.53,8878.458,0.028294
2005-11-10,3.35,3.45,3.29,3.42,58461.45,19826.419,0.061493
2005-11-11,3.45,3.52,3.33,3.39,56603.48,19425.405,0.059539
2005-11-14,3.38,3.38,3.25,3.35,15695.37,5183.642,0.016509
2005-11-15,3.36,3.55,3.3,3.46,41912.13,14480.245,0.044086
2005-11-16,3.41,3.57,3.38,3.55,39550.58,13866.116,0.041602
2005-11-17,3.55,3.58,3.45,3.46,24776.02,8678.055,0.026061
2005-11-18,3.45,3.52,3.37,3.49,32517.82,11268.766,0.034204
2005-11-21,3.54,3.56,3.42,3.45,24638.92,8604.003,0.025917
2005-11-22,3.41,3.44,3.3,3.3,20722.99,6951.19,0.021798
2005-11-23,3.29,3.37,3.29,3.34,11239.74,3751.445,0.011822999999999998
2005-11-24,3.35,3.4,3.33,3.39,12385.58,4177.573,0.013028
2005-11-25,3.39,3.4,3.31,3.33,8125.3,2713.865,0.008547
2005-11-28,3.33,3.39,3.28,3.34,6779.44,2248.386,0.007130999999999999
2005-11-29,3.31,3.34,3.18,3.18,16050.51,5173.245,0.016883
2005-11-30,3.17,3.21,3.12,3.2,10246.55,3233.125,0.010778000000000001
2005-12-01,3.19,3.2,3.13,3.18,8896.88,2811.597,0.009358
2005-12-02,3.2,3.22,3.13,3.14,8173.73,2594.06,0.008598
2005-12-05,3.18,3.18,3.0,3.03,15174.0,4618.981,0.015961
2005-12-06,3.05,3.11,3.01,3.09,9477.02,2911.54,0.009968
2005-12-07,3.2,3.2,3.08,3.15,18154.28,5646.68,0.019096
2005-12-08,3.13,3.14,3.05,3.08,5616.72,1736.716,0.005908
2005-12-09,3.08,3.33,3.08,3.26,28419.41,9209.411,0.029893
2005-12-12,3.3,3.3,3.2,3.25,14041.51,4558.866,0.01477
2005-12-13,3.24,3.27,3.18,3.27,7202.84,2318.294,0.007576
2005-12-14,3.21,3.29,3.19,3.26,9772.43,3175.1,0.010279
2005-12-15,3.26,3.29,3.2,3.21,7305.31,2365.844,0.007684
2005-12-16,3.21,3.21,3.12,3.18,8861.07,2804.198,0.009321000000000001
2005-12-19,3.15,3.19,3.12,3.15,5648.0,1781.26,0.005940999999999999
2005-12-20,3.17,3.28,3.17,3.28,15039.64,4872.145,0.01582
2005-12-21,3.25,3.28,3.19,3.21,7473.0,2410.762,0.007861
2005-12-22,3.18,3.26,3.18,3.21,7958.5,2568.879,0.008371
2005-12-23,3.24,3.32,3.24,3.31,26039.42,8581.561,0.027389999999999998
2005-12-26,3.3,3.32,3.26,3.31,11934.31,3928.515,0.012553000000000002
2005-12-27,3.31,3.31,3.23,3.25,10094.29,3284.651,0.010618
2005-12-28,3.25,3.32,3.24,3.28,8250.31,2713.495,0.008678
2005-12-29,3.3,3.37,3.25,3.35,26918.82,8939.931,0.028315
2005-12-30,3.39,3.39,3.29,3.32,14692.5,4886.351,0.015454
2006-01-04,3.33,3.43,3.33,3.39,25680.96,8689.198,0.027013
2006-01-05,3.42,3.44,3.34,3.44,25973.21,8823.971,0.02732
2006-01-06,3.47,3.68,3.46,3.52,69549.75,24827.843,0.073156
2006-01-09,3.52,3.58,3.48,3.56,21833.36,7736.135,0.022966
2006-01-10,3.55,3.55,3.41,3.48,22622.82,7849.712,0.023795999999999998
2006-01-11,3.46,3.48,3.36,3.38,20727.35,7087.879,0.021802000000000002
2006-01-12,3.38,3.54,3.35,3.52,21406.48,7444.434,0.022517
2006-01-13,3.52,3.6,3.46,3.52,25320.41,8954.1,0.026633
2006-01-16,3.54,3.68,3.53,3.55,43982.14,15935.608,0.046263
2006-01-17,3.53,3.68,3.5,3.68,34545.52,12496.21,0.036337
2006-01-18,3.7,3.8,3.65,3.75,44206.15,16507.222,0.046499
2006-01-19,3.75,3.79,3.66,3.78,32430.04,12072.655,0.034112
2006-01-20,3.79,3.8,3.63,3.65,30082.09,11101.491,0.031642
2006-01-23,3.64,3.75,3.57,3.72,25861.97,9496.587,0.027202999999999998
2006-01-24,3.73,3.75,3.52,3.54,28467.4,10370.467,0.029944000000000002
2006-01-25,3.54,3.6,3.34,3.35,29943.0,10303.391,0.031495999999999996
2006-02-06,3.35,3.47,3.35,3.45,15857.3,5432.501,0.01668
2006-02-07,3.45,3.51,3.4,3.46,18809.61,6479.892,0.019785
2006-02-08,3.45,3.55,3.43,3.53,13660.36,4800.299,0.014369
2006-02-09,3.52,3.61,3.48,3.49,24740.51,8803.855,0.026023
2006-02-10,3.5,3.66,3.5,3.64,23325.39,8370.844,0.024535
2006-02-13,3.66,3.77,3.66,3.75,64254.22,24005.837,0.06758600000000001
2006-02-14,3.75,3.77,3.68,3.74,19270.9,7149.976,0.02027
2006-02-15,3.74,3.75,3.61,3.66,18410.93,6757.536,0.019366
2006-02-16,3.64,3.64,3.48,3.49,23487.38,8337.82,0.024704999999999998
2006-02-17,3.46,3.54,3.45,3.45,11823.0,4135.874,0.012436000000000001
2006-02-20,3.45,3.5,3.43,3.45,8658.89,2995.557,0.009108
2006-02-22,3.59,3.75,3.54,3.55,27772.59,10058.722,0.029213
2006-02-23,3.51,3.6,3.5,3.59,10560.83,3737.923,0.011108
2006-02-24,3.59,3.61,3.51,3.54,9075.61,3220.879,0.009546
2006-02-27,3.54,3.57,3.45,3.46,9705.0,3406.613,0.010208
2006-02-28,3.47,3.62,3.44,3.6,12378.66,4370.116,0.013021
2006-03-01,3.6,3.64,3.56,3.61,12127.04,4373.303,0.012756
2006-03-02,3.61,3.62,3.44,3.48,13439.5,4726.894,0.014136
2006-03-03,3.48,3.53,3.38,3.43,10711.99,3682.149,0.011267000000000001
2006-03-06,3.4,3.48,3.36,3.44,11104.94,3795.504,0.011680999999999999
2006-03-07,3.44,3.44,3.26,3.27,11218.89,3733.653,0.011800999999999999
2006-03-08,3.26,3.3,3.2,3.28,8607.44,2794.92,0.009054
2006-03-09,3.28,3.32,3.19,3.2,6263.1,2036.077,0.006588
2006-03-10,3.22,3.26,3.21,3.24,5244.09,1693.754,0.005516
2006-03-13,3.24,3.31,3.19,3.3,8533.21,2762.899,0.008976
2006-03-14,3.31,3.33,3.21,3.27,7830.1,2557.234,0.008236
2006-03-15,3.22,3.28,3.21,3.27,5324.04,1731.37,0.005600000000000001
2006-03-16,3.29,3.32,3.25,3.28,6006.55,1973.282,0.006318000000000001
2006-03-17,3.3,3.3,3.23,3.24,5198.0,1696.986,0.005468
2006-03-20,3.24,3.32,3.16,3.29,12334.98,3999.758,0.012975
2006-03-21,3.29,3.36,3.27,3.36,11823.63,3926.616,0.012437
2006-03-22,3.38,3.39,3.31,3.37,11214.95,3758.733,0.011797
2006-03-23,3.35,3.37,3.31,3.35,9982.0,3328.848,0.0105
2006-03-24,3.34,3.35,3.24,3.25,9393.5,3091.883,0.009881
2006-03-27,3.23,3.3,3.18,3.29,10072.38,3247.139,0.010595
2006-03-28,3.29,3.29,3.23,3.26,11139.29,3618.859,0.011717
2006-03-29,3.23,3.29,3.22,3.25,11244.9,3660.504,0.011828
2006-03-30,3.58,3.58,3.27,3.29,17769.32,5922.654,0.018691
2006-03-31,3.28,3.28,3.21,3.23,8143.4,2637.728,0.008566
2006-04-03,3.23,3.26,3.19,3.25,10769.96,3473.462,0.011328
2006-04-04,3.25,3.32,3.21,3.31,13353.93,4347.341,0.014046000000000001
2006-04-05,3.31,3.33,3.26,3.29,12789.33,4206.118,0.013453
2006-04-06,3.29,3.3,3.24,3.27,16815.41,5492.375,0.017686999999999998
2006-04-07,3.26,3.41,3.24,3.35,22484.6,7542.301,0.023651
2006-04-10,3.33,3.47,3.33,3.46,26024.47,8851.097,0.027374
2006-04-11,3.45,3.46,3.36,3.4,16411.06,5597.356,0.017262
2006-04-12,3.39,3.5,3.39,3.48,18333.01,6318.871,0.019284
2006-04-13,3.48,3.53,3.31,3.34,20891.91,7177.288,0.021974999999999998
2006-04-14,3.34,3.4,3.31,3.4,10776.04,3623.129,0.011335
2006-04-17,3.38,3.46,3.34,3.43,18171.75,6197.917,0.019114
2006-04-18,3.43,3.54,3.36,3.52,21975.5,7561.363,0.023115
2006-04-19,3.49,3.57,3.42,3.53,29502.68,10349.095,0.031032999999999998
2006-04-20,3.51,3.55,3.39,3.44,21877.3,7602.448,0.023012
2006-04-21,3.41,3.45,3.34,3.39,21881.33,7402.905,0.023016000000000002
2006-04-24,3.35,3.39,3.05,3.05,31625.38,9768.036,0.033264999999999996
2006-04-25,3.0,3.0,2.75,2.87,23373.3,6626.869,0.024585
2006-04-26,2.83,2.93,2.78,2.93,19332.91,5526.814,0.020335000000000002
2006-04-27,2.91,2.92,2.81,2.87,13144.92,3772.077,0.013827
2006-04-28,2.82,2.88,2.78,2.86,11873.39,3376.201,0.012488999999999998
2006-05-08,2.82,2.92,2.7,2.87,25866.93,7242.067,0.027208
2006-05-09,2.86,3.01,2.81,3.0,29628.79,8611.888,0.031164999999999998
2006-05-10,2.97,3.14,2.94,3.09,30285.51,9174.253,0.031856
2006-05-11,3.08,3.14,2.95,2.97,32150.01,9891.855,0.033817
2006-05-12,2.97,3.16,2.94,3.11,32628.2,10073.908,0.034319999999999996
2006-05-29,3.42,3.42,3.42,3.42,2694.62,921.56,0.0028339999999999997
2006-05-30,3.76,3.76,3.76,3.76,6356.18,2389.924,0.006686
2006-05-31,4.13,4.14,3.88,4.14,132506.36,53361.982,0.139378
2006-06-01,4.39,4.39,4.09,4.11,113308.28,47593.212,0.119184
2006-06-26,3.11,3.11,2.95,3.03,70309.89,21285.305,0.056026999999999993
2006-06-27,3.03,3.16,2.99,3.1,57788.2,17779.537,0.046049
2006-06-29,3.07,3.16,3.02,3.14,55420.82,17202.786,0.044162999999999994
2006-06-30,3.14,3.15,3.05,3.1,42109.56,12995.14,0.033555
2006-07-03,3.14,3.24,3.1,3.2,71119.13,22644.223,0.056672
2006-07-04,3.19,3.28,3.15,3.25,69183.94,22253.142,0.05513
2006-07-05,3.2,3.31,3.18,3.27,71488.45,23227.482,0.056966
2006-07-06,3.26,3.35,3.23,3.29,63598.48,21029.713,0.050679
2006-07-07,3.3,3.32,3.21,3.26,36834.41,11987.042,0.029352
2006-07-10,3.26,3.26,3.11,3.19,35839.91,11386.629,0.028559
2006-07-11,3.16,3.28,3.16,3.28,38652.14,12449.185,0.0308
2006-07-12,3.31,3.34,3.18,3.21,45776.86,14922.867,0.036478000000000003
2006-07-13,3.18,3.2,2.89,2.89,48014.96,14554.276,0.038260999999999996
2006-07-14,2.83,2.93,2.78,2.88,25127.58,7225.913,0.020023
2006-07-17,2.86,3.09,2.8,3.05,23420.0,6966.056,0.018662
2006-07-18,3.04,3.08,2.98,3.05,13273.65,3999.175,0.010577000000000001
2006-07-19,3.03,3.13,2.97,3.04,28017.61,8542.23,0.022326000000000002
2006-07-20,3.01,3.05,2.98,3.04,11403.34,3439.592,0.009087
2006-07-21,3.04,3.14,3.02,3.11,28900.09,8951.238,0.023029
2006-07-24,3.06,3.15,2.92,3.13,25193.46,7781.567,0.020076
2006-07-25,3.17,3.24,3.15,3.19,28427.24,9073.977,0.022653
2006-07-26,3.19,3.35,3.15,3.28,74800.55,24587.45,0.059606000000000006
2006-07-27,3.25,3.32,3.16,3.18,34352.25,11071.984,0.027374
2006-07-28,3.16,3.22,2.98,3.07,46438.25,14219.107,0.037004999999999996
2006-07-31,3.05,3.18,3.0,3.11,40977.56,12686.492,0.032653
2006-08-01,3.08,3.29,3.03,3.26,82008.36,26322.976,0.065349
2006-08-02,3.35,3.35,3.13,3.18,55365.5,17885.389,0.044119
2006-08-03,3.17,3.32,3.09,3.31,51886.31,16712.722,0.041346
2006-08-04,3.26,3.49,3.22,3.35,150698.02,50952.783,0.120085
2006-08-07,3.3,3.67,3.24,3.54,155294.9,54176.849,0.12374800000000001
2006-08-08,3.32,3.86,3.31,3.81,185577.44,66481.44,0.147879
2006-08-09,3.7,3.84,3.52,3.67,130433.8,48214.055,0.103938
2006-08-10,3.64,3.77,3.55,3.64,84269.95,30822.819,0.067151
2006-08-11,3.63,3.73,3.55,3.64,70962.78,25843.808,0.056547
2006-08-14,3.64,3.65,3.28,3.31,89762.23,30669.659,0.071528
2006-08-15,3.31,3.37,3.16,3.35,53369.51,17506.967,0.042527999999999996
2006-08-16,3.31,3.44,3.28,3.42,46435.37,15708.786,0.037003
2006-08-17,3.4,3.43,3.28,3.34,32345.95,10852.904,0.025775000000000003
2006-08-18,3.32,3.42,3.3,3.33,28645.92,9620.111,0.022827
2006-08-21,3.17,3.43,3.1,3.41,32643.04,10701.414,0.026012
2006-08-22,3.42,3.49,3.33,3.45,42794.1,14673.563,0.034101
2006-08-23,3.53,3.68,3.47,3.56,97094.42,34836.239,0.077371
2006-08-24,3.52,3.6,3.46,3.59,35315.44,12487.753,0.028142
2006-08-25,3.59,3.6,3.46,3.47,37094.28,13018.046,0.029559000000000002
2006-08-28,3.49,3.57,3.47,3.54,36138.76,12769.048,0.028798
2006-08-29,3.55,3.69,3.52,3.54,55429.48,19933.888,0.04417
2006-08-30,3.5,3.8,3.5,3.67,80724.37,29646.674,0.064326
2006-08-31,3.73,3.84,3.64,3.79,86704.08,32626.384,0.069091
2006-09-01,3.79,3.8,3.59,3.63,54731.17,20082.695,0.043613
2006-09-04,3.6,3.98,3.6,3.93,105359.18,40726.446,0.083957
2006-09-05,3.9,4.05,3.8,3.92,88048.2,34613.751,0.070162
2006-09-06,3.89,3.94,3.75,3.84,52638.02,20186.23,0.041944999999999996
2006-09-07,3.84,3.85,3.69,3.71,40384.92,15101.392,0.032181
2006-09-08,3.71,3.99,3.7,3.9,68709.0,26697.852,0.054752
2006-09-11,3.9,3.95,3.75,3.92,39560.99,15299.679,0.031525
2006-09-12,3.92,3.94,3.8,3.83,33620.39,12940.342,0.026791
2006-09-13,3.83,3.99,3.82,3.83,59735.07,23353.714,0.047601000000000004
2006-09-14,3.85,3.9,3.68,3.83,46249.82,17377.954,0.036855
2006-09-15,3.81,3.85,3.74,3.78,30154.51,11441.687,0.024029
2006-09-18,3.74,3.93,3.74,3.86,32303.74,12476.665,0.025741999999999998
2006-09-19,3.86,3.88,3.73,3.79,27124.69,10327.783,0.021615000000000002
2006-09-20,3.76,3.87,3.75,3.83,25878.62,9896.594,0.020621999999999998
2006-09-21,3.79,3.83,3.73,3.76,25448.28,9599.227,0.020279
2006-09-22,3.76,3.79,3.64,3.65,39733.36,14691.373,0.031661999999999996
2006-09-25,3.66,3.8,3.61,3.75,25717.79,9579.798,0.020494
2006-09-26,3.72,3.75,3.63,3.65,17733.67,6495.389,0.014131
2006-09-27,3.66,3.7,3.62,3.69,16904.89,6186.876,0.013471
2006-09-28,3.69,3.75,3.66,3.75,25798.66,9608.667,0.020558
2006-09-29,3.78,3.81,3.72,3.77,24733.76,9321.742,0.019709
2006-10-09,3.83,3.83,3.73,3.8,23928.51,9046.611,0.019068
2006-10-10,3.8,3.87,3.74,3.86,34665.79,13199.18,0.027624
2006-10-11,3.87,3.87,3.76,3.79,17338.66,6571.496,0.013817
2006-10-12,3.78,3.78,3.6,3.62,41984.76,15320.22,0.033456
2006-10-13,3.62,3.66,3.59,3.61,12923.84,4689.746,0.010299
2006-10-16,3.64,3.65,3.55,3.55,20752.63,7448.08,0.016537
2006-10-17,3.55,3.6,3.5,3.54,15308.2,5457.39,0.012199
2006-10-18,3.55,3.64,3.5,3.6,15585.88,5586.15,0.01242
2006-10-19,3.6,3.62,3.5,3.52,26340.33,9310.872,0.02099
2006-10-20,3.52,3.57,3.5,3.54,15435.24,5439.947,0.0123
2006-10-23,3.51,3.55,3.39,3.39,22522.2,7733.335,0.017947
2006-10-24,3.42,3.49,3.38,3.46,19084.2,6568.555,0.015207
2006-10-25,3.46,3.5,3.33,3.48,29287.28,9949.402,0.023338
2006-10-26,3.46,3.55,3.44,3.5,29412.96,10318.316,0.023438
2006-10-27,3.51,3.51,3.36,3.37,18425.8,6286.591,0.014683
2006-10-30,3.33,3.36,3.23,3.26,18863.09,6192.377,0.015031000000000001
2006-10-31,3.26,3.32,3.21,3.26,19607.68,6390.371,0.015625
2006-11-01,3.27,3.31,3.22,3.3,15792.9,5158.47,0.012584999999999999
2006-11-02,3.3,3.32,3.22,3.26,14705.74,4799.49,0.011718
2006-11-03,3.26,3.34,3.26,3.29,16823.12,5541.196,0.013406
2006-11-06,3.25,3.34,3.2,3.26,17822.55,5878.858,0.014202
2006-11-07,3.25,3.26,3.13,3.13,26634.29,8440.023,0.021224
2006-11-08,3.11,3.16,3.05,3.16,15672.54,4854.646,0.012488999999999998
2006-11-09,3.13,3.22,3.1,3.19,13800.93,4388.42,0.010997
2006-11-10,3.19,3.19,3.04,3.07,15667.66,4854.223,0.012485
2006-11-13,3.05,3.07,2.95,2.97,17269.18,5175.409,0.013761
2006-11-14,2.97,3.11,2.97,3.11,15058.17,4568.745,0.011999
2006-11-15,3.11,3.15,3.05,3.12,13928.98,4335.284,0.011099000000000001
2006-11-16,3.12,3.14,3.08,3.08,14121.99,4384.319,0.011252999999999999
2006-11-17,3.09,3.16,3.04,3.15,17483.64,5445.86,0.013932
2006-11-20,3.15,3.23,3.11,3.17,24666.23,7872.139,0.019656
2006-11-21,3.17,3.23,3.05,3.2,20974.15,6628.108,0.016713
2006-11-22,3.18,3.24,3.15,3.2,15998.62,5125.158,0.012749
2006-11-23,3.15,3.3,3.13,3.25,30665.33,9919.48,0.024436
2006-11-24,3.22,3.25,3.15,3.22,18357.39,5891.164,0.014628
2006-11-27,3.2,3.37,3.16,3.33,34312.87,11300.426,0.027343000000000003
2006-11-28,3.35,3.38,3.3,3.35,24135.33,8064.195,0.019233
2006-11-29,3.31,3.45,3.26,3.44,26298.92,8915.538,0.020957
2006-11-30,3.5,3.53,3.36,3.4,72906.11,24855.534,0.058095999999999995
2006-12-01,3.39,3.39,3.29,3.33,30042.84,9984.269,0.023940000000000003
2006-12-04,3.33,3.41,3.31,3.39,20532.86,6942.441,0.016362
2006-12-05,3.38,3.42,3.33,3.39,25558.15,8627.809,0.020366
2006-12-06,3.38,3.52,3.28,3.49,46701.23,16066.181,0.037214
2006-12-07,3.4,3.66,3.38,3.45,54258.75,19188.906,0.043237
2006-12-08,3.37,3.42,3.18,3.21,28307.63,9372.07,0.022557
2006-12-11,3.22,3.29,3.21,3.27,17955.47,5825.664,0.014308000000000001
2006-12-12,3.28,3.28,3.17,3.23,18779.26,6061.851,0.014964
2006-12-13,3.23,3.26,3.17,3.23,14243.53,4561.689,0.01135
2006-12-14,3.2,3.26,3.2,3.23,14059.92,4550.48,0.011204
2006-12-15,3.23,3.29,3.2,3.26,16739.66,5424.451,0.013339
2006-12-19,3.26,3.38,3.23,3.35,27607.51,9118.759,0.021999
2006-12-20,3.34,3.38,3.28,3.37,18213.14,6099.649,0.014513
2006-12-21,3.36,3.43,3.3,3.33,22223.4,7488.455,0.017709
2006-12-22,3.3,3.38,3.29,3.34,13995.81,4662.649,0.011153
2006-12-25,3.32,3.38,3.3,3.32,14015.54,4677.097,0.011168
2006-12-26,3.3,3.31,3.17,3.19,22507.62,7281.112,0.017935
2006-12-27,3.16,3.26,3.13,3.17,19449.92,6195.185,0.015499
2006-12-28,3.18,3.22,3.05,3.09,19920.74,6216.395,0.015874
2006-12-29,3.05,3.2,3.05,3.19,22370.04,7047.939,0.017825999999999998
2007-01-04,3.21,3.26,3.16,3.16,27773.78,8931.224,0.022132
2007-01-05,3.14,3.19,3.11,3.16,18118.55,5709.515,0.014438
2007-01-08,3.16,3.29,3.16,3.27,21162.26,6842.652,0.016863
2007-01-09,3.27,3.35,3.24,3.34,32903.02,10887.529,0.026219000000000003
2007-01-10,3.31,3.36,3.28,3.36,21767.92,7230.918,0.017346
2007-01-11,3.37,3.53,3.33,3.41,45220.21,15588.577,0.036034000000000004
2007-01-12,3.38,3.49,3.24,3.24,25772.82,8651.762,0.020537
2007-01-15,3.21,3.36,3.21,3.35,20632.18,6831.434,0.016440999999999997
2007-01-16,3.35,3.49,3.3,3.47,41326.5,14033.1,0.032931
2007-01-17,3.46,3.55,3.34,3.52,46295.98,16023.308,0.036891
2007-01-18,3.49,3.6,3.42,3.59,44798.51,15788.617,0.035698
2007-01-19,3.62,3.65,3.54,3.6,46692.94,16787.146,0.037208
2007-01-22,3.67,3.82,3.62,3.82,61401.54,23013.329,0.048928
2007-01-23,3.81,3.81,3.64,3.76,43742.93,16320.416,0.034857
2007-01-24,3.76,3.93,3.72,3.85,52398.77,20251.87,0.04175500000000001
2007-01-25,3.85,3.86,3.59,3.62,39487.39,14611.058,0.031466
2007-01-26,3.52,3.68,3.44,3.6,34118.17,12113.16,0.027187000000000003
2007-01-29,3.59,3.83,3.59,3.8,43693.64,16295.284,0.034817999999999995
2007-01-30,3.88,3.99,3.7,3.85,60509.2,23417.809,0.048216999999999996
2007-01-31,3.82,4.19,3.82,3.89,96716.69,38930.363,0.07707
2007-02-01,3.72,3.89,3.7,3.82,48240.16,18242.074,0.038441
2007-02-02,3.78,4.06,3.62,4.0,76826.61,30031.379,0.06122
2007-02-05,4.0,4.36,4.0,4.2,93657.38,39448.623,0.07463199999999999
2007-02-06,4.18,4.25,4.07,4.2,44911.64,18710.593,0.035788
2007-02-07,4.22,4.31,4.12,4.3,44992.3,18869.39,0.035853
2007-02-08,4.31,4.33,4.16,4.21,32689.16,13833.491,0.026049000000000003
2007-02-09,4.2,4.24,4.05,4.14,40099.52,16553.012,0.031953999999999996
2007-02-12,4.12,4.4,4.1,4.29,40664.61,17314.705,0.032404
2007-02-13,4.28,4.52,4.21,4.46,45916.14,20167.706,0.036589
2007-02-14,4.48,4.69,4.37,4.5,48602.45,22099.07,0.038729
2007-02-15,4.51,4.67,4.43,4.57,35072.13,15958.75,0.027948
2007-02-16,4.65,4.68,4.52,4.56,31011.65,14287.699,0.024712
2007-02-26,4.54,4.85,4.54,4.84,36761.55,17493.954,0.029293999999999997
2007-02-27,4.85,5.32,4.5,4.59,83073.22,41272.244,0.06619799999999999
2007-02-28,4.6,5.05,4.6,5.05,56625.07,27697.548,0.045122
2007-03-01,5.16,5.56,5.15,5.56,116399.72,63397.869,0.09275399999999999
2007-03-02,5.79,6.12,5.7,5.87,126733.77,75474.121,0.10098900000000001
2007-03-05,5.85,6.16,5.69,6.14,93469.99,55536.616,0.074483
2007-03-06,6.14,6.14,5.86,5.97,47304.02,28329.4,0.037695
2007-03-07,5.99,6.14,5.9,5.99,35239.06,21105.34,0.028081000000000002
2007-03-08,5.98,6.35,5.9,6.29,60994.79,37213.938,0.048604
2007-03-09,6.2,6.25,5.95,6.07,50191.74,30494.641,0.039996000000000004
2007-03-12,6.05,6.68,6.02,6.68,79671.83,51420.472,0.063487
2007-03-13,6.76,7.0,6.6,6.68,54144.95,36583.397,0.043146000000000004
2007-03-14,6.6,7.26,6.1,6.91,78934.65,52511.277,0.0629
2007-03-15,6.75,6.97,6.68,6.78,40794.66,27711.823,0.032508
2007-03-16,6.8,6.9,6.26,6.39,36433.81,23887.362,0.029033000000000003
2007-03-19,6.05,6.6,6.0,6.32,39842.75,25192.325,0.031749
2007-03-20,6.42,6.5,6.2,6.46,35840.65,22874.183,0.02856
2007-03-21,6.47,6.85,6.42,6.75,48271.14,32159.533,0.038465
2007-03-22,6.7,6.84,6.6,6.64,54050.24,36340.76,0.043071
2007-03-23,6.6,6.75,6.38,6.71,38059.62,24974.001,0.030328
2007-03-26,6.78,7.1,6.74,6.98,70774.44,49004.876,0.056397
2007-03-27,6.98,7.04,6.8,7.01,59992.35,41421.669,0.047805999999999994
2007-03-28,7.03,7.03,6.52,6.68,53773.7,36362.394,0.04285
2007-03-29,6.62,6.66,6.06,6.1,63934.46,40730.815,0.05094699999999999
2007-03-30,6.1,6.71,6.08,6.71,46811.12,30938.999,0.037302
2007-04-02,7.03,7.15,6.74,6.98,117175.46,81181.908,0.09337300000000001
2007-04-03,6.99,7.5,6.8,7.45,125635.57,90632.608,0.100114
2007-04-04,7.39,7.65,7.25,7.37,81495.16,60464.838,0.06494
2007-04-05,7.34,7.45,7.12,7.37,45823.15,33471.505,0.036515
2007-04-06,7.37,7.54,7.23,7.3,64435.6,47290.127,0.051345999999999996
2007-04-09,7.3,7.56,7.2,7.35,69440.74,50970.17,0.055335
2007-04-10,7.35,8.09,7.3,8.08,154515.71,120495.866,0.12312799999999999
2007-04-11,7.88,8.08,7.7,7.92,103599.15,81359.642,0.082554
2007-04-12,7.9,7.99,7.68,7.89,65880.07,51579.689,0.052496999999999995
2007-04-13,7.89,8.49,7.75,8.06,130751.86,106609.914,0.104191
2007-04-16,8.1,8.4,8.0,8.19,78028.78,63711.023,0.062178000000000004
2007-04-17,8.2,8.5,8.1,8.49,114285.56,94862.0,0.09107
2007-04-18,8.55,8.76,8.31,8.5,99163.46,84602.741,0.07902
2007-04-19,8.4,8.4,7.65,7.68,87991.92,70815.894,0.070117
2007-04-20,7.76,8.45,7.76,8.37,80771.65,65465.114,0.064364
2007-04-23,8.39,8.75,8.3,8.56,90903.87,77790.31,0.072438
2007-04-24,8.57,8.75,8.3,8.43,87455.43,74362.349,0.06969
2007-04-25,8.38,8.6,8.05,8.29,70161.83,58357.903,0.05590900000000001
2007-04-26,8.24,8.4,8.05,8.18,68732.07,56185.37,0.054770000000000006
2007-04-27,8.18,8.75,8.11,8.68,144895.95,123459.99,0.11546200000000001
2007-04-30,8.7,9.18,8.5,9.06,177153.98,157846.673,0.141167
2007-05-08,9.23,9.4,8.92,9.17,111294.02,102326.192,0.088686
2007-05-09,9.18,9.8,9.0,9.4,131065.59,122890.482,0.104441
2007-05-10,9.4,9.52,9.0,9.39,93397.52,86169.297,0.074425
2007-05-11,9.28,9.28,8.75,9.04,123093.38,110769.062,0.098088
2007-05-14,8.9,9.78,8.81,9.57,204386.91,190666.892,0.16286799999999999
2007-05-15,9.48,9.6,8.96,9.01,113045.72,104595.699,0.09008200000000001
2007-05-16,9.02,9.32,8.72,9.26,123783.1,112204.256,0.09863799999999999
2007-05-17,9.36,9.6,9.1,9.55,160968.21,151210.025,0.128269
2007-05-18,9.45,10.08,9.45,9.94,201445.58,198142.093,0.160524
2007-05-21,9.6,10.93,9.55,10.93,237863.07,245540.137,0.189544
2007-05-22,10.9,11.45,10.65,10.75,195808.2,216829.561,0.156032
2007-05-23,10.63,10.99,10.59,10.81,124695.12,133944.332,0.09936500000000001
2007-05-24,10.97,11.18,10.2,10.46,128749.71,135328.898,0.102596
2007-05-25,10.45,10.98,10.3,10.65,103703.49,111268.43,0.082637
2007-05-28,10.65,11.05,10.65,10.69,106786.19,115269.221,0.08509399999999999
2007-05-30,9.9,10.58,9.62,9.62,94357.43,94745.195,0.07519
2007-05-31,9.17,9.45,8.66,8.68,140218.42,123175.264,0.111735
2007-06-01,8.65,8.78,7.81,7.81,106256.47,86392.319,0.084672
2007-06-04,7.8,7.8,7.03,7.03,95603.11,67956.059,0.076182
2007-06-05,6.33,6.88,6.33,6.71,95739.41,61796.627,0.076291
2007-06-06,6.8,7.01,6.5,6.79,87595.86,59281.683,0.069802
2007-06-07,6.82,7.2,6.64,7.19,104966.32,73053.684,0.083644
2007-06-08,7.2,7.7,7.08,7.32,107348.92,79501.224,0.08554199999999999
2007-06-11,7.35,7.47,7.2,7.36,96275.46,70578.944,0.07671800000000001
2007-06-12,7.4,7.65,6.62,7.35,95589.76,68487.286,0.076172
2007-06-13,7.37,8.08,7.25,7.94,136159.53,104691.765,0.1085
2007-06-14,7.81,7.93,7.55,7.57,92465.15,71303.36,0.073682
2007-06-15,7.46,7.6,7.18,7.29,56925.23,41864.346,0.045362
2007-06-18,7.33,7.83,7.33,7.66,71321.0,53677.435,0.056833
2007-06-19,7.61,8.04,7.46,7.9,101091.07,79172.081,0.080556
2007-06-20,7.92,8.62,7.8,7.91,144866.86,119711.362,0.11543900000000001
2007-06-21,7.9,8.28,7.88,8.17,91512.8,74192.602,0.072923
2007-06-22,8.24,8.37,7.35,7.35,85188.18,65509.125,0.067883
2007-06-25,7.08,7.48,6.62,6.62,60483.99,41361.49,0.048197000000000004
2007-06-26,6.45,6.5,5.96,6.49,70310.0,43327.576,0.052531
2007-06-27,6.49,6.66,6.29,6.55,55452.06,35860.065,0.041430999999999996
2007-06-28,6.45,6.75,5.9,5.91,55912.88,35354.388,0.041775
2007-06-29,5.69,6.15,5.32,5.82,55679.51,31604.74,0.0416
2007-07-02,5.68,6.14,5.68,6.12,38487.64,22780.212,0.028756
2007-07-03,6.13,6.2,5.8,6.02,31843.84,19022.572,0.023792
2007-07-04,6.07,6.1,5.65,5.69,25348.48,14755.089,0.018938999999999998
2007-07-05,5.57,5.92,5.4,5.45,29153.42,16473.878,0.021782
2007-07-06,5.35,5.9,5.35,5.88,37542.48,21345.842,0.028050000000000002
2007-07-09,5.9,6.16,5.8,6.03,46446.81,27739.59,0.034702000000000004
2007-07-10,6.01,6.04,5.7,5.8,30911.74,18109.479,0.023094999999999997
2007-07-11,5.81,6.02,5.76,6.0,30922.45,18267.888,0.023103
2007-07-12,6.07,6.07,5.85,5.95,22787.32,13561.096,0.017025
2007-07-13,5.89,5.99,5.76,5.92,14244.05,8317.335,0.010642
2007-07-16,5.92,5.98,5.68,5.7,13658.99,7893.349,0.010204999999999999
2007-07-17,5.7,5.89,5.61,5.84,16848.23,9758.012,0.012587999999999998
2007-07-18,5.82,6.42,5.75,6.42,98679.39,62183.262,0.073727
2007-07-19,6.29,6.65,6.1,6.46,80589.28,51604.335,0.060212
2007-07-20,6.4,6.98,6.29,6.73,66764.67,44018.056,0.049883
2007-07-23,6.7,7.11,6.6,6.94,68606.76,47218.886,0.051259
2007-07-24,6.97,7.12,6.78,6.79,55786.85,38577.866,0.041680999999999996
2007-07-25,6.8,7.0,6.73,7.0,37684.11,25886.129,0.028155
2007-07-26,7.01,7.29,6.91,7.12,44299.37,31427.116,0.033098
2007-07-27,7.01,7.36,6.91,7.22,56194.6,40074.526,0.041985
2007-07-30,7.2,7.45,7.1,7.26,50840.76,37211.058,0.037985000000000005
2007-07-31,7.2,7.48,6.98,7.45,56196.74,40691.604,0.041987
2007-08-01,7.52,7.95,7.2,7.25,95910.4,72592.227,0.071659
2007-08-02,7.29,7.65,7.25,7.53,55422.21,41280.156,0.04140799999999999
2007-08-03,7.6,7.9,7.42,7.76,73078.24,56302.146,0.0546
2007-08-06,7.9,8.2,7.76,8.02,77458.43,61743.595,0.05787200000000001
2007-08-07,8.02,8.09,7.7,7.75,52522.48,41127.596,0.039242
2007-08-08,7.68,7.68,6.98,7.21,75154.36,54616.499,0.056151
2007-08-09,7.18,7.38,7.16,7.18,47602.82,34539.165,0.035566
2007-08-10,7.2,7.31,6.72,6.97,37137.86,26116.219,0.027747
2007-08-13,6.96,7.22,6.55,7.12,59544.38,40556.341,0.044488
2007-08-14,7.05,7.8,6.92,7.65,68819.47,50589.604,0.051418
2007-08-15,7.58,7.8,7.42,7.67,84298.8,64395.646,0.062983
2007-08-16,7.56,7.98,7.4,7.84,83722.54,65311.994,0.062553
2007-08-17,7.85,7.99,7.75,7.79,63979.92,50244.202,0.047802
2007-08-20,7.91,8.05,7.85,7.91,51970.32,41175.222,0.038828999999999995
2007-08-21,7.91,8.15,7.82,8.02,56894.12,45633.603,0.042508
2007-08-22,7.97,8.82,7.85,8.63,129859.67,109785.149,0.097023
2007-08-23,8.64,9.12,8.6,8.99,110881.71,99318.463,0.082844
2007-08-24,9.1,9.43,8.69,8.78,111060.85,100261.44,0.08297800000000001
2007-08-27,8.97,9.66,8.81,9.66,161049.87,151855.285,0.120327
2007-08-28,9.7,10.63,9.4,10.16,163248.65,164677.924,0.12197
2007-08-29,10.2,10.38,9.6,9.9,93458.89,93184.503,0.069827
2007-08-30,9.92,10.89,9.92,10.89,134775.57,142807.568,0.100696
2007-08-31,10.9,11.4,10.7,10.85,132690.04,146841.142,0.099138
2007-09-03,10.8,11.3,10.2,10.64,179103.08,192480.77,0.13381500000000002
2007-09-04,10.5,10.5,9.96,10.08,142059.71,144303.056,0.106139
2007-09-05,10.0,10.57,9.95,10.38,87360.64,89712.342,0.065271
2007-09-06,10.41,10.59,10.05,10.25,57540.69,58924.581,0.042991
2007-09-07,10.1,10.55,9.51,10.27,92240.17,92567.265,0.068916
2007-09-11,10.41,10.59,9.3,9.33,74197.66,74487.434,0.055436
2007-09-12,9.04,9.5,8.76,9.25,72558.07,66024.567,0.054211
2007-09-13,9.24,9.73,9.08,9.43,39985.9,37626.911,0.029875
2007-09-14,9.51,9.58,9.2,9.49,35887.9,33643.518,0.026812999999999997
2007-09-17,9.3,10.35,9.25,10.0,83722.63,83125.28,0.062553
2007-09-18,10.0,10.15,9.68,10.02,37194.9,36676.094,0.02779
2007-09-19,10.1,10.27,9.84,10.0,52604.42,53132.001,0.039303
2007-09-20,10.0,10.55,10.0,10.23,61651.43,63501.503,0.046062000000000006
2007-09-21,10.53,10.73,10.06,10.32,62811.08,65598.008,0.046929
2007-09-24,10.32,10.32,9.71,9.78,46665.53,46558.306,0.034866
2007-09-25,9.8,10.2,9.78,9.84,29985.34,29740.126,0.022403
2007-09-26,9.8,10.06,9.25,9.36,27882.76,26868.182,0.020832000000000003
2007-09-27,9.43,9.9,9.43,9.62,24760.88,23881.672,0.018500000000000003
2007-09-28,9.88,9.9,9.62,9.78,20636.0,20169.602,0.015418000000000001
2007-10-08,9.88,10.4,9.78,9.94,33521.75,33752.733,0.025045
2007-10-09,9.94,10.35,9.8,10.18,38716.91,39135.707,0.028927
2007-10-10,10.18,10.28,9.61,9.89,38160.62,38131.374,0.028511
2007-10-11,9.8,10.05,9.13,9.23,48631.59,45435.131,0.036335
2007-10-12,9.24,9.4,8.31,8.6,54026.86,46437.399,0.040366
2007-10-15,8.66,8.88,7.88,8.51,42098.69,35169.12,0.031454
2007-10-16,8.49,8.88,8.0,8.7,27333.34,23016.983,0.020422
2007-10-17,8.59,8.7,8.39,8.56,15527.19,13232.054,0.011600999999999998
2007-10-18,8.4,8.5,8.1,8.18,22075.18,18129.293,0.016493
2007-10-19,8.2,8.39,8.17,8.3,14405.36,11885.981,0.010763
2007-10-22,8.28,8.5,8.1,8.17,11997.1,9930.051,0.008964
2007-10-23,8.36,8.36,7.98,8.13,13337.79,10828.188,0.009965
2007-10-24,8.1,8.25,7.51,7.58,22101.81,17438.77,0.016513
2007-10-25,7.41,7.6,6.82,6.82,34240.29,23831.325,0.025581999999999997
2007-10-26,6.68,6.81,6.33,6.78,25566.75,16763.712,0.019101999999999997
2007-10-29,6.8,6.9,6.42,6.82,16654.2,11136.279,0.012443
2007-10-30,6.82,7.38,6.82,7.1,20255.86,14537.333,0.015134000000000002
2007-10-31,7.81,7.81,7.1,7.81,23158.35,17796.281,0.017303
2007-11-01,8.0,8.3,7.8,7.9,38117.23,30589.22,0.028479
2007-11-02,7.7,7.84,7.5,7.7,17201.38,13126.232,0.012851999999999999
2007-11-05,7.7,8.35,7.68,8.08,19345.36,15611.249,0.014454
2007-11-06,8.06,8.2,7.93,8.06,10502.83,8506.456,0.007847
2007-11-07,8.27,8.27,7.65,7.89,12164.29,9545.699,0.009088
2007-11-08,7.75,7.88,7.19,7.26,14530.26,10910.512,0.010856
2007-11-09,7.2,7.69,7.16,7.5,13454.97,10082.167,0.010053000000000001
2007-11-12,7.35,7.47,7.08,7.37,9359.06,6843.378,0.006993
2007-11-13,7.4,7.8,7.4,7.57,14893.48,11366.895,0.011128
2007-11-14,7.64,8.25,7.62,8.14,25362.45,20349.702,0.018949
2007-11-15,8.15,8.15,7.88,7.96,14015.89,11216.793,0.010471999999999999
2007-11-16,7.89,8.28,7.83,8.24,16318.77,13236.186,0.012192000000000001
2007-11-19,8.33,8.49,8.08,8.41,27517.52,22859.477,0.020558999999999997
2007-11-20,8.3,8.46,8.18,8.22,26339.76,21756.81,0.01968
2007-11-21,8.26,8.26,7.88,7.93,14698.62,11851.335,0.010982
2007-11-22,7.83,7.9,7.6,7.65,16432.57,12761.956,0.012277
2007-11-23,7.6,7.95,7.41,7.9,16151.98,12505.365,0.012068
2007-11-26,7.91,8.12,7.71,7.78,12833.72,10210.638,0.009589
2007-11-27,7.7,7.92,7.6,7.85,10601.7,8240.211,0.007921000000000001
2007-11-28,7.93,8.03,7.8,7.9,11419.46,9051.144,0.008532
2007-11-29,8.1,8.15,7.88,8.0,13692.03,10938.888,0.01023
2007-11-30,8.0,8.05,7.77,7.8,9253.04,7251.39,0.006913
2007-12-03,7.83,7.99,7.61,7.85,13057.11,10185.821,0.009756
2007-12-04,7.8,8.04,7.8,7.89,9961.39,7904.309,0.007443
2007-12-05,7.9,8.03,7.78,8.0,16420.25,13017.36,0.012268
2007-12-06,8.02,8.05,7.82,8.05,13753.01,10931.399,0.010275000000000001
2007-12-07,8.1,8.24,8.01,8.21,28213.49,22848.143,0.021079
2007-12-10,8.13,8.55,8.01,8.47,37694.68,31359.292,0.028163
2007-12-11,8.35,8.65,8.32,8.59,29104.19,24772.194,0.021745
2007-12-12,8.5,8.8,8.48,8.78,26184.52,22700.53,0.019563999999999998
2007-12-13,8.74,8.82,8.2,8.24,26023.72,22177.252,0.019443
2007-12-14,8.11,8.5,8.1,8.49,20841.21,17447.336,0.015571
2007-12-17,8.5,9.1,8.45,8.87,43767.82,38964.337,0.032701
2007-12-18,8.87,9.27,8.71,8.79,22416.91,20259.282,0.016749
2007-12-19,8.89,9.19,8.79,8.98,19018.34,17099.897,0.014209000000000001
2007-12-20,8.91,9.34,8.91,9.22,26383.68,24278.58,0.019712
2007-12-21,9.18,9.29,9.03,9.2,17671.89,16158.736,0.013203
2007-12-24,9.2,9.27,9.06,9.09,31437.92,28746.079,0.023489
2007-12-25,9.07,9.2,9.04,9.07,19671.33,17897.689,0.014697
2007-12-26,9.1,9.48,9.1,9.45,31298.68,29226.276,0.023385
2007-12-27,9.56,9.97,9.5,9.55,52249.87,50958.653,0.039037999999999996
2007-12-28,9.63,9.65,9.2,9.35,44838.78,41919.944,0.033500999999999996
2008-01-02,9.4,10.29,9.4,10.29,126434.19,128594.58,0.094464
2008-01-03,10.34,10.96,10.01,10.51,187857.01,197140.295,0.140356
2008-01-04,10.38,10.85,10.1,10.63,83440.36,87484.423,0.062342
2008-01-07,10.6,10.92,10.32,10.74,53666.28,57190.016,0.040096
2008-01-08,10.74,10.82,10.17,10.2,69257.31,71858.002,0.051745
2008-01-09,10.15,10.6,10.05,10.51,43594.21,45001.626,0.032570999999999996
2008-01-10,10.51,10.7,10.25,10.34,42002.4,43877.164,0.031382
2008-01-11,10.36,10.49,9.92,10.01,46354.74,46690.412,0.034634
2008-01-14,10.02,10.45,9.85,10.16,47031.07,47933.97,0.035139000000000004
2008-01-15,10.15,10.49,10.11,10.3,40719.05,42038.316,0.030423
2008-01-16,10.29,10.7,9.95,10.53,77766.91,80571.78,0.058102999999999995
2008-01-17,10.55,10.72,9.53,10.17,69581.6,71205.794,0.051987
2008-01-18,10.17,10.38,10.0,10.36,45738.22,46734.564,0.034173
2008-01-21,10.41,10.7,10.1,10.54,104161.48,109231.703,0.077823
2008-01-22,10.15,10.25,9.49,9.49,60629.38,58415.734,0.045299
2008-01-23,8.8,9.6,8.8,9.53,70990.2,65802.625,0.053040000000000004
2008-01-24,9.53,9.89,9.3,9.61,51565.23,49647.376,0.038526
2008-01-25,9.53,9.79,9.3,9.39,40920.97,39054.847,0.030574
2008-01-28,9.3,9.3,8.45,8.45,46272.03,39920.618,0.034572
2008-01-29,8.4,8.65,8.12,8.4,28813.96,24199.14,0.021528000000000002
2008-01-30,8.55,8.78,8.18,8.59,32028.8,27339.706,0.023929999999999996
2008-01-31,8.67,8.78,8.05,8.15,17894.22,15160.366,0.01337
2008-02-01,8.06,8.3,7.35,7.66,29137.6,22422.64,0.02177
2008-02-04,7.99,8.43,7.78,8.42,24717.83,20176.372,0.018468
2008-02-05,8.4,8.74,8.21,8.58,24314.79,20794.167,0.018167
2008-02-13,8.53,8.65,8.31,8.41,12726.45,10802.548,0.009507999999999999
2008-02-14,8.47,8.76,8.47,8.65,16557.26,14262.87,0.012371
2008-02-15,8.6,8.64,8.2,8.48,18979.81,15963.554,0.014181
2008-02-18,8.62,8.83,8.5,8.7,19206.67,16704.155,0.01435
2008-02-19,8.7,8.95,8.6,8.88,22668.83,19988.487,0.016937
2008-02-20,8.92,9.09,8.68,8.7,22950.41,20340.358,0.017147
2008-02-21,8.66,8.98,8.45,8.8,32119.47,27973.165,0.023998
2008-02-22,8.81,9.05,8.57,8.85,33082.48,29126.784,0.024717
2008-02-25,8.86,8.93,8.4,8.48,21003.91,18262.583,0.015693
2008-02-26,8.68,8.78,8.3,8.76,18248.04,15698.384,0.013634
2008-02-27,8.83,9.08,8.72,9.03,32802.89,29416.821,0.024508000000000002
2008-02-28,9.0,9.1,8.81,8.93,19124.12,17164.611,0.014288
2008-02-29,8.92,9.17,8.85,9.15,24687.7,22410.168,0.018445
2008-03-03,9.05,9.68,9.0,9.6,39061.96,36571.561,0.029185
2008-03-04,9.68,9.78,9.38,9.41,35643.45,34031.748,0.026631000000000002
2008-03-05,9.33,9.78,9.33,9.75,41857.07,40127.982,0.031273
2008-03-06,9.8,10.1,9.6,9.72,51646.95,51224.979,0.038588
2008-03-07,9.55,9.69,9.18,9.3,26777.57,25150.989,0.020007
2008-03-10,9.0,9.27,8.9,9.05,18960.69,17212.873,0.014166000000000002
2008-03-11,8.98,9.96,8.84,9.96,42456.93,40562.764,0.031721
2008-03-12,10.36,10.43,9.56,9.62,119273.75,120341.869,0.089114
2008-03-13,9.49,9.49,8.89,9.21,54638.34,50071.572,0.040823
2008-03-14,9.21,9.3,8.9,9.03,23481.82,21282.155,0.017544
2008-03-17,8.95,8.98,8.13,8.13,33721.04,28338.976,0.025194
2008-03-18,7.9,8.11,7.32,7.46,34443.53,26191.824,0.025734
2008-03-19,7.8,8.11,7.45,7.79,26766.64,20782.052,0.019998000000000002
2008-03-20,7.63,8.38,7.22,8.18,39961.12,31739.361,0.029857
2008-03-21,8.08,8.65,7.95,8.29,37687.91,31634.562,0.028158
2008-03-24,8.54,8.77,8.25,8.31,25699.31,21796.847,0.019201
2008-03-25,8.17,8.56,8.01,8.53,17533.27,14605.207,0.0131
2008-03-26,8.51,8.8,8.42,8.61,18432.83,15849.108,0.013772
2008-03-27,8.4,8.61,8.0,8.0,17585.71,14491.507,0.013139000000000001
2008-03-28,7.8,8.48,7.71,8.42,19592.66,15985.706,0.014638
2008-03-31,8.05,8.46,8.0,8.07,13889.09,11376.531,0.010377
2008-04-01,7.9,8.15,7.26,7.26,19099.62,14343.226,0.01427
2008-04-02,7.1,7.47,6.53,6.59,24183.25,16592.266,0.018068
2008-04-03,6.61,6.9,6.32,6.7,17493.09,11507.456,0.01307
2008-04-07,6.63,7.2,6.42,7.09,16527.1,11564.109,0.012348
2008-04-08,7.09,7.41,7.05,7.38,17542.05,12781.504,0.013106
2008-04-09,7.25,7.44,6.7,6.83,16317.26,11614.436,0.012191
2008-04-10,6.68,7.0,6.6,7.0,13335.54,9056.188,0.009963999999999999
2008-04-11,7.08,7.31,6.91,7.1,14413.6,10221.567,0.010768999999999999
2008-04-14,6.92,6.92,6.44,6.48,14918.78,9913.88,0.011146
2008-04-15,6.5,6.8,6.38,6.73,9751.69,6417.459,0.007286
2008-04-16,6.69,6.88,6.48,6.55,7577.46,5039.679,0.005661
2008-04-17,6.6,6.7,6.0,6.31,10396.62,6627.822,0.007768000000000001
2008-04-18,6.4,6.4,5.71,5.94,12300.95,7398.721,0.009191
2008-04-21,6.4,6.48,5.6,5.68,17626.77,10613.644,0.01317
2008-04-22,5.65,5.65,5.11,5.42,22698.1,12205.202,0.016959
2008-04-23,5.48,5.7,5.3,5.65,24109.25,13390.426,0.018012999999999998
2008-04-24,6.21,6.22,5.92,6.16,64705.53,39531.765,0.048344
2008-04-25,6.16,6.44,5.98,6.18,41182.48,25473.865,0.030769
2008-04-28,6.08,6.35,5.99,6.26,32075.53,20027.988,0.023965
2008-04-29,6.2,6.35,6.13,6.27,22541.89,14052.962,0.016842
2008-04-30,6.15,6.65,6.0,6.59,88100.79,55380.699,0.065824
2008-05-05,6.62,6.68,6.38,6.62,46148.66,30219.483,0.03448
2008-05-06,6.59,6.99,6.53,6.76,73584.1,50091.986,0.054978
2008-05-07,6.8,6.85,6.33,6.37,33595.69,22103.355,0.025101
2008-05-08,6.28,6.71,6.26,6.69,30909.48,20187.529,0.023094
2008-05-09,6.71,6.98,6.5,6.71,37003.24,25040.689,0.027646999999999998
2008-05-12,6.71,6.83,6.5,6.79,32210.04,21578.516,0.024065
2008-05-13,6.54,7.18,6.49,7.05,64571.45,45093.151,0.048243999999999995
2008-05-14,7.05,7.19,6.94,7.16,32658.94,23052.671,0.024401000000000003
2008-05-15,7.17,7.31,7.06,7.09,36384.66,26139.394,0.027184
2008-05-16,7.08,7.09,6.8,6.9,23456.35,16235.163,0.017525
2008-05-19,6.88,7.02,6.65,6.75,16269.91,11074.055,0.012156
2008-05-20,6.88,6.97,6.4,6.41,18638.76,12418.285,0.013926000000000001
2008-05-21,6.3,6.7,5.8,6.67,37709.24,23771.449,0.028174
2008-05-22,6.5,7.34,6.4,6.79,64775.22,45184.749,0.048396
2008-05-23,6.61,7.33,6.27,7.02,95630.73,67120.881,0.07145
2008-05-26,6.98,7.3,6.71,6.74,63822.62,44937.566,0.047684
2008-05-27,6.6,6.75,6.2,6.47,36574.68,23271.484,0.027326000000000003
2008-05-28,6.47,6.57,6.28,6.49,19575.45,12599.799,0.014625999999999998
2008-05-29,6.49,6.75,6.35,6.38,26447.94,17355.307,0.01976
2008-05-30,6.38,6.48,6.17,6.22,21196.39,13282.087,0.015837
2008-06-02,6.23,6.69,6.17,6.45,32764.38,20949.295,0.02448
2008-06-03,6.55,6.98,6.49,6.59,76577.45,51575.043,0.057214
2008-06-04,6.36,6.45,6.13,6.26,31506.02,19762.461,0.023538999999999997
2008-06-05,6.2,6.34,6.15,6.18,12207.08,7589.949,0.00912
2008-06-06,6.2,6.55,6.16,6.38,21925.36,13808.099,0.016381
2008-06-10,6.3,6.67,5.83,6.0,82415.61,52593.823,0.061576000000000006
2008-06-11,6.13,6.4,5.48,6.05,58365.69,34402.506,0.04360699999999999
2008-06-12,5.98,6.25,5.56,5.68,37133.92,21576.419,0.027744
2008-06-13,5.79,5.79,5.31,5.36,22558.48,12523.559,0.016854
2008-06-16,5.3,5.47,5.04,5.07,19078.24,9875.938,0.014254
2008-06-17,5.1,5.15,4.59,4.6,26675.14,12938.284,0.01993
2008-06-18,4.6,4.89,4.29,4.84,23344.61,10817.174,0.017442
2008-06-19,4.84,4.87,4.36,4.36,21442.24,9799.679,0.01602
2008-06-20,4.26,4.58,4.03,4.42,21965.33,9579.598,0.016411
2008-06-23,4.45,4.53,4.3,4.32,9778.16,4308.438,0.007306
2008-06-24,4.4,4.55,4.3,4.49,15176.35,6778.252,0.011338999999999998
2008-06-25,4.49,4.74,4.41,4.68,21475.99,9943.697,0.016046
2008-06-27,4.49,4.54,4.21,4.25,29403.9,12733.468,0.020679
2008-06-30,4.23,4.38,4.04,4.37,11798.61,5047.33,0.008298
2008-07-01,4.4,4.43,4.07,4.08,15152.28,6342.072,0.010656
2008-07-02,4.15,4.3,3.91,4.22,12411.19,5186.146,0.008728
2008-07-03,4.18,4.46,4.1,4.4,24343.73,10588.897,0.01712
2008-07-04,4.32,4.84,4.3,4.84,56957.34,26411.694,0.040056
2008-07-07,4.88,5.32,4.83,5.32,108545.98,56130.45,0.076336
2008-07-08,5.36,5.36,5.07,5.26,59393.28,30866.874,0.041769
2008-07-09,5.26,5.5,5.09,5.41,71202.16,37464.887,0.050073999999999994
2008-07-10,5.28,5.38,5.0,5.02,49899.75,26088.451,0.035093
2008-07-11,4.95,5.13,4.92,5.01,25433.75,12758.263,0.017887
2008-07-14,5.04,5.2,5.0,5.19,21886.8,11200.204,0.015392
2008-07-15,5.23,5.29,4.9,5.03,26699.6,13544.399,0.018777
2008-07-16,4.95,5.17,4.6,4.77,28159.04,13764.628,0.019803
2008-07-17,4.71,4.94,4.64,4.67,21484.15,10276.623,0.015109
2008-07-18,4.65,4.85,4.53,4.79,16445.32,7755.464,0.011565
2008-07-21,4.85,5.16,4.78,5.09,22236.25,11086.592,0.015638
2008-07-22,5.09,5.17,5.0,5.07,18208.7,9250.627,0.012805
2008-07-23,5.07,5.2,5.06,5.08,19626.97,10054.59,0.013803000000000001
2008-07-24,5.11,5.27,5.11,5.22,27997.79,14602.005,0.01969
2008-07-25,5.12,5.32,5.12,5.23,26381.27,13816.517,0.018553
2008-07-28,5.3,5.3,5.13,5.17,20395.98,10611.16,0.014343999999999999
2008-07-29,5.11,5.14,4.9,5.01,22256.86,11175.817,0.015652
2008-07-30,5.08,5.13,5.0,5.03,14405.14,7305.053,0.010131
2008-07-31,5.0,5.06,4.8,4.82,12663.49,6207.154,0.008905999999999999
2008-08-01,4.8,4.97,4.75,4.93,14927.56,7266.526,0.010498
2008-08-04,4.9,5.03,4.81,4.82,9108.0,4490.171,0.006404999999999999
2008-08-05,4.83,4.83,4.5,4.53,11865.51,5531.62,0.008345
2008-08-06,4.63,4.68,4.39,4.48,14834.11,6712.409,0.010431999999999999
2008-08-07,4.48,4.66,4.45,4.64,7614.91,3453.64,0.0053549999999999995
2008-08-08,4.69,4.69,4.18,4.18,13346.42,5819.203,0.009386
2008-08-11,4.23,4.23,3.76,3.76,17279.34,6705.587,0.012152000000000001
2008-08-12,3.46,3.89,3.46,3.72,10507.37,3897.856,0.007389
2008-08-13,3.72,3.79,3.51,3.68,7282.27,2646.774,0.005121
2008-08-14,3.65,3.8,3.64,3.69,4666.52,1732.241,0.0032819999999999998
2008-08-15,3.63,3.87,3.62,3.74,8749.3,3301.992,0.006153
2008-08-18,3.8,3.8,3.37,3.37,11628.76,4048.367,0.008178
2008-08-19,3.31,3.55,3.31,3.45,8679.24,3010.704,0.006104000000000001
2008-08-20,3.39,3.79,3.38,3.71,14967.44,5495.78,0.010526
2008-08-21,3.71,3.88,3.59,3.64,12370.94,4609.283,0.0087
2008-08-22,3.62,3.72,3.45,3.6,6254.9,2237.578,0.004399
2008-08-25,3.6,3.69,3.51,3.55,9914.1,3550.576,0.006972000000000001
2008-08-26,3.51,3.53,3.3,3.34,10041.84,3409.47,0.007062000000000001
2008-08-27,3.4,3.43,3.29,3.37,9301.9,3138.349,0.006542
2008-08-28,3.35,3.42,3.32,3.42,6017.8,2034.632,0.0042320000000000005
2008-08-29,3.35,3.59,3.35,3.55,10784.63,3807.573,0.007584
2008-09-01,3.5,3.8,3.5,3.71,18192.59,6632.843,0.012794000000000002
2008-09-02,3.54,3.9,3.48,3.74,21186.38,7878.597,0.0149
2008-09-03,3.73,3.96,3.66,3.9,37316.27,14410.558,0.026243
2008-09-04,3.9,3.9,3.71,3.79,15060.52,5693.413,0.010591
2008-09-05,3.71,3.74,3.5,3.52,11705.69,4217.872,0.008232
2008-09-08,3.5,3.58,3.44,3.45,9969.82,3496.565,0.007011
2008-09-09,3.47,3.6,3.45,3.56,7285.78,2576.241,0.005124
2008-09-10,3.56,3.76,3.5,3.67,8305.55,3051.125,0.005841
2008-09-11,3.7,3.71,3.58,3.65,5583.98,2029.295,0.003927
2008-09-12,3.72,3.79,3.6,3.77,12491.45,4656.975,0.008785
2008-09-16,3.75,3.88,3.68,3.86,27015.45,10242.431,0.018999
2008-09-17,3.8,3.87,3.47,3.47,19748.29,7260.153,0.013888000000000001
2008-09-18,3.39,3.46,3.12,3.22,18858.55,6066.726,0.013262000000000001
2008-09-19,3.48,3.54,3.39,3.54,14862.38,5222.724,0.010452
2008-09-22,3.74,3.88,3.52,3.7,29705.5,11055.794,0.020891000000000003
2008-09-23,3.69,3.72,3.5,3.52,14669.24,5296.143,0.010316
2008-09-24,3.51,3.87,3.49,3.82,37979.14,14286.346,0.026709
2008-09-25,3.8,3.89,3.75,3.78,28205.09,10763.002,0.019836
2008-09-26,3.71,3.9,3.71,3.77,16307.66,6224.082,0.011469
2008-10-06,3.77,3.77,3.6,3.61,11798.06,4321.857,0.008297
2008-10-07,3.5,3.6,3.4,3.48,11545.22,4021.812,0.008119
2008-10-08,3.4,3.5,3.39,3.41,8772.06,2996.396,0.006169
2008-10-09,3.55,3.57,3.39,3.43,4009.96,1380.238,0.0028199999999999996
2008-10-10,3.38,3.38,3.09,3.09,13768.95,4326.248,0.009683
2008-10-13,3.09,3.12,2.86,3.1,7733.26,2328.203,0.005437999999999999
2008-10-14,3.25,3.26,2.95,2.98,8705.2,2695.762,0.006122
2008-10-15,3.0,3.03,2.93,2.98,5639.45,1681.712,0.003966
2008-10-16,2.9,2.9,2.68,2.75,16271.54,4514.291,0.011443000000000002
2008-10-17,2.81,2.81,2.65,2.73,6863.84,1877.483,0.0048270000000000006
2008-10-20,2.7,2.85,2.69,2.84,8605.77,2382.605,0.006051999999999999
2008-10-21,2.81,2.91,2.79,2.85,7560.29,2157.522,0.005317
2008-10-22,2.85,2.85,2.73,2.74,7734.01,2152.696,0.005439
2008-10-23,2.74,3.01,2.72,3.01,24690.62,7317.039,0.017364
2008-10-24,3.17,3.24,2.84,2.93,37501.28,11436.786,0.026373
2008-10-27,2.83,3.17,2.75,2.87,42102.8,12679.737,0.029609
2008-10-28,2.72,2.96,2.7,2.91,20235.82,5774.582,0.014231
2008-10-29,2.91,2.95,2.72,2.73,12972.42,3696.505,0.009123
2008-10-30,2.75,2.81,2.64,2.69,9641.1,2610.784,0.0067800000000000004
2008-10-31,2.68,2.75,2.66,2.69,4762.88,1279.435,0.00335
2008-11-03,2.63,2.75,2.63,2.75,4360.53,1186.317,0.003067
2008-11-04,2.73,2.75,2.56,2.68,4043.27,1073.063,0.002843
2008-11-05,2.69,2.81,2.67,2.75,8062.08,2215.313,0.00567
2008-11-06,2.65,2.8,2.59,2.72,5179.7,1409.436,0.003643
2008-11-07,2.73,2.97,2.68,2.85,11650.38,3310.628,0.008193
2008-11-10,2.9,3.03,2.82,3.0,16758.59,4982.643,0.011786000000000001
2008-11-11,3.0,3.05,2.9,2.95,15446.4,4587.097,0.010863000000000001
2008-11-12,2.9,3.06,2.9,3.06,14623.1,4370.831,0.010284
2008-11-13,3.05,3.28,3.0,3.19,28020.38,8831.426,0.019705999999999998
2008-11-14,3.13,3.27,3.11,3.24,24801.4,7935.465,0.017442
2008-11-17,3.25,3.41,3.16,3.39,23822.77,7886.554,0.016754
2008-11-18,3.38,3.43,3.05,3.05,25670.07,8208.927,0.018053
2008-11-19,3.15,3.36,3.13,3.36,20246.9,6722.938,0.014239
2008-11-20,3.69,3.7,3.6,3.7,25367.09,9366.326,0.01784
2008-11-21,3.72,3.84,3.43,3.69,76210.69,27669.746,0.053596000000000005
2008-11-24,3.66,3.85,3.36,3.39,35450.64,12828.091,0.024931000000000002
2008-11-25,3.48,3.58,3.35,3.56,31958.12,11114.044,0.022475000000000002
2008-11-26,3.49,3.92,3.49,3.92,91693.4,35420.052,0.064484
2008-11-27,4.01,4.31,3.95,4.14,101112.18,41852.67,0.071108
2008-11-28,4.12,4.55,4.12,4.55,137270.54,61103.315,0.09653700000000001
2008-12-02,4.7,4.95,4.11,4.29,172302.09,75493.216,0.121173
2008-12-03,4.3,4.4,4.16,4.3,120314.31,51387.404,0.08461199999999999
2008-12-04,4.29,4.49,4.2,4.23,137329.4,59370.725,0.096578
2008-12-05,4.26,4.43,4.12,4.39,110963.37,47277.964,0.07803600000000001
2008-12-08,4.33,4.47,4.31,4.45,108952.09,47879.488,0.07662200000000001
2008-12-09,4.45,4.45,4.18,4.22,63846.79,27269.893,0.044900999999999996
2008-12-10,4.15,4.33,4.13,4.29,47545.12,20201.795,0.033437
2008-12-11,4.28,4.64,4.28,4.35,115060.41,51585.285,0.08091699999999999
2008-12-12,4.34,4.52,4.04,4.31,112221.11,47801.016,0.078921
2008-12-15,4.34,4.45,3.98,4.14,75262.06,31613.527,0.052929000000000004
2008-12-16,4.14,4.14,3.77,3.96,65669.4,25501.199,0.046182999999999995
2008-12-17,3.94,4.2,3.84,4.13,63531.67,25869.943,0.044679
2008-12-18,4.05,4.15,3.9,4.09,48013.08,19437.524,0.033766
2008-12-19,4.09,4.14,4.02,4.11,42445.97,17380.224,0.029851000000000003
2008-12-22,4.11,4.28,4.11,4.23,72737.06,30612.523,0.051153000000000004
2008-12-23,4.22,4.22,3.81,3.81,53941.52,21548.515,0.037934999999999997
2008-12-24,3.7,3.71,3.61,3.69,33311.83,12205.69,0.023426999999999996
2008-12-25,3.68,3.76,3.53,3.6,21118.26,7673.682,0.014852
2008-12-26,3.6,3.67,3.51,3.61,17820.89,6404.304,0.012533
2008-12-29,3.6,3.65,3.5,3.57,14213.24,5063.087,0.009996
2008-12-30,3.69,3.75,3.59,3.62,20262.8,7434.728,0.01425
2008-12-31,3.59,3.64,3.49,3.49,13000.88,4613.662,0.009143
2009-01-05,3.66,3.66,3.49,3.6,20411.92,7282.301,0.014355
2009-01-06,3.69,3.96,3.6,3.96,40770.94,15514.328,0.028673
2009-01-07,3.96,4.07,3.85,3.91,59280.0,23436.45,0.041689
2009-01-08,3.7,3.83,3.6,3.64,36579.29,13540.791,0.025724999999999998
2009-01-09,3.64,3.75,3.59,3.75,23416.3,8564.249,0.016468
2009-01-12,3.7,3.82,3.68,3.76,18877.65,7103.71,0.013276
2009-01-13,3.71,3.73,3.57,3.59,19323.02,7020.382,0.013589
2009-01-14,3.58,3.73,3.55,3.72,21283.74,7775.39,0.014967999999999999
2009-01-15,3.75,3.88,3.72,3.83,47615.35,18171.141,0.033485999999999995
2009-01-16,3.83,3.94,3.79,3.82,35290.24,13624.035,0.024817999999999996
2009-01-19,3.83,3.9,3.78,3.88,23784.55,9110.402,0.016727000000000002
2009-01-20,3.88,3.93,3.8,3.86,13304.89,5132.565,0.009356999999999999
2009-01-21,3.83,3.91,3.75,3.79,16797.06,6414.936,0.011813
2009-01-22,3.75,3.9,3.75,3.88,25744.49,9945.294,0.018105
2009-01-23,3.88,3.97,3.88,3.93,33283.07,13067.407,0.023407
2009-02-02,3.99,4.05,3.91,3.96,23540.43,9334.751,0.016555
2009-02-03,3.96,4.15,3.93,4.14,42848.39,17412.445,0.030133999999999998
2009-02-04,4.12,4.36,4.1,4.27,54905.69,23209.498,0.038613
2009-02-05,4.28,4.5,4.16,4.27,70636.39,30378.97,0.049676
2009-02-06,4.28,4.7,4.22,4.65,97013.2,43793.014,0.06822600000000001
2009-02-09,4.68,4.75,4.55,4.64,59943.89,27791.044,0.042156
2009-02-10,4.63,4.7,4.46,4.67,80806.55,36670.643,0.056828000000000004
2009-02-11,4.51,4.7,4.5,4.58,88796.22,40667.984,0.062447
2009-02-12,4.58,4.6,4.4,4.57,51873.46,23350.496,0.036481
2009-02-13,4.58,4.97,4.56,4.9,100447.94,48046.216,0.070641
2009-02-16,4.99,5.04,4.76,4.99,68768.98,33700.997,0.048362999999999996
2009-02-17,4.96,5.0,4.62,4.77,55762.2,26725.746,0.039215
2009-02-18,4.7,4.85,4.6,4.79,49354.98,23455.242,0.034709
2009-02-19,4.96,5.27,4.83,5.27,106522.25,54271.643,0.074913
2009-02-20,5.37,5.38,5.09,5.23,99704.95,52037.527,0.070119
2009-02-23,5.2,5.59,5.06,5.44,62282.54,33425.26,0.043801
2009-02-24,5.39,5.6,5.22,5.49,66483.68,35844.394,0.046755000000000005
2009-02-25,5.45,5.65,5.21,5.36,55842.82,30298.383,0.039272
2009-02-26,5.28,5.39,4.82,5.0,60950.15,31062.69,0.042864000000000006
2009-02-27,5.0,5.09,4.5,4.6,49531.39,23400.101,0.034832999999999996
2009-03-02,4.5,5.06,4.46,5.06,56297.03,28037.932,0.039591
2009-03-03,5.1,5.4,4.99,5.36,90707.89,47713.683,0.063791
2009-03-04,5.37,5.7,5.21,5.62,72445.14,40327.924,0.050948
2009-03-05,5.58,5.9,5.46,5.63,77630.28,44356.943,0.054594
2009-03-06,5.48,5.87,5.45,5.8,62763.69,35935.965,0.044139
2009-03-09,5.7,5.76,5.25,5.32,57986.32,31970.608,0.040780000000000004
2009-03-10,5.26,5.47,5.24,5.44,37097.5,19936.129,0.026089
2009-03-11,5.53,5.98,5.44,5.76,82721.85,47377.926,0.058175
2009-03-12,5.73,5.95,5.56,5.87,53418.63,31045.899,0.037566999999999996
2009-03-13,5.74,6.05,5.69,5.97,63696.75,37649.326,0.044795
2009-03-16,5.93,6.01,5.77,5.79,44761.57,26305.727,0.031479
2009-03-17,5.65,6.1,5.55,6.08,84166.95,48348.231,0.059191
2009-03-18,5.96,6.14,5.9,5.95,78645.89,47185.64,0.055309
2009-03-19,5.91,5.99,5.75,5.9,53782.82,31538.756,0.037823
2009-03-20,5.86,5.9,5.7,5.79,45844.84,26510.349,0.032241
2009-03-23,5.8,5.88,5.66,5.85,44167.73,25607.879,0.031061000000000002
2009-03-24,5.85,5.9,5.71,5.75,33270.74,19190.887,0.023398
2009-03-25,5.76,6.07,5.75,5.83,79288.34,47133.701,0.05576
2009-03-26,5.76,5.9,5.66,5.82,52753.67,30465.935,0.0371
2009-03-27,5.76,5.89,5.7,5.71,43064.9,24912.088,0.030286
2009-03-30,5.7,5.84,5.67,5.73,29206.04,16733.95,0.020539
2009-03-31,5.69,6.1,5.66,6.09,72140.16,42610.561,0.050733
2009-04-01,6.1,6.34,5.99,6.15,73219.21,45046.847,0.051492
2009-04-02,6.12,6.13,5.98,5.99,33100.28,19951.323,0.023278
2009-04-03,6.0,6.29,5.91,6.0,45912.91,27767.356,0.032289
2009-04-07,5.98,6.45,5.85,6.4,66392.22,40958.985,0.046691
2009-04-08,6.55,6.78,6.39,6.45,98541.42,64351.182,0.0693
2009-04-09,6.4,7.1,6.3,7.1,97267.63,65677.191,0.068405
2009-05-11,7.81,7.81,7.81,7.81,1781.03,1390.984,0.001253
2009-05-12,8.59,8.59,8.59,8.59,1728.13,1484.464,0.001215
2009-05-13,9.45,9.45,9.45,9.45,6388.62,6037.246,0.004493
2009-05-14,10.4,10.4,9.12,9.96,299578.04,295281.047,0.210682
2009-05-15,9.72,9.96,9.13,9.36,177724.52,169274.918,0.124987
2009-05-18,9.18,9.47,9.01,9.19,105542.2,96822.105,0.074224
2009-05-19,9.28,9.29,8.87,9.1,114445.62,103434.863,0.080485
2009-05-20,9.0,9.1,8.8,8.82,78880.12,70462.564,0.055473
2009-05-21,8.95,9.19,8.8,8.93,100516.99,90297.571,0.07069
2009-05-22,8.83,8.95,8.51,8.88,67134.29,58603.771,0.047213000000000005
2009-05-25,8.61,8.95,8.5,8.84,45437.46,39879.226,0.031953999999999996
2009-05-26,8.84,9.17,8.6,8.78,70661.11,63481.322,0.049692999999999994
2009-05-27,8.76,9.08,8.76,8.96,52854.22,47369.72,0.03717
2009-06-01,9.0,9.29,8.9,9.03,72758.86,66314.573,0.051168
2009-06-02,9.13,9.13,8.72,8.79,56680.51,50078.187,0.039861
2009-06-03,8.79,9.07,8.68,8.95,56273.55,50182.153,0.039575
2009-06-04,8.82,9.05,8.75,8.82,37033.27,32779.806,0.026044
2009-06-05,8.73,8.9,8.57,8.58,36487.62,31709.657,0.02566
2009-06-08,8.7,8.7,8.36,8.42,49433.65,41966.038,0.034765000000000004
2009-06-09,8.36,8.68,8.35,8.62,38346.64,32597.608,0.026968000000000002
2009-06-10,8.57,9.44,8.46,9.37,87154.7,78202.737,0.061292
2009-06-11,9.3,9.32,8.8,8.98,82207.44,74470.854,0.057812999999999996
2009-06-12,9.03,9.09,8.4,8.5,49235.07,42365.394,0.034624999999999996
2009-06-15,8.4,8.69,8.4,8.59,20110.31,17141.126,0.014143
2009-06-16,8.58,8.75,8.46,8.63,22445.48,19356.45,0.015785
2009-06-17,8.55,8.93,8.55,8.85,32513.79,28684.47,0.022866
2009-06-18,8.9,8.95,8.75,8.8,31525.43,27855.311,0.022171
2009-06-19,8.8,8.86,8.57,8.83,32863.61,28626.706,0.023112
2009-06-22,8.89,8.89,8.6,8.66,23707.17,20699.846,0.016672
2009-06-23,8.5,8.91,8.5,8.88,43026.86,37888.639,0.030259
2009-06-24,8.97,9.2,8.83,9.02,54830.29,49627.773,0.03856
2009-06-25,9.07,9.56,9.07,9.33,116123.98,108986.529,0.08166499999999999
2009-06-29,10.1,10.11,9.33,9.39,124393.12,121111.012,0.074477
2009-06-30,9.29,9.46,8.9,9.23,78882.38,72234.047,0.047228000000000006
2009-07-01,9.23,9.5,9.09,9.47,55671.79,52078.267,0.033332
2009-07-02,9.45,9.85,9.28,9.31,50663.52,48094.191,0.030333000000000002
2009-07-03,9.21,9.45,9.18,9.22,47174.97,43835.286,0.028245
2009-07-06,9.18,9.39,8.9,8.96,57102.07,51698.435,0.034188
2009-07-07,8.96,9.15,8.92,8.95,46931.56,42265.243,0.028099
2009-07-08,8.88,9.09,8.83,9.04,45346.21,40643.412,0.027149999999999997
2009-07-09,9.06,9.37,9.05,9.3,59501.13,55181.836,0.035623999999999996
2009-07-10,9.2,9.63,9.2,9.35,58330.78,54997.625,0.034924
2009-07-13,9.32,9.64,9.23,9.46,57214.24,54004.62,0.034255
2009-07-14,9.5,10.15,9.41,10.06,123303.91,122194.306,0.073824
2009-07-15,10.06,11.07,10.0,11.07,211070.95,227009.718,0.126372
2009-07-16,11.2,11.35,10.71,10.86,162406.13,178785.024,0.09723599999999999
2009-07-17,10.82,11.09,10.65,10.78,76980.74,83005.189,0.04609
2009-07-20,10.82,11.1,10.55,10.97,94713.76,102556.791,0.056707
2009-07-21,10.9,11.12,10.66,11.06,115638.81,126677.472,0.06923499999999999
2009-07-22,11.0,11.73,10.66,10.81,111709.87,122742.933,0.066883
2009-07-23,10.73,11.08,10.59,10.83,74690.61,80726.31,0.044718999999999995
2009-07-24,10.88,11.23,10.76,11.09,94739.7,104357.227,0.056722
2009-07-27,11.09,11.97,11.09,11.42,98797.17,113646.145,0.059151999999999996
2009-07-28,11.42,11.48,10.9,11.04,79488.01,88114.778,0.047591
2009-07-29,10.96,11.0,9.94,10.02,103376.49,108752.873,0.061894
2009-07-30,10.15,10.32,9.9,10.16,69766.5,70499.43,0.041771
2009-07-31,10.18,10.73,10.08,10.68,68554.81,71385.627,0.041045
2009-08-03,10.73,11.25,10.55,11.19,89051.02,97615.032,0.053316999999999996
2009-08-04,11.2,11.27,10.82,11.1,58060.87,63984.5,0.034762
2009-08-05,11.08,11.09,10.8,10.97,49826.91,54363.605,0.029832
2009-08-06,10.91,10.91,10.45,10.57,46051.49,49071.681,0.027572
2009-08-07,10.56,10.76,10.32,10.34,31583.73,33132.923,0.01891
2009-08-10,10.4,10.69,10.22,10.36,33074.81,34176.385,0.019803
2009-08-11,10.39,10.68,10.39,10.62,20067.86,21130.943,0.012015
2009-08-12,10.65,11.18,10.52,10.8,90877.97,98926.426,0.05441
2009-08-13,10.71,11.01,10.35,10.95,56178.04,60129.967,0.033635
2009-08-14,11.03,11.47,10.76,11.15,126262.96,141063.961,0.075596
2009-08-17,10.9,10.9,10.04,10.04,69344.1,71764.538,0.041518
2009-08-18,9.7,9.97,9.04,9.6,64826.17,61830.622,0.038813
2009-08-19,9.55,9.83,8.68,8.84,53418.06,48803.398,0.031982
2009-08-20,8.8,9.4,8.8,9.28,29912.39,27130.382,0.017908999999999998
2009-08-21,9.3,9.68,9.01,9.48,23336.28,21948.426,0.013972
2009-08-24,9.48,9.65,9.4,9.59,28281.48,26991.862,0.016933
2009-08-25,9.55,9.64,8.89,9.47,31858.1,29311.683,0.019074
2009-08-26,9.36,9.9,9.14,9.76,31452.93,30389.068,0.018831
2009-08-27,9.86,9.92,9.61,9.78,23951.38,23405.598,0.014339999999999999
2009-08-28,9.7,9.98,9.45,9.47,17157.89,16453.034,0.010273000000000001
2009-08-31,9.44,9.45,8.89,8.94,22175.93,20013.674,0.013277
2009-09-01,8.94,9.27,8.91,9.09,14420.82,13068.229,0.008634
2009-09-02,9.0,9.2,9.0,9.17,10804.0,9846.257,0.006469
2009-09-03,9.2,9.8,9.18,9.69,24662.97,23596.33,0.014766
2009-09-04,9.57,10.1,9.57,9.84,31487.19,31157.176,0.018852
2009-09-07,9.98,10.16,9.88,10.0,40433.98,40586.077,0.024209
2009-09-08,9.75,10.7,9.7,10.45,60435.85,62549.5,0.036184
2009-09-09,10.45,10.58,10.27,10.53,34900.6,36444.185,0.020895999999999998
2009-09-10,10.41,10.95,10.41,10.66,40481.67,43265.038,0.024237
2009-09-11,10.94,11.16,10.54,11.05,109038.11,118276.726,0.065283
2009-09-14,11.09,12.16,10.88,12.0,193530.66,225199.717,0.115871
2009-09-15,12.06,12.24,11.53,11.85,94812.15,112848.119,0.056766
2009-09-16,11.88,12.49,11.67,12.37,102153.81,123827.432,0.061161
2009-09-17,12.4,13.61,12.4,13.61,155534.38,204750.645,0.093121
2009-09-18,13.63,13.84,12.6,13.0,123019.84,162644.888,0.073654
2009-09-28,12.3,12.3,11.7,11.7,28850.0,33927.958,0.017273
2009-09-29,10.62,11.21,10.53,10.7,92315.77,98570.801,0.055271
2009-09-30,10.72,10.89,9.92,10.03,81326.99,84576.728,0.048692
2009-10-09,10.38,10.74,10.29,10.43,55186.52,57870.747,0.033041
2009-10-12,10.5,11.2,10.5,11.18,63329.39,69007.947,0.037917
2009-10-13,11.11,11.33,10.86,11.29,41088.67,45444.773,0.024601
2009-10-14,11.45,11.68,10.9,11.12,50302.57,57045.448,0.030116999999999998
2009-10-15,11.1,11.27,10.84,11.02,41896.23,46151.964,0.025084
2009-10-16,11.09,11.55,11.02,11.51,68101.78,77356.629,0.040774
2009-10-19,11.5,12.21,11.4,11.89,68774.19,81041.041,0.041176000000000004
2009-10-20,11.9,12.03,11.61,11.89,48991.25,57950.364,0.029331999999999997
2009-10-21,11.9,12.19,11.7,11.94,42740.71,51108.279,0.02559
2009-10-22,11.73,11.93,11.6,11.69,33187.89,39097.72,0.019870000000000002
2009-10-23,11.7,12.09,11.6,11.71,53906.82,63843.073,0.032275
2009-10-26,11.91,12.1,11.53,11.84,33029.15,38877.071,0.019775
2009-10-27,11.82,11.82,11.36,11.43,37171.29,43104.412,0.022254999999999997
2009-10-28,11.34,12.57,11.34,12.0,84838.61,102594.461,0.05079500000000001
2009-10-29,11.81,12.15,11.62,11.65,43161.65,50972.347,0.025842
2009-10-30,11.85,11.88,11.52,11.69,27340.09,31997.314,0.016369
2009-11-02,11.6,12.1,11.32,12.07,54517.1,63560.614,0.032639999999999995
2009-11-03,12.08,12.58,11.95,12.52,70165.31,86158.861,0.042009
2009-11-04,12.53,12.88,12.42,12.62,54834.82,69359.811,0.032831
2009-11-05,12.6,12.88,12.5,12.75,41213.68,52456.111,0.024675
2009-11-06,12.8,12.88,12.57,12.61,37635.84,47634.422,0.022532999999999997
2009-11-09,12.6,12.78,12.35,12.55,32293.62,40588.592,0.019335
2009-11-10,12.48,13.0,12.4,12.93,62554.14,80141.474,0.037452
2009-11-11,12.9,13.08,12.77,12.84,35754.64,46192.346,0.021407
2009-11-12,12.9,13.12,12.75,12.96,42172.75,54554.196,0.025249999999999998
2009-11-13,12.82,13.0,12.66,12.87,39467.84,50598.267,0.023629999999999998
2009-11-16,12.99,13.31,12.9,13.1,58184.75,76342.52,0.034836
2009-11-17,13.15,13.77,13.06,13.4,77675.99,105154.121,0.046506
2009-11-18,13.44,14.16,13.38,14.09,97592.15,134271.239,0.05843
2009-11-19,14.02,14.02,13.39,13.69,110063.22,150303.404,0.065897
2009-11-20,13.68,13.89,13.25,13.76,73811.96,100207.199,0.044192999999999996
2009-11-23,13.76,13.82,13.5,13.67,39946.8,54439.898,0.023917
2009-11-24,13.68,14.19,13.19,13.21,76790.16,105490.306,0.045975999999999996
2009-11-25,13.18,13.47,13.01,13.42,54618.6,72413.142,0.032701
2009-11-26,13.42,13.85,12.55,12.63,67493.93,89532.697,0.04041
2009-11-27,12.58,12.89,12.51,12.61,44237.85,56221.304,0.026486
2009-11-30,12.63,12.99,12.63,12.94,35220.15,45090.175,0.021086999999999998
2009-12-01,12.94,13.15,12.75,13.07,34510.07,44938.53,0.020662
2009-12-02,13.13,13.58,13.03,13.5,59030.25,79197.184,0.035343
2009-12-03,13.47,13.82,13.43,13.67,55390.41,75626.677,0.033163
2009-12-04,13.72,13.88,12.71,13.07,65217.16,86454.794,0.039047
2009-12-07,13.07,13.21,12.83,13.09,25955.68,33692.254,0.01554
2009-12-08,13.09,13.35,13.0,13.25,37619.55,49494.373,0.022524000000000002
2009-12-09,13.23,13.65,13.11,13.37,52204.55,70363.73,0.031256
2009-12-10,13.37,13.8,13.37,13.46,31393.72,42587.221,0.018796
2009-12-11,13.51,13.51,13.07,13.09,31451.04,41690.715,0.01883
2009-12-14,13.3,13.3,12.5,12.9,28538.75,36727.484,0.017087
2009-12-15,13.12,13.12,12.56,12.69,24373.58,30926.38,0.014593
2009-12-16,12.63,12.97,12.62,12.82,21170.97,27049.982,0.012675
2009-12-17,12.93,12.98,12.48,12.66,34477.72,43813.13,0.020642
2009-12-18,12.67,12.74,11.39,11.57,58849.51,68918.281,0.035234
2009-12-21,11.5,11.58,10.78,11.55,42325.87,47121.61,0.025341
2009-12-22,11.41,11.42,10.96,11.0,26969.89,29954.079,0.016147
2009-12-23,10.98,11.15,10.78,11.08,23486.76,25831.095,0.014061999999999998
2009-12-24,11.08,11.34,11.03,11.28,27937.87,31379.32,0.016727000000000002
2009-12-25,11.28,11.55,11.0,11.42,32004.91,36228.903,0.019162
2009-12-29,11.6,11.74,11.3,11.53,47217.8,54573.909,0.02827
2009-12-30,11.53,11.55,11.13,11.46,41721.79,47286.056,0.024980000000000002
2009-12-31,11.47,12.1,11.4,12.01,51347.57,60394.706,0.030743
2010-01-04,11.85,11.99,11.76,11.89,26987.14,32047.522,0.016158
2010-01-05,11.89,12.5,11.7,12.06,32900.87,39792.419,0.019698
2010-01-06,12.05,12.15,11.67,11.71,29142.05,34694.196,0.017447999999999998
2010-01-07,11.72,11.81,11.17,11.38,30733.0,35231.424,0.0184
2010-01-08,11.27,11.44,11.2,11.36,16575.67,18741.764,0.009923999999999999
2010-01-11,11.38,11.79,11.38,11.6,37877.21,44165.519,0.022677999999999997
2010-01-12,11.6,12.45,11.6,12.38,116790.7,142114.79,0.069925
2010-01-13,12.1,12.59,11.99,12.22,69738.92,85737.16,0.041754
2010-01-14,12.22,12.85,12.22,12.54,52083.3,65738.762,0.031183000000000002
2010-01-15,12.65,12.77,12.32,12.52,38395.37,48179.461,0.022987999999999998
2010-01-18,12.55,12.95,12.42,12.89,51759.76,65677.655,0.030990000000000004
2010-01-26,12.45,12.45,11.72,11.85,38962.1,46795.908,0.023327
2010-01-27,11.61,11.7,11.0,11.25,25574.85,28920.604,0.015312
2010-01-29,10.99,11.78,10.3,11.31,19443.44,22075.773,0.011640999999999999
2010-02-01,11.34,11.44,11.14,11.2,13783.28,15436.189,0.008252
2010-02-02,11.35,11.48,11.14,11.27,11703.64,13249.815,0.007007
2010-02-03,11.27,11.4,10.9,11.1,14026.84,15624.844,0.008398
2010-02-04,11.1,11.2,10.88,11.04,18189.79,20082.629,0.010891
2010-02-05,10.5,10.98,10.5,10.73,13079.87,14052.835,0.007831
2010-02-08,10.61,10.85,10.61,10.7,7854.54,8404.872,0.004703
2010-02-09,10.7,10.87,10.61,10.75,6567.1,7046.608,0.003932
2010-02-10,10.77,11.18,10.75,11.06,13308.82,14704.1,0.007968
2010-02-11,11.36,11.36,11.02,11.07,5343.83,5945.08,0.003199
2010-02-12,11.22,11.24,11.08,11.21,6866.4,7678.043,0.004111
2010-02-22,11.21,11.3,11.12,11.2,9296.39,10406.501,0.005566
2010-02-24,11.21,11.97,11.2,11.74,23253.25,27266.401,0.013922
2010-02-25,11.7,11.83,11.6,11.78,21644.34,25333.696,0.012959
2010-02-26,11.78,11.79,11.58,11.59,14323.5,16681.467,0.008576
2010-03-01,11.7,11.7,11.32,11.49,30076.15,34354.345,0.018007
2010-03-02,11.55,11.8,11.49,11.8,45458.86,53199.24,0.027216999999999998
2010-03-03,11.8,11.96,11.61,11.9,28519.61,33646.78,0.017075
2010-03-04,11.88,12.32,11.61,11.7,40328.13,48215.79,0.024145
2010-03-05,11.79,11.95,11.38,11.41,21739.84,25110.561,0.013016000000000002
2010-03-08,11.35,11.54,11.15,11.24,27795.29,31538.447,0.016642
2010-03-09,11.35,11.47,11.0,11.47,26158.73,29474.046,0.015662
2010-03-10,11.46,11.46,11.2,11.31,16462.0,18585.615,0.009856
2010-03-11,11.25,12.4,11.25,12.26,112658.66,136202.991,0.067451
2010-03-12,12.18,12.35,11.92,12.0,45690.92,55264.211,0.027356
2010-03-15,12.05,12.5,11.9,12.41,41116.99,50132.029,0.024618
2010-03-16,12.49,12.66,12.3,12.54,46399.19,58042.643,0.02778
2010-03-17,12.46,12.74,12.4,12.66,39129.27,49167.266,0.023426999999999996
2010-03-18,12.62,12.63,12.22,12.32,41585.51,51547.37,0.024897999999999997
2010-03-19,12.3,12.61,12.25,12.42,33927.58,42270.979,0.020312999999999998
2010-03-22,12.81,13.1,12.42,12.53,56591.97,71846.536,0.033883
2010-03-23,12.31,12.78,12.19,12.66,41353.36,51464.651,0.024759000000000003
2010-03-24,12.55,12.99,12.45,12.95,54332.78,69353.72,0.03253
2010-03-25,12.88,12.89,12.41,12.7,33551.77,42425.941,0.020087999999999998
2010-03-26,12.6,12.83,12.5,12.63,31967.27,40393.364,0.019139
2010-03-30,12.7,12.73,12.2,12.38,46094.27,57080.344,0.027597999999999998
2010-03-31,12.32,12.55,12.32,12.5,23115.0,28827.154,0.013838999999999999
2010-04-01,12.5,12.68,12.3,12.58,43661.5,54527.675,0.026141
2010-04-02,12.62,12.91,12.41,12.81,56379.98,71848.551,0.033756
2010-04-06,12.85,13.18,12.61,13.01,58205.36,75284.682,0.034849
2010-04-07,13.07,13.11,12.73,12.88,38944.88,50162.19,0.023317
2010-04-08,12.81,12.84,12.54,12.58,33269.88,42055.325,0.019919
2010-04-09,12.58,12.94,12.58,12.84,29517.42,37708.838,0.017673
2010-04-12,12.78,12.9,12.29,12.47,45788.91,57383.272,0.027415
2010-04-13,12.47,12.64,11.65,12.1,42056.87,51173.704,0.025179999999999998
2010-04-14,12.0,12.46,12.0,12.41,25023.4,30597.479,0.014982
2010-04-15,12.31,12.38,12.03,12.18,20309.08,24817.142,0.012159
2010-04-16,12.06,12.16,11.87,11.96,20900.38,25069.496,0.012513000000000002
2010-04-19,11.9,11.95,11.12,11.17,29745.4,33989.559,0.017809
2010-04-20,11.17,11.46,11.11,11.4,17929.45,20145.94,0.010735
2010-04-21,11.37,11.59,11.2,11.5,32777.34,37324.929,0.019624
2010-04-22,11.49,11.49,11.15,11.17,39040.9,43864.816,0.023375
2010-04-23,11.17,11.27,10.67,10.7,45825.32,49848.5,0.027437
2010-04-26,10.78,10.84,10.43,10.5,42905.79,45459.39,0.025689000000000003
2010-04-27,10.5,10.59,9.82,10.0,37502.03,37783.08,0.022452999999999997
2010-04-28,10.09,11.0,10.0,11.0,122252.23,133221.601,0.073195
2010-04-29,11.03,11.78,10.97,11.16,211539.03,241428.447,0.12665300000000002
2010-04-30,10.95,10.95,10.11,10.4,77862.79,80984.402,0.04661800000000001
2010-05-04,10.13,11.24,9.89,10.92,78571.69,83257.074,0.047042
2010-05-05,10.68,11.14,10.54,11.08,76219.95,83250.3,0.045633999999999994
2010-05-06,11.05,11.05,10.1,10.27,50846.46,54305.103,0.030442999999999998
2010-05-07,10.1,10.49,9.88,10.18,43800.48,44466.914,0.026223999999999997
2010-05-10,10.2,10.29,9.46,9.86,40953.29,40437.29,0.02452
2010-05-11,10.08,10.29,9.81,9.86,42255.86,42451.72,0.025299000000000002
2010-05-12,9.7,10.05,9.61,9.77,25978.11,25519.5,0.015553999999999998
2010-05-13,9.71,10.18,9.71,10.11,28936.04,28915.941,0.017325
2010-05-14,10.08,10.08,9.82,9.98,23345.2,23237.886,0.013977
2010-05-17,9.85,9.88,9.12,9.15,28819.89,27602.181,0.017255
2010-05-18,9.0,9.41,8.93,9.27,23743.14,21843.12,0.014215
2010-05-20,9.01,9.45,8.56,8.61,30315.65,27122.109,0.018151
2010-05-21,8.4,8.72,8.17,8.63,31105.26,26187.246,0.018623
2010-05-24,8.68,9.15,8.65,9.14,36859.81,32946.286,0.022069000000000002
2010-05-25,9.1,9.1,8.78,8.89,24993.89,22270.537,0.014964
2010-05-26,8.82,8.96,8.8,8.92,15771.53,14035.552,0.009443
2010-05-27,9.0,9.81,8.9,9.81,60705.43,57517.337,0.036345999999999996
2010-05-28,9.96,10.25,9.71,9.89,69354.26,69358.42,0.041524
2010-05-31,9.76,10.14,9.53,9.57,41210.66,40721.608,0.024674
2010-06-01,9.38,9.47,8.96,9.25,26780.41,24678.302,0.016034
2010-06-02,9.22,9.54,9.03,9.53,21924.2,20520.906,0.013126
2010-06-03,9.56,9.64,9.3,9.37,18316.96,17390.079,0.010967
2010-06-07,9.25,9.26,8.91,9.18,15701.22,14357.25,0.009401
2010-06-08,9.08,9.36,9.07,9.33,15015.62,13895.646,0.00899
2010-06-09,9.3,9.64,9.3,9.62,24813.19,23530.52,0.014856000000000001
2010-06-10,9.55,9.59,9.46,9.47,19141.94,18200.834,0.011460999999999999
2010-06-11,9.47,9.6,9.37,9.39,12717.49,12021.451,0.007613999999999999
2010-06-17,9.48,9.58,9.31,9.32,12280.31,11568.974,0.007352
2010-06-18,9.26,9.39,8.8,8.85,16713.87,15196.844,0.010006999999999999
2010-06-21,8.83,9.14,8.8,9.13,12096.32,10963.403,0.007241999999999999
2010-06-22,9.09,9.68,9.09,9.33,32296.83,30619.753,0.019337
2010-06-23,9.25,9.55,9.25,9.51,22768.92,21515.717,0.013632
2010-06-24,9.49,9.63,9.36,9.53,24878.65,23740.639,0.014895
2010-06-25,9.45,9.64,9.38,9.57,21490.53,20515.503,0.012867
2010-06-28,9.5,9.83,9.45,9.51,26951.56,26047.086,0.016135999999999998
2010-06-29,9.46,9.56,8.8,8.93,24611.94,22314.099,0.014736
2010-06-30,8.9,9.05,8.68,8.81,9517.7,8363.733,0.005698
2010-07-01,8.87,9.1,8.8,8.84,11127.89,9942.01,0.006662
2010-07-02,8.86,8.97,8.36,8.86,15768.54,13694.679,0.009441
2010-07-05,8.7,8.75,8.55,8.61,7305.4,6310.883,0.004374
2010-07-06,8.61,8.92,8.5,8.88,11004.9,9706.969,0.006589
2010-07-07,8.93,8.99,8.7,8.87,23508.06,20659.93,0.014074999999999999
2010-07-08,8.92,9.0,8.6,8.73,29085.29,25611.03,0.017414
2010-07-09,8.77,9.13,8.72,8.99,40580.17,36342.368,0.024296
2010-07-12,9.01,9.35,8.9,9.2,45015.15,41290.406,0.026951
2010-07-13,9.04,9.05,8.8,8.84,22018.29,19638.751,0.013183
2010-07-14,8.84,9.1,8.8,8.93,19107.67,17121.409,0.011439999999999999
2010-07-15,8.9,8.96,8.7,8.72,18326.08,16128.522,0.010971999999999999
2010-07-16,8.69,8.74,8.41,8.61,14971.76,12796.37,0.008964
2010-07-19,8.53,8.9,8.5,8.87,17866.85,15607.513,0.010697000000000002
2010-07-20,8.85,9.28,8.85,9.18,36246.73,32942.724,0.021702
2010-07-21,9.17,9.29,9.13,9.16,25146.33,23154.425,0.015056
2010-07-22,9.15,9.32,9.08,9.31,29160.86,26958.06,0.017459
2010-07-23,9.3,9.46,9.08,9.2,26418.15,24305.613,0.015817
2010-07-26,9.19,9.88,9.14,9.75,65609.6,62828.665,0.039282
2010-07-27,9.61,9.8,9.52,9.66,43403.46,41861.516,0.025986
2010-07-28,9.58,10.12,9.5,9.84,53049.24,51898.542,0.031762
2010-07-29,9.83,9.99,9.68,9.87,44045.33,43248.287,0.026371000000000002
2010-07-30,9.83,10.12,9.8,10.08,64214.18,64356.901,0.038446
2010-08-02,10.05,10.48,10.02,10.1,54013.08,54971.826,0.032339
2010-08-03,10.11,10.24,9.84,9.96,43204.35,43117.455,0.025867
2010-08-04,9.83,10.07,9.79,10.06,30948.33,30650.234,0.018529
2010-08-05,10.05,10.23,9.97,10.09,33116.56,33415.277,0.019828
2010-08-06,10.02,10.25,9.84,10.18,31544.95,31838.423,0.018887
2010-08-09,10.18,10.43,10.12,10.34,36569.12,37682.363,0.021894999999999998
2010-08-10,10.34,10.46,10.0,10.35,65510.07,67470.279,0.039222
2010-08-11,10.25,10.8,10.23,10.77,96239.72,101421.574,0.057621000000000006
2010-08-12,10.56,10.94,10.4,10.43,90943.74,97577.646,0.054450000000000005
2010-08-13,10.49,10.58,10.25,10.52,36527.81,38175.658,0.021869999999999997
2010-08-16,10.5,11.01,10.43,10.86,76003.7,82569.391,0.045505000000000004
2010-08-17,10.86,10.92,10.7,10.85,41928.28,45353.38,0.025103
2010-08-18,10.75,10.89,10.56,10.66,37413.65,39994.641,0.022400000000000003
2010-08-19,10.61,10.75,10.51,10.74,40000.18,42615.988,0.023948999999999998
2010-08-20,10.48,10.62,10.21,10.5,67265.09,69971.211,0.040273
2010-08-23,10.41,11.3,10.41,11.1,101186.42,108978.714,0.060582000000000004
2010-08-24,11.06,11.7,10.75,11.13,180003.45,201146.183,0.107772
2010-08-25,11.0,11.3,10.65,10.9,124395.08,135383.925,0.074478
2010-08-26,10.99,11.35,10.46,10.53,85023.05,91198.616,0.050905
2010-08-27,10.49,10.49,10.24,10.36,44291.06,45793.079,0.026518
2010-08-30,10.4,10.54,10.36,10.44,62827.12,65503.928,0.037616000000000004
2010-08-31,10.42,10.47,10.18,10.25,65016.35,66950.934,0.038927
2010-09-01,10.29,10.39,10.0,10.07,52436.71,53522.609,0.031395
2010-09-02,10.13,10.39,10.08,10.34,49976.36,51248.814,0.029922
2010-09-03,10.39,10.44,10.12,10.24,49834.95,51190.258,0.029837
2010-09-06,10.27,10.37,10.13,10.31,42168.98,43344.699,0.025247000000000002
2010-09-07,10.32,10.41,10.24,10.41,39835.54,41202.2,0.023849999999999996
2010-09-08,10.39,10.45,10.29,10.31,39642.06,41004.26,0.023734
2010-09-09,10.33,10.37,9.85,9.91,62221.36,62724.0,0.037253
2010-09-10,9.91,9.97,9.41,9.61,51970.8,50183.492,0.031116
2010-09-13,9.6,9.9,9.51,9.89,33343.67,32442.048,0.019964
2010-09-14,9.95,9.95,9.75,9.78,26641.66,26188.898,0.015951
2010-09-15,9.75,9.75,9.45,9.49,32561.47,31149.972,0.019495
2010-09-16,9.4,9.52,9.23,9.48,31082.64,29079.926,0.01861
2010-09-17,9.47,9.7,9.43,9.58,25252.19,24216.65,0.015119
2010-09-20,9.6,10.2,9.59,10.1,69095.68,67966.853,0.041368999999999996
2010-09-21,10.11,10.3,9.83,10.13,109001.23,109618.37,0.065261
2010-09-27,10.1,10.39,9.92,10.04,77774.61,77947.464,0.046565
2010-09-28,9.96,10.0,9.44,9.56,67024.14,65158.646,0.040129
2010-09-29,9.51,9.51,9.31,9.34,33504.49,31437.366,0.020059999999999998
2010-09-30,9.24,9.54,9.24,9.46,24161.48,22758.919,0.014466000000000001
2010-10-08,9.46,9.61,9.37,9.56,31926.21,30405.847,0.019115
2010-10-11,9.56,9.71,9.52,9.66,38117.19,36693.526,0.022820999999999998
2010-10-12,9.66,9.81,9.66,9.74,31305.39,30484.705,0.018743
2010-10-13,9.71,10.19,9.7,10.15,99342.24,99963.791,0.059478
2010-10-14,10.05,10.14,9.6,9.62,50067.69,49488.818,0.029976
2010-10-15,9.5,9.64,9.38,9.47,50705.94,47989.847,0.030358999999999997
2010-10-18,9.44,9.47,9.24,9.3,31926.35,29776.885,0.019115
2010-10-19,9.35,9.79,9.35,9.71,32963.71,31630.132,0.019736
2010-10-20,9.55,9.66,9.45,9.51,42175.19,40284.808,0.025251000000000003
2010-10-21,9.5,9.75,9.48,9.63,29368.23,28223.918,0.017583
2010-10-22,9.66,9.75,9.6,9.74,36328.43,35169.875,0.021751
2010-10-25,9.78,10.0,9.74,9.89,48540.53,48035.56,0.029062
2010-10-26,9.95,10.0,9.78,9.9,46259.09,45809.579,0.027696000000000002
2010-10-27,9.85,10.07,9.69,9.72,47469.0,46941.009,0.028421
2010-10-28,9.89,10.69,9.89,10.69,99286.96,104790.702,0.059445
2010-10-29,10.99,11.14,10.29,10.43,215323.88,231209.857,0.128919
2010-11-01,10.18,10.7,10.15,10.55,184314.96,191925.715,0.11035299999999999
2010-11-02,10.45,10.49,10.25,10.26,98546.85,101790.64,0.059002
2010-11-03,10.14,10.5,10.14,10.19,56884.52,58774.777,0.034058000000000005
2010-11-04,10.18,10.38,10.16,10.31,54206.79,55587.941,0.032455
2010-11-05,10.41,10.44,10.23,10.33,66351.7,68382.036,0.039726
2010-11-08,10.36,10.66,10.36,10.59,96117.57,101311.334,0.057546999999999994
2010-11-09,10.56,10.6,10.37,10.56,71449.61,74715.859,0.042778000000000004
2010-11-10,10.46,10.73,10.39,10.6,91071.71,96366.099,0.054526000000000005
2010-11-11,10.52,10.78,10.48,10.59,94192.08,100322.023,0.056395
2010-11-12,10.5,10.69,9.55,9.59,95878.25,97050.871,0.057404000000000004
2010-11-15,9.62,9.8,9.59,9.78,40440.31,39227.428,0.024211999999999997
2010-11-16,9.74,9.74,9.18,9.28,54605.17,51693.398,0.032693
2010-11-17,9.31,9.38,9.14,9.2,28338.08,26295.987,0.016967
2010-11-18,9.27,9.33,9.16,9.31,18978.68,17600.035,0.011363000000000002
2010-11-19,9.32,9.57,9.25,9.52,34597.12,32589.215,0.020714
2010-11-22,9.42,9.77,9.38,9.62,39679.06,38243.427,0.023757
2010-11-23,9.6,9.62,9.18,9.26,30950.2,28786.87,0.01853
2010-11-24,9.2,9.5,9.17,9.49,24616.47,23085.428,0.014738
2010-11-25,9.5,9.73,9.45,9.58,32674.58,31350.341,0.019563
2010-11-26,9.5,10.54,9.43,10.54,233253.71,239306.23,0.139654
2010-11-29,10.44,11.58,10.36,11.18,373065.79,404674.674,0.223362
2010-11-30,10.97,11.08,10.4,10.78,210572.09,226723.328,0.126074
2010-12-01,10.78,10.91,10.54,10.61,100573.78,107519.029,0.060215
2010-12-02,10.67,10.79,10.35,10.55,101185.06,106380.791,0.060580999999999996
2010-12-03,10.5,10.59,10.22,10.34,68710.13,71114.004,0.041138
2010-12-06,10.4,10.58,10.3,10.44,56656.69,59096.203,0.033921
2010-12-07,10.4,10.4,9.98,10.2,76205.47,77091.185,0.045626
2010-12-08,10.15,10.26,9.96,10.09,79496.28,80167.979,0.047596
2010-12-09,10.08,10.08,9.51,9.55,68993.75,67380.724,0.041308
2010-12-10,9.49,9.67,9.38,9.58,42087.14,40150.454,0.025198
2010-12-13,9.57,9.93,9.57,9.87,59260.81,58097.814,0.035481
2010-12-14,9.91,10.05,9.74,10.02,56770.14,56267.553,0.033019
2010-12-15,10.05,10.05,9.81,9.88,42484.76,42111.498,0.02471
2010-12-16,9.88,10.09,9.85,10.0,53558.67,53550.69,0.031150999999999998
2010-12-17,9.93,9.96,9.83,9.86,34352.89,33977.821,0.01998
2010-12-20,9.91,9.94,9.39,9.59,48071.03,46203.675,0.027959
2010-12-21,9.61,10.16,9.61,10.05,69804.41,69398.027,0.0406
2010-12-22,10.05,10.13,9.76,9.78,43805.92,43444.222,0.025478
2010-12-23,9.79,10.26,9.5,10.22,68205.78,67628.801,0.039670000000000004
2010-12-24,10.08,10.36,10.02,10.22,107298.15,109860.862,0.062407000000000004
2010-12-27,10.21,10.29,9.88,10.09,69496.26,69955.175,0.040421
2010-12-28,10.03,10.07,9.5,9.61,56232.16,54888.076,0.032706
2010-12-29,9.5,9.75,9.33,9.74,31204.21,29734.895,0.018149
2010-12-30,9.71,10.05,9.57,9.91,68844.61,68114.263,0.040042
2010-12-31,9.88,10.9,9.85,10.68,161753.87,169731.002,0.09408
2011-01-04,10.6,11.28,10.55,11.25,286760.28,314657.137,0.166786
2011-01-05,11.23,11.35,10.93,11.23,289123.34,324158.034,0.16816099999999998
2011-01-06,11.13,11.46,11.13,11.39,250975.34,284537.356,0.14597300000000002
2011-01-07,11.26,11.46,10.82,10.9,179786.92,201197.323,0.104568
2011-01-10,10.85,11.1,10.58,10.6,119847.44,129706.937,0.069706
2011-01-11,10.43,10.84,10.36,10.7,76038.16,80673.2,0.044225
2011-01-12,10.75,10.9,10.6,10.79,68638.81,74008.858,0.039922
2011-01-13,10.85,10.93,10.48,10.49,58911.37,62782.253,0.034264
2011-01-14,10.48,10.6,10.2,10.22,57593.93,59763.056,0.033498
2011-01-17,10.26,10.8,10.17,10.36,119271.34,125225.534,0.069371
2011-01-18,10.26,10.64,10.23,10.54,68452.64,71589.653,0.039813999999999995
2011-01-19,10.43,10.8,10.3,10.78,92937.3,98430.884,0.054054000000000005
2011-01-20,10.68,10.75,10.02,10.05,85587.13,89355.433,0.049779
2011-01-21,9.93,10.33,9.83,10.13,61348.04,61743.08,0.035681
2011-01-24,10.06,10.08,9.71,9.73,45853.99,45343.661,0.02667
2011-01-25,9.7,9.88,9.6,9.84,30166.75,29399.549,0.017546
2011-01-26,9.8,10.09,9.8,10.08,32421.61,32446.522,0.018857
2011-01-27,9.93,10.15,9.8,10.03,44986.14,45041.914,0.026164999999999997
2011-01-28,10.04,10.33,9.99,10.16,36051.89,36734.636,0.020969
2011-01-31,10.13,10.17,9.89,10.11,42437.23,42489.654,0.024682
2011-02-01,10.09,10.15,9.98,10.02,31559.25,31733.839,0.018355999999999997
2011-02-09,9.84,10.06,9.84,9.93,29633.9,29555.19,0.017236
2011-02-10,9.93,10.6,9.92,10.57,74223.48,76511.839,0.04317
2011-02-11,10.49,10.76,10.4,10.58,91106.53,96356.219,0.05299
2011-02-14,10.58,10.74,10.52,10.68,80196.86,85383.598,0.046644
2011-02-15,10.63,10.99,10.51,10.53,83352.02,89639.156,0.048479
2011-02-16,10.5,11.15,10.48,11.03,107720.56,117441.937,0.062653
2011-02-17,10.96,11.1,10.73,10.9,76806.77,83561.153,0.044673
2011-02-18,10.76,11.37,10.66,11.22,137472.72,152269.768,0.079957
2011-02-21,11.11,11.69,11.04,11.57,148325.06,168829.072,0.08626899999999998
2011-02-22,11.5,11.57,10.88,11.05,150075.15,167708.038,0.087287
2011-02-23,11.04,12.16,11.04,11.8,224640.84,262134.768,0.130656
2011-02-24,11.8,12.18,11.5,11.88,191285.75,225825.513,0.11125600000000001
2011-02-25,11.82,11.9,11.48,11.68,112444.95,131525.061,0.0654
2011-02-28,11.78,12.1,11.53,11.82,163638.15,194526.066,0.095176
2011-03-01,11.79,12.5,11.65,12.12,176315.97,213802.392,0.10254899999999999
2011-03-02,12.15,12.19,11.64,11.93,117384.31,139097.064,0.068273
2011-03-03,11.83,11.91,11.5,11.52,97274.24,113606.444,0.056577
2011-03-04,11.55,11.78,11.5,11.75,64557.18,75312.685,0.037548
2011-03-07,11.78,11.91,11.65,11.69,75310.17,88393.834,0.043802
2011-03-08,11.7,12.05,11.65,11.93,78248.79,92823.339,0.045510999999999996
2011-03-09,11.88,11.89,11.48,11.66,80867.83,94304.903,0.047035
2011-03-10,11.61,11.85,11.5,11.67,55656.4,64984.432,0.032371
2011-03-11,11.67,12.21,11.62,11.95,123508.42,148055.943,0.07183500000000001
2011-03-14,11.85,12.48,11.85,12.37,113858.65,139938.833,0.066223
2011-03-15,12.34,12.36,11.67,11.85,104051.83,123965.734,0.060518999999999996
2011-03-16,11.86,11.96,11.66,11.82,57170.3,67323.65,0.033252000000000004
2011-03-17,11.7,11.7,11.03,11.17,97420.89,110679.282,0.056662
2011-03-18,11.27,11.33,11.11,11.22,52983.92,59427.397,0.030817
2011-03-21,11.26,11.3,11.08,11.23,34418.16,38524.447,0.020017999999999998
2011-03-22,11.27,11.35,11.13,11.3,29072.81,32749.995,0.016909
2011-03-23,11.32,11.54,11.21,11.46,49743.05,56793.343,0.028932000000000003
2011-03-24,11.46,11.55,11.32,11.34,30149.77,34438.016,0.017536
2011-03-28,11.48,11.58,11.21,11.38,55887.88,63636.895,0.032506
2011-03-29,11.32,11.54,11.26,11.34,49541.11,56524.772,0.028814000000000003
2011-03-30,11.29,11.3,11.0,11.03,51312.34,57070.189,0.029844
2011-03-31,10.98,11.18,10.75,10.83,34173.48,37166.607,0.019876
2011-04-01,10.85,11.0,10.79,11.0,22183.76,24166.391,0.012903
2011-04-06,10.98,11.26,10.9,11.19,25535.6,28424.973,0.014852
2011-04-07,11.21,11.21,11.05,11.18,24420.32,27185.843,0.014202999999999999
2011-04-08,11.11,11.35,11.1,11.3,31907.51,35828.4,0.018557999999999998
2011-04-11,11.21,11.23,10.82,10.85,63006.75,69127.783,0.036646
2011-04-12,10.77,11.0,10.74,10.77,32753.36,35547.501,0.01905
2011-04-13,10.8,11.0,10.62,10.95,46982.57,50785.3,0.027326000000000003
2011-04-14,10.9,10.95,10.75,10.77,33031.68,35758.605,0.019212
2011-04-15,10.72,11.0,10.72,10.95,30023.6,32628.924,0.017462
2011-04-18,10.91,11.08,10.87,11.06,34204.31,37496.862,0.019894000000000002
2011-04-19,11.01,11.39,10.91,11.27,86711.52,97245.077,0.050433000000000006
2011-04-20,11.27,11.48,11.09,11.19,51555.82,57897.623,0.029986000000000002
2011-04-21,11.18,11.35,11.14,11.32,49104.54,55352.518,0.02856
2011-04-22,11.3,11.5,11.22,11.4,62607.05,71344.903,0.036414
2011-04-25,11.38,11.55,10.9,10.94,69038.98,78363.323,0.040155
2011-04-26,10.81,10.92,10.41,10.65,45591.68,48501.825,0.026517
2011-04-27,10.65,10.73,10.28,10.36,27166.73,28597.919,0.015801
2011-04-28,10.4,10.53,10.06,10.08,21507.37,22263.615,0.012509
2011-05-03,10.18,10.31,10.02,10.24,37583.07,38099.487,0.021859000000000003
2011-05-04,10.18,10.22,9.95,9.96,29094.82,29415.133,0.016922
2011-05-05,9.96,10.35,9.93,10.31,36961.32,37669.883,0.021498
2011-05-06,10.24,10.45,10.17,10.28,31929.9,32965.704,0.018571
2011-05-09,10.31,10.92,10.24,10.82,88364.3,93910.787,0.051394999999999996
2011-05-10,10.75,11.04,10.71,10.98,87648.94,95949.005,0.050979000000000003
2011-05-11,10.92,11.14,10.86,10.88,73967.85,81425.675,0.043021000000000004
2011-05-12,10.82,10.82,10.36,10.38,59220.24,62770.071,0.034444
2011-05-13,10.44,10.64,10.3,10.55,38374.09,40275.347,0.022319
2011-05-16,10.56,10.83,10.5,10.76,33894.53,36192.92,0.019714
2011-05-17,10.7,10.76,10.4,10.57,25554.09,27108.211,0.014863
2011-05-18,10.68,10.8,10.59,10.61,30110.55,32156.537,0.017513
2011-05-19,10.63,10.76,10.4,10.43,29158.66,30705.008,0.016959
2011-05-20,10.39,10.46,10.29,10.41,18944.34,19637.257,0.011017999999999998
2011-05-23,10.38,10.41,10.0,10.06,28019.15,28375.802,0.016297
2011-05-24,10.06,10.22,9.97,10.15,15855.33,15999.177,0.009222000000000001
2011-05-25,10.15,10.17,10.0,10.05,18556.41,18696.939,0.010792999999999999
2011-05-26,10.05,10.38,10.05,10.1,28692.51,29337.207,0.016688
2011-05-27,10.01,10.05,9.47,9.48,49438.08,48015.552,0.028754
2011-05-30,9.46,9.58,9.15,9.32,31677.62,29712.522,0.018424
2011-05-31,9.39,9.46,9.12,9.45,15425.21,14350.434,0.008972
2011-06-01,9.41,9.63,9.35,9.59,16353.13,15519.268,0.009510999999999999
2011-06-02,9.48,9.48,9.28,9.43,17532.79,16444.811,0.010197000000000001
2011-06-03,9.34,9.53,9.33,9.5,7681.1,7275.514,0.004467
2011-06-07,9.47,9.86,9.42,9.77,25689.79,24803.319,0.014942
2011-06-08,9.7,9.94,9.57,9.66,34745.13,33719.475,0.020209
2011-06-09,9.6,9.65,9.25,9.3,25327.64,23877.834,0.014731000000000001
2011-06-10,9.26,9.41,9.19,9.4,14698.38,13655.894,0.008549
2011-06-13,9.4,9.42,9.28,9.38,8827.01,8243.13,0.005134
2011-06-14,9.42,9.65,9.36,9.54,17299.64,16551.466,0.010062
2011-06-15,9.62,9.62,9.43,9.44,14804.47,14067.127,0.008611
2011-06-16,9.4,9.44,9.17,9.17,14488.13,13474.465,0.008427
2011-06-17,9.16,9.59,9.14,9.27,27302.28,25707.643,0.015880000000000002
2011-06-20,9.27,9.85,9.27,9.56,43998.79,42253.407,0.025591
2011-06-21,9.56,9.56,9.3,9.55,17775.85,16782.091,0.010339000000000001
2011-06-22,9.53,9.62,9.39,9.52,10557.09,10029.096,0.00614
2011-06-23,9.48,9.66,9.42,9.65,13710.84,13123.069,0.007975
2011-06-24,9.66,10.25,9.58,10.23,66095.88,66267.835,0.038443
2011-06-27,10.13,10.72,10.04,10.27,53119.34,55221.793,0.030895000000000002
2011-06-28,10.19,10.24,10.0,10.16,21843.16,22089.464,0.012704
2011-06-29,10.15,10.23,10.08,10.11,11176.23,11351.809,0.006500000000000001
2011-06-30,10.12,10.29,10.11,10.15,15720.55,16038.064,0.009143
2011-07-01,10.16,10.28,10.07,10.12,14625.88,14839.377,0.008507
2011-07-04,10.13,10.38,10.1,10.3,18578.83,19094.241,0.010806
2011-07-05,10.3,10.43,10.25,10.36,22230.58,22991.031,0.012929999999999999
2011-07-06,10.33,10.44,10.22,10.42,17681.38,18269.09,0.010284
2011-07-07,10.42,10.45,10.15,10.19,20127.48,20721.812,0.011707
2011-07-08,10.14,10.34,10.13,10.26,14835.47,15212.358,0.008629
2011-07-11,10.28,10.35,10.17,10.35,12829.15,13211.731,0.007462
2011-07-12,10.35,10.59,10.21,10.28,33331.17,34760.425,0.019386
2011-07-13,10.26,10.43,10.2,10.39,27149.54,28021.054,0.015791
2011-07-14,10.43,10.53,10.34,10.49,24360.92,25455.893,0.014169000000000001
2011-07-15,10.46,10.46,10.32,10.4,21308.03,22121.021,0.012393000000000001
2011-07-18,10.34,10.6,10.34,10.49,33521.59,35244.131,0.019497
2011-07-19,10.43,10.46,10.27,10.32,16184.22,16730.767,0.009413
2011-07-20,10.35,10.41,10.13,10.17,16314.9,16717.241,0.009489
2011-07-21,10.16,10.23,9.98,9.99,14712.0,14855.369,0.008557
2011-07-22,10.01,10.1,9.93,10.0,14218.47,14217.088,0.00827
2011-07-25,9.98,9.99,9.45,9.52,21328.73,20677.472,0.012405
2011-07-26,9.54,9.63,9.49,9.6,9133.71,8734.735,0.005312
2011-07-27,9.58,9.73,9.44,9.71,13609.36,13138.876,0.007916
2011-07-28,9.65,9.95,9.63,9.81,17370.91,16984.943,0.010103
2011-07-29,9.81,9.88,9.62,9.82,20718.96,20212.946,0.012051000000000001
2011-08-01,9.96,9.96,9.73,9.87,23551.91,23165.264,0.013697999999999998
2011-08-02,9.8,9.95,8.89,9.93,35409.7,34614.973,0.020595
2011-08-03,9.73,10.12,9.67,9.87,24418.45,24068.524,0.014202
2011-08-04,9.87,9.89,9.7,9.74,13662.63,13382.903,0.007946
2011-08-05,9.49,9.49,9.3,9.36,16914.26,15912.616,0.009838
2011-08-08,9.34,9.36,8.71,8.74,19781.07,17744.628,0.011505000000000001
2011-08-09,8.55,8.77,8.36,8.68,18982.0,16294.268,0.011040000000000001
2011-08-10,8.77,9.17,8.77,9.03,24780.64,22176.899,0.014413
2011-08-11,8.78,9.1,8.72,9.05,17154.99,15335.887,0.009978
2011-08-12,9.07,9.31,9.05,9.19,18298.38,16785.583,0.010643
2011-08-15,9.19,9.32,9.16,9.27,14471.68,13366.48,0.008417000000000001
2011-08-16,9.36,9.48,9.21,9.22,13693.07,12776.42,0.007964
2011-08-17,9.16,9.22,8.96,9.15,12451.09,11347.638,0.007241999999999999
2011-08-18,9.3,9.31,9.01,9.03,11436.74,10469.696,0.006652
2011-08-19,8.8,8.96,8.79,8.92,9479.31,8418.873,0.0055130000000000005
2011-08-22,8.84,8.97,8.8,8.88,7910.4,7036.931,0.004601
2011-08-23,8.9,9.07,8.88,9.07,8564.38,7694.592,0.004981
2011-08-24,9.08,9.17,9.0,9.03,8071.38,7340.253,0.004694
2011-08-25,9.1,9.25,9.05,9.23,14599.09,13389.906,0.008491
2011-08-26,9.25,9.7,9.18,9.6,31719.22,29815.315,0.018449
2011-08-29,9.55,9.65,9.49,9.6,30977.28,29626.417,0.018017000000000002
2011-08-30,9.7,9.99,9.57,9.57,48861.36,47945.1,0.028419
2011-08-31,9.55,9.63,9.46,9.59,16674.11,15893.273,0.009698
2011-09-01,9.66,9.7,9.41,9.42,8453.01,8037.464,0.004916
2011-09-02,9.45,9.45,9.33,9.39,6234.9,5843.508,0.003626
2011-09-05,9.39,9.39,9.21,9.31,8677.72,8055.384,0.005047
2011-09-06,9.3,9.3,9.19,9.22,6106.0,5648.31,0.0035510000000000003
2011-09-07,9.3,9.42,9.19,9.42,10882.09,10117.158,0.006329
2011-09-08,9.49,9.52,9.25,9.28,7559.03,7099.189,0.004396
2011-09-09,9.32,9.45,9.19,9.27,14647.64,13629.613,0.008519
2011-09-13,9.1,9.17,9.05,9.12,5284.03,4804.477,0.003073
2011-09-14,9.3,9.3,9.01,9.22,5552.79,5058.95,0.0032300000000000002
2011-09-15,9.25,9.4,9.05,9.08,16757.97,15503.568,0.009747
2011-09-16,9.13,9.18,8.89,8.9,18634.5,16744.057,0.010838
2011-09-19,8.8,8.91,8.71,8.82,7101.23,6274.622,0.00413
2011-09-20,8.9,8.92,8.78,8.84,5357.98,4736.636,0.003116
2011-09-21,8.82,9.06,8.74,9.03,17069.98,15256.503,0.009928
2011-09-22,8.9,8.97,8.78,8.8,12227.1,10858.53,0.007112
2011-09-23,8.78,9.07,8.58,9.0,28993.01,25532.063,0.016863
2011-09-26,8.91,8.99,8.7,8.85,14210.7,12557.088,0.008265
2011-09-27,8.9,9.05,8.81,9.02,12009.01,10739.94,0.006985
2011-09-28,8.99,9.3,8.99,9.04,42641.39,39015.107,0.024801000000000004
2011-09-29,9.03,9.07,8.8,8.89,16245.47,14524.328,0.009448999999999999
2011-09-30,8.76,8.96,8.76,8.78,7214.49,6383.421,0.004196
2011-10-10,8.89,8.93,8.77,8.8,4225.26,3723.844,0.002458
2011-10-11,9.0,9.16,8.83,9.15,66186.22,59651.305,0.038495
2011-10-12,9.13,9.75,9.03,9.72,147922.42,139326.965,0.086035
2011-10-13,9.6,9.72,9.38,9.53,105455.89,100335.495,0.061335
2011-10-14,9.47,9.69,9.43,9.56,86348.62,82849.13,0.050221999999999996
2011-10-17,9.64,9.75,9.48,9.52,45541.75,43635.424,0.026488
2011-10-18,9.3,9.42,9.16,9.28,34501.05,32008.19,0.020066999999999998
2011-10-19,9.36,9.78,9.3,9.54,104884.59,100618.277,0.061003
2011-10-20,9.57,9.57,9.22,9.36,27482.53,25626.566,0.015984
2011-10-21,9.46,9.52,9.28,9.34,15691.46,14764.481,0.009127
2011-10-24,9.4,9.57,9.18,9.5,29617.61,27859.914,0.017225999999999998
2011-10-25,9.58,9.62,9.35,9.54,90778.67,85993.159,0.052799
2011-10-26,9.45,9.48,9.2,9.32,58542.31,54667.554,0.03405
2011-10-27,9.28,9.69,9.24,9.68,126702.27,120862.115,0.073693
2011-10-28,9.69,9.75,9.34,9.59,96318.61,92071.119,0.056021
2011-10-31,9.51,9.72,9.38,9.61,68131.46,65282.573,0.039626999999999996
2011-11-01,9.51,9.69,9.44,9.49,47486.35,45293.525,0.027618999999999998
2011-11-02,9.3,9.66,9.1,9.64,88370.92,83531.57,0.051398
2011-11-03,9.63,9.88,9.58,9.62,113489.85,110316.527,0.066008
2011-11-04,9.62,9.95,9.52,9.82,99888.03,97492.894,0.058097
2011-11-07,9.78,9.93,9.65,9.7,48846.06,47727.043,0.02841
2011-11-08,9.6,9.74,9.38,9.39,49347.39,47134.938,0.028702000000000002
2011-11-09,9.45,9.5,9.31,9.5,31217.37,29375.881,0.018157
2011-11-10,9.38,9.43,9.27,9.27,26892.82,25107.21,0.015641000000000002
2011-11-11,9.3,9.45,9.27,9.31,15281.13,14275.703,0.008888
2011-11-14,9.35,9.47,9.35,9.44,22175.86,20887.522,0.012898
2011-11-15,9.4,9.44,9.33,9.39,22771.12,21362.626,0.013244
2011-11-16,9.4,9.44,9.13,9.16,26826.47,24943.923,0.015603
2011-11-17,9.22,9.24,9.0,9.06,25184.87,22886.198,0.014648000000000001
2011-11-18,9.03,9.04,8.75,8.8,23144.03,20505.022,0.013461
2011-11-21,8.73,8.88,8.73,8.81,10307.42,9081.918,0.005995
2011-11-22,8.77,8.82,8.66,8.77,8742.7,7655.022,0.005084999999999999
2011-11-23,8.79,8.99,8.67,8.89,19419.0,17275.383,0.011295
2011-11-24,8.86,8.9,8.68,8.8,9305.73,8192.431,0.005412
2011-11-25,8.75,8.87,8.46,8.49,20256.67,17473.453,0.011781999999999999
2011-11-28,8.52,8.59,8.37,8.42,16879.69,14251.634,0.009818
2011-11-29,8.5,8.63,8.42,8.58,21578.01,18424.309,0.012549999999999999
2011-11-30,8.52,8.59,7.8,8.0,28215.78,23063.48,0.016411
2011-12-01,8.28,8.37,8.1,8.15,18824.93,15455.482,0.010949
2011-12-02,8.01,8.15,7.85,7.91,11040.98,8813.253,0.006422
2011-12-05,7.89,7.9,7.61,7.74,14590.6,11221.152,0.008486
2011-12-06,7.77,7.78,7.64,7.68,18643.0,14409.233,0.010843
2011-12-07,7.74,7.76,7.49,7.57,26081.5,19806.838,0.01517
2011-12-08,7.6,7.64,7.34,7.44,17787.01,13281.632,0.010345
2011-12-09,7.42,7.46,7.31,7.36,10774.9,7939.665,0.006267
2011-12-12,7.36,7.38,7.28,7.29,7305.95,5355.171,0.004249
2011-12-13,7.26,7.32,7.0,7.02,14231.84,10130.188,0.008278
2011-12-14,6.97,7.09,6.94,6.96,8338.0,5851.71,0.00485
2011-12-15,6.99,6.99,6.66,6.68,15605.05,10593.249,0.009075999999999999
2011-12-16,6.69,6.9,6.63,6.88,10750.14,7256.217,0.006253
2011-12-19,6.75,6.87,6.64,6.82,10477.49,7078.299,0.0060940000000000005
2011-12-20,6.78,6.93,6.78,6.8,10256.21,7039.522,0.005965000000000001
2011-12-21,6.9,6.9,6.5,6.69,11964.94,8071.726,0.006959
2011-12-22,6.62,6.7,6.3,6.56,14583.98,9455.139,0.008482
2011-12-23,6.54,6.74,6.5,6.66,13305.34,8818.003,0.007739
2011-12-26,6.79,6.81,6.6,6.72,16337.83,10993.722,0.009502
2011-12-27,6.72,6.72,6.46,6.55,8968.61,5919.17,0.005215999999999999
2011-12-28,6.52,6.52,6.23,6.39,11866.12,7510.223,0.006902
2011-12-29,6.3,6.42,6.3,6.37,6462.98,4120.792,0.003759
2011-12-30,6.4,6.47,6.39,6.44,7949.66,5114.374,0.004624
2012-01-04,6.56,6.57,6.3,6.3,8296.0,5370.008,0.004824999999999999
2012-01-05,6.25,6.3,5.93,5.98,11369.35,6915.917,0.006613
2012-01-06,5.96,6.12,5.68,6.09,17523.9,10360.62,0.010192000000000001
2012-01-09,6.09,6.36,5.95,6.33,18761.18,11698.312,0.010912
2012-01-10,6.32,6.55,6.3,6.53,24085.06,15588.996,0.014008
2012-01-11,6.47,6.54,6.4,6.48,15229.5,9858.258,0.008858
2012-01-12,6.5,6.78,6.49,6.57,27984.81,18619.415,0.016277
2012-01-13,6.5,6.59,6.28,6.33,17628.71,11269.817,0.010253000000000002
2012-01-16,6.22,6.27,6.02,6.04,9958.23,6150.336,0.005792
2012-01-17,6.05,6.38,6.0,6.35,14380.0,8960.352,0.008364
2012-01-18,6.4,6.42,6.13,6.16,18041.23,11376.348,0.010492999999999999
2012-01-19,6.13,6.29,6.13,6.24,12636.09,7863.315,0.007349
2012-01-20,6.25,6.33,6.23,6.3,11397.57,7163.835,0.006629
2012-01-30,6.33,6.34,6.25,6.26,8130.87,5119.72,0.004729
2012-01-31,6.26,6.26,6.11,6.24,5292.95,3277.857,0.003078
2012-02-01,6.24,6.26,6.15,6.17,8003.12,4958.919,0.004655
2012-02-02,6.21,6.32,6.14,6.31,10156.09,6333.056,0.005907
2012-02-03,6.28,6.79,6.28,6.64,51492.75,33651.933,0.029949
2012-02-06,6.63,7.14,6.56,6.94,73889.25,50855.886,0.042976
2012-02-07,6.82,6.85,6.65,6.68,32414.08,21784.444,0.018852999999999998
2012-02-09,6.88,7.02,6.7,6.81,56902.41,39013.63,0.033096
2012-02-10,6.77,7.16,6.74,7.11,72807.54,51239.542,0.042346
2012-02-13,6.91,7.16,6.9,7.02,54130.66,37903.088,0.031484
2012-02-14,7.0,7.31,6.99,7.12,46929.6,33642.296,0.027295
2012-02-15,7.12,7.2,7.03,7.19,28150.73,20051.588,0.016373
2012-02-16,7.15,7.25,7.04,7.1,27690.5,19803.594,0.016105
2012-02-17,7.1,7.14,6.92,7.03,19656.17,13806.606,0.011432
2012-02-20,7.07,7.19,7.0,7.08,20365.18,14435.623,0.011845000000000001
2012-02-21,7.06,7.19,7.0,7.18,26892.69,19095.894,0.015641000000000002
2012-02-22,7.25,7.9,7.2,7.72,86293.4,64990.078,0.05019
2012-02-23,7.67,7.96,7.53,7.78,85164.79,66072.846,0.049534
2012-02-24,7.89,8.56,7.8,8.26,150497.97,125062.913,0.087533
2012-02-27,8.26,8.26,8.03,8.09,65352.13,53177.779,0.03801
2012-02-28,8.05,8.05,7.71,7.77,78724.14,61847.185,0.045788
2012-02-29,7.76,7.82,7.56,7.58,42924.29,32898.04,0.024966
2012-03-01,7.61,7.75,7.57,7.59,52017.62,39890.181,0.030255
2012-03-02,7.62,7.81,7.6,7.81,61170.54,47258.377,0.035578
2012-03-05,7.82,7.86,7.65,7.68,47265.37,36646.122,0.027490999999999998
2012-03-06,7.64,7.64,7.41,7.52,42488.08,31898.106,0.024712
2012-03-07,7.43,7.65,7.41,7.56,31917.87,24150.981,0.018564
2012-03-08,7.58,7.7,7.52,7.63,35597.52,27074.484,0.020703999999999997
2012-03-09,7.69,7.71,7.6,7.69,31486.22,24126.626,0.018313
2012-03-12,7.71,7.74,7.56,7.65,35092.56,26813.093,0.020411000000000002
2012-03-13,7.64,7.78,7.61,7.78,36420.64,28115.552,0.021183
2012-03-14,7.81,7.87,7.16,7.22,57351.36,43572.013,0.033357
2012-03-15,7.18,7.24,6.9,6.98,36730.42,25791.011,0.021363
2012-03-16,7.01,7.15,6.94,7.13,22614.45,15905.123,0.013153
2012-03-19,7.07,7.2,7.02,7.2,22291.91,15876.028,0.012964999999999999
2012-03-20,7.2,7.49,7.03,7.23,45541.52,33225.686,0.026488
2012-03-21,7.23,7.32,7.05,7.15,21990.19,15768.526,0.01279
2012-03-22,7.16,7.25,7.07,7.18,16713.28,12029.631,0.009721
2012-03-23,7.18,7.18,6.96,7.0,14746.96,10391.488,0.008577
2012-03-27,7.1,7.26,7.0,7.1,19840.43,14107.365,0.01154
2012-03-28,7.11,7.59,7.11,7.22,90928.1,66642.869,0.052885999999999996
2012-03-29,7.08,7.43,6.5,7.28,74125.08,51767.479,0.043113
2012-03-30,7.16,7.69,7.03,7.64,103586.96,77028.9,0.060247999999999996
2012-04-05,7.5,7.97,7.49,7.89,115762.34,89899.905,0.06733
2012-04-06,7.8,8.08,7.68,7.82,83513.66,65629.136,0.048573000000000005
2012-04-09,7.72,7.95,7.63,7.78,52958.47,41411.854,0.030802
2012-04-10,7.62,7.93,7.37,7.91,60709.57,46239.945,0.03531
2012-04-11,7.79,8.09,7.62,7.82,72918.4,57452.033,0.042411000000000004
2012-04-12,7.79,8.08,7.7,8.06,79894.61,63155.315,0.046467999999999995
2012-04-13,8.04,8.35,7.91,7.91,99782.04,81189.149,0.058034999999999996
2012-04-16,7.72,8.34,7.7,8.21,98849.2,79561.194,0.057492999999999995
2012-04-17,8.2,8.23,7.81,7.82,66514.21,53484.842,0.038686
2012-04-18,7.92,8.18,7.72,8.08,72187.6,57309.598,0.041985999999999996
2012-04-19,8.03,8.21,7.94,7.98,55762.34,44976.177,0.032433000000000003
2012-04-23,8.13,8.29,7.95,8.05,84406.86,68713.85,0.049093
2012-04-24,7.85,8.05,7.4,7.85,63627.58,49306.229,0.037007
2012-04-25,7.75,8.49,7.73,8.32,118279.76,96872.504,0.06879400000000001
2012-04-26,8.26,8.53,8.12,8.48,103586.16,86202.081,0.060247999999999996
2012-04-27,8.3,8.85,8.3,8.51,109231.92,93867.411,0.063532
2012-05-02,8.4,8.5,8.02,8.17,87857.2,72021.179,0.051100000000000007
2012-05-03,8.11,8.22,7.97,8.1,42908.01,34670.401,0.024956
2012-05-04,8.07,8.16,8.01,8.12,26523.87,21464.381,0.015427
2012-05-07,8.15,8.53,8.09,8.46,55523.81,46167.657,0.032294
2012-05-08,8.4,8.78,8.26,8.59,81285.02,69348.157,0.04727699999999999
2012-05-09,8.5,8.96,8.47,8.78,100590.74,88336.89,0.058506
2012-05-10,8.58,8.86,8.33,8.45,50207.15,43561.562,0.029202
2012-05-11,8.45,8.59,8.33,8.5,17125.12,14480.21,0.00996
2012-05-14,8.6,8.7,8.43,8.51,26077.81,22342.709,0.015167
2012-05-15,8.39,8.39,8.16,8.29,25672.58,21170.048,0.014932
2012-05-16,8.28,8.35,7.96,7.99,24685.09,20097.149,0.014357
2012-05-17,8.02,8.14,7.85,8.08,23066.18,18517.43,0.013415999999999999
2012-05-18,8.04,8.09,7.73,7.75,22913.3,18067.058,0.013327
2012-05-21,7.76,7.85,7.7,7.75,15570.56,12125.169,0.009056
2012-05-22,7.8,8.16,7.79,8.14,34595.56,27578.108,0.020122
2012-05-23,8.09,8.23,8.02,8.15,22693.09,18494.198,0.013199
2012-05-24,8.14,8.2,7.9,7.95,12902.61,10363.234,0.007503999999999999
2012-05-25,7.99,7.99,7.75,7.79,12267.01,9648.88,0.007135
2012-05-28,7.76,7.96,7.46,7.93,10631.43,8239.745,0.006182999999999999
2012-05-29,7.92,8.09,7.86,8.03,13801.16,11032.451,0.008027
2012-05-30,8.04,8.07,7.92,7.95,12225.32,9768.0,0.007110999999999999
2012-05-31,7.86,8.02,7.85,7.96,9089.83,7240.983,0.005286999999999999
2012-06-01,7.96,8.06,7.95,7.98,9696.88,7764.486,0.005639999999999999
2012-06-04,7.9,7.9,7.66,7.73,14935.36,11592.248,0.008687
2012-06-05,7.77,7.98,7.73,7.77,9821.92,7686.252,0.005713
2012-06-06,7.75,7.82,7.4,7.51,15943.24,12084.573,0.009273
2012-06-07,7.6,7.83,7.52,7.8,25836.5,19850.881,0.015026999999999999
2012-06-08,7.87,8.02,7.73,7.74,22406.23,17653.382,0.013031999999999998
2012-06-11,7.71,7.83,7.57,7.79,11432.87,8791.902,0.0066500000000000005
2012-06-12,7.75,8.13,7.64,8.06,26813.01,21304.072,0.015595000000000001
2012-06-13,8.07,8.18,8.03,8.13,25021.15,20262.36,0.014553
2012-06-14,8.1,8.11,7.94,7.98,10281.68,8253.52,0.00598
2012-06-15,7.91,8.05,7.84,7.98,7987.02,6343.888,0.004645
2012-06-18,8.11,8.11,7.98,8.0,7439.04,5984.817,0.004327
2012-06-19,7.96,8.18,7.92,8.17,18267.85,14793.654,0.010625
2012-06-20,8.15,8.35,8.11,8.33,27002.86,22264.884,0.015705
2012-06-21,8.25,8.38,8.19,8.24,17992.43,14902.698,0.010465
2012-06-25,8.21,8.29,7.91,7.99,13211.99,10640.544,0.007684
2012-06-26,8.0,8.11,7.84,8.07,6658.33,5307.578,0.0038729999999999997
2012-06-27,8.0,8.33,8.0,8.11,23478.46,19298.69,0.013656
2012-06-28,8.22,8.22,7.6,7.63,18473.59,14620.053,0.010745
2012-06-29,7.53,7.85,7.53,7.83,7734.22,5987.056,0.004497999999999999
2012-07-02,7.83,7.9,7.75,7.76,6536.16,5114.448,0.003802
2012-07-03,7.76,7.9,7.75,7.78,8400.88,6573.925,0.004886
2012-07-04,7.78,7.83,7.6,7.69,5584.63,4319.904,0.0032479999999999996
2012-07-05,7.68,7.71,7.39,7.4,8689.11,6527.744,0.0050539999999999995
2012-07-06,7.58,7.64,7.36,7.51,10270.64,7663.86,0.005974
2012-07-09,7.43,7.5,7.26,7.32,9445.68,6969.571,0.005494
2012-07-10,7.3,7.43,7.05,7.14,6726.24,4831.097,0.003912
2012-07-11,7.06,7.16,7.02,7.08,6970.53,4931.495,0.0040539999999999994
2012-07-12,7.11,7.25,7.06,7.12,10124.44,7216.964,0.005889
2012-07-13,7.11,7.12,6.9,6.95,12053.59,8414.634,0.007011
2012-07-16,7.0,7.16,6.98,7.02,15438.02,10939.105,0.008979000000000001
2012-07-17,7.05,7.41,6.91,7.22,18912.08,13702.35,0.011000000000000001
2012-07-18,7.2,7.2,6.95,7.2,10664.63,7514.137,0.006202999999999999
2012-07-19,7.15,7.25,7.1,7.18,10470.91,7528.731,0.00609
2012-07-20,7.15,7.36,7.13,7.34,16858.62,12300.76,0.009805000000000001
2012-07-23,7.22,7.43,7.17,7.37,12155.74,8935.178,0.00707
2012-07-24,7.35,7.43,7.27,7.38,5049.01,3722.936,0.0029370000000000004
2012-07-25,7.31,7.44,7.12,7.17,4803.01,3494.124,0.0027939999999999996
2012-07-26,7.34,7.35,7.06,7.2,4977.8,3557.19,0.002895
2012-07-27,7.21,7.21,7.08,7.09,3750.99,2668.11,0.002182
2012-07-30,7.0,7.09,6.78,6.81,7297.9,5053.513,0.004245
2012-07-31,6.81,6.81,6.5,6.56,5737.09,3802.759,0.003337
2012-08-01,6.51,6.67,6.51,6.65,4566.11,3030.461,0.002656
2012-08-02,6.62,6.65,6.35,6.4,6726.63,4341.601,0.003912
2012-08-03,6.35,6.48,6.33,6.47,6547.14,4189.862,0.003808
2012-08-06,6.9,7.12,6.74,6.88,35781.81,24673.145,0.020811000000000003
2012-08-07,6.8,7.19,6.7,6.89,26237.51,18239.276,0.015260000000000001
2012-08-08,6.81,6.9,6.72,6.78,16044.5,10899.141,0.009332
2012-08-09,6.77,6.85,6.69,6.83,11324.29,7676.853,0.006586
2012-08-10,6.8,6.91,6.78,6.82,11156.33,7628.369,0.006489
2012-08-13,6.77,6.78,6.4,6.45,12658.53,8327.712,0.007362
2012-08-14,6.5,6.58,6.41,6.58,8055.72,5244.717,0.004685
2012-08-15,6.58,6.89,6.5,6.75,13578.88,9164.24,0.007897999999999999
2012-08-16,6.72,6.75,6.61,6.71,4551.98,3039.414,0.0026479999999999997
2012-08-17,6.71,6.71,6.55,6.64,4453.29,2939.393,0.0025900000000000003
2012-08-20,6.52,6.68,6.43,6.66,6168.5,4027.491,0.003588
2012-08-21,6.56,6.74,6.54,6.69,6432.19,4287.585,0.003741
2012-08-22,6.62,6.69,6.56,6.64,6007.65,3973.535,0.0034939999999999997
2012-08-23,6.64,6.76,6.64,6.7,7270.02,4885.725,0.004228
2012-08-24,6.67,6.75,6.53,6.74,8907.6,5942.486,0.005181
2012-08-27,6.72,6.72,6.45,6.47,5871.02,3866.18,0.003415
2012-08-28,6.42,6.59,6.42,6.48,6592.13,4285.715,0.003834
2012-08-29,7.13,7.13,7.03,7.13,195970.24,139720.178,0.113981
2012-08-30,7.12,7.12,6.43,6.59,136355.69,91747.557,0.07930799999999999
2012-08-31,6.54,6.55,6.18,6.32,47297.65,29881.771,0.027509000000000002
2012-09-03,6.65,6.9,6.53,6.57,75312.47,50410.797,0.043803
2012-09-04,6.48,6.57,6.38,6.51,45854.23,29662.955,0.02667
2012-09-05,6.45,6.76,6.42,6.59,42645.25,28209.305,0.024803000000000002
2012-09-06,6.52,6.63,6.42,6.63,32279.07,21101.022,0.018774
2012-09-07,6.66,6.87,6.6,6.8,57777.47,38980.951,0.033605
2012-09-10,6.8,6.84,6.71,6.82,38077.41,25828.873,0.022147
2012-09-11,6.81,6.84,6.7,6.74,23184.75,15658.418,0.013485
2012-09-12,6.78,6.81,6.73,6.8,20871.45,14134.263,0.012139
2012-09-13,6.82,6.84,6.65,6.66,28241.0,19131.11,0.016426
2012-09-14,6.7,6.77,6.48,6.64,18418.13,12273.469,0.010712
2012-09-17,6.59,6.66,6.38,6.39,13837.91,9030.431,0.008048
2012-09-18,6.35,6.44,6.35,6.38,8007.77,5115.572,0.004657
2012-09-19,6.39,6.79,6.39,6.66,36982.89,24443.679,0.021509999999999998
2012-09-20,6.65,6.82,6.54,6.63,46636.43,31261.377,0.027125
2012-09-21,6.55,6.64,6.4,6.43,13205.2,8610.445,0.00768
2012-09-24,6.41,6.85,6.31,6.78,26830.34,17907.803,0.015605
2012-09-25,6.73,6.97,6.67,6.89,57640.02,39441.682,0.033525
2012-09-26,6.88,6.9,6.61,6.71,12414.11,8351.179,0.00722
2012-09-27,6.61,6.8,6.49,6.72,23454.17,15554.287,0.013641
2012-09-28,6.65,6.84,6.65,6.82,17731.73,12020.26,0.010313000000000001
2012-10-08,6.8,6.85,6.65,6.69,13432.62,9011.16,0.007813
2012-10-09,6.78,7.08,6.67,7.02,41823.27,29027.382,0.024325
2012-10-10,7.02,7.39,6.91,7.28,58524.35,42009.215,0.034039
2012-10-11,7.21,7.36,7.08,7.12,19475.17,14029.656,0.011327
2012-10-12,7.1,7.26,6.98,7.11,11833.67,8397.032,0.006883
2012-10-15,7.1,7.16,7.01,7.14,7586.43,5376.38,0.004412
2012-10-16,7.15,7.21,7.04,7.09,13391.12,9551.384,0.007789000000000001
2012-10-17,7.08,7.26,6.94,7.22,12950.46,9194.708,0.007532
2012-10-18,7.2,7.56,7.17,7.47,30814.33,22935.621,0.017922
2012-10-19,7.48,7.53,7.36,7.37,23234.35,17352.012,0.013514
2012-10-22,7.43,7.52,7.35,7.48,6582.69,4903.172,0.0038290000000000004
2012-10-23,7.41,7.53,7.28,7.3,10166.75,7520.624,0.005913000000000001
2012-10-24,7.3,7.36,7.17,7.19,6922.31,5022.871,0.004026
2012-10-25,7.19,7.25,7.14,7.22,7489.14,5387.545,0.004356
2012-10-26,7.22,7.3,7.09,7.29,7356.85,5286.438,0.004279
2012-10-29,7.22,7.26,7.12,7.2,3751.99,2697.696,0.002182
2012-10-30,7.27,7.28,7.16,7.17,6009.62,4339.306,0.003495
2012-10-31,7.16,7.17,6.93,7.03,12297.0,8620.817,0.0071519999999999995
2012-11-01,7.0,7.24,7.0,7.22,9520.08,6825.342,0.005536999999999999
2012-11-02,7.24,7.47,7.1,7.37,11150.01,8162.056,0.0064849999999999994
2012-11-05,7.3,7.37,7.23,7.23,6843.72,4975.527,0.00398
2012-11-06,7.21,7.28,7.09,7.16,3944.87,2820.988,0.002294
2012-11-07,7.11,7.23,7.11,7.17,2961.55,2121.642,0.0017230000000000001
2012-11-08,7.1,7.1,6.91,6.95,8284.89,5816.567,0.004819
2012-11-09,6.95,7.03,6.91,7.0,3185.08,2218.295,0.0018529999999999998
2012-11-12,7.09,7.09,6.98,7.03,1950.99,1370.202,0.001135
2012-11-13,7.0,7.01,6.89,6.9,4954.28,3439.773,0.002882
2012-11-14,6.89,6.93,6.8,6.88,2209.22,1516.042,0.0012850000000000001
2012-11-15,6.93,6.95,6.58,6.59,10001.33,6743.355,0.005817
2012-11-16,6.59,6.74,6.55,6.64,5798.65,3843.079,0.0033729999999999997
2012-11-19,6.62,6.63,6.39,6.55,4064.0,2633.211,0.0023639999999999998
2012-11-20,6.58,6.59,6.48,6.55,2307.38,1508.112,0.001342
2012-11-21,6.61,6.61,6.49,6.59,2522.57,1650.228,0.001467
2012-11-22,6.58,6.6,6.45,6.47,3402.0,2213.81,0.001979
2012-11-23,6.47,6.57,6.47,6.55,2914.44,1901.4,0.0016950000000000001
2012-11-26,6.55,6.55,6.48,6.49,1951.0,1268.508,0.001135
2012-11-27,6.42,6.44,6.25,6.25,3299.0,2091.258,0.001919
2012-11-28,6.23,6.28,6.13,6.15,2617.72,1617.28,0.0015229999999999998
2012-11-29,6.05,6.21,6.02,6.09,1899.1,1163.142,0.001105
2012-11-30,6.09,6.43,6.08,6.39,7607.39,4801.486,0.004425
2012-12-03,6.39,6.53,6.26,6.27,7979.03,5154.699,0.004641
2012-12-04,6.23,6.28,6.17,6.27,7096.38,4425.108,0.0041270000000000005
2012-12-05,6.29,6.65,6.25,6.54,9822.23,6395.402,0.005713
2012-12-06,6.54,6.66,6.45,6.56,8556.37,5624.345,0.004977
2012-12-07,6.49,6.72,6.49,6.63,7884.58,5226.212,0.004586
2012-12-10,6.65,6.67,6.53,6.64,11711.38,7720.128,0.006812
2012-12-11,6.6,7.12,6.55,6.85,23716.5,16322.568,0.013793999999999999
2012-12-12,6.8,6.91,6.71,6.84,11719.4,8003.988,0.006816
2012-12-13,6.82,6.92,6.77,6.88,9077.9,6222.102,0.00528
2012-12-14,6.84,7.23,6.84,7.16,12208.28,8655.523,0.002105
2012-12-17,7.18,7.52,7.06,7.29,20568.66,15108.206,0.003546
2012-12-18,7.29,7.4,7.15,7.23,9211.3,6669.568,0.001588
2012-12-19,7.17,7.29,7.13,7.24,4707.34,3397.324,0.0008110000000000001
2012-12-20,7.16,7.23,7.1,7.12,4840.02,3459.116,0.000834
2012-12-21,7.14,7.23,7.07,7.12,5320.25,3797.878,0.0009170000000000001
2012-12-24,7.07,7.3,7.06,7.14,6952.04,4955.039,0.001198
2012-12-25,7.23,7.35,7.05,7.27,20243.86,14658.851,0.0034899999999999996
2012-12-26,7.28,7.35,7.18,7.29,19476.31,14181.869,0.003357
2012-12-27,7.28,7.6,7.18,7.58,20674.23,15267.133,0.003564
2012-12-28,7.5,7.59,7.29,7.53,28119.67,20846.975,0.004847000000000001
2012-12-31,7.49,7.7,7.43,7.67,17439.22,13193.961,0.003006
2013-01-04,7.67,7.67,7.35,7.43,17608.75,13149.25,0.003035
2013-01-07,7.33,7.41,7.22,7.29,20624.92,15038.989,0.003555
2013-01-08,7.28,7.51,7.23,7.35,20135.58,14835.166,0.003471
2013-01-09,7.39,7.39,7.2,7.27,13725.86,9984.103,0.002366
2013-01-10,7.26,7.35,7.22,7.27,9479.41,6896.142,0.0016339999999999998
2013-01-11,7.26,7.34,7.2,7.23,13289.79,9666.497,0.002291
2013-01-14,7.25,7.39,7.15,7.38,14773.46,10792.716,0.002547
2013-01-15,7.39,7.45,7.33,7.43,16726.51,12371.647,0.002883
2013-01-16,7.51,7.8,7.4,7.47,22665.02,17125.658,0.003907
2013-01-17,7.43,7.49,7.29,7.32,9671.0,7120.893,0.0016669999999999999
2013-01-18,7.32,7.42,7.27,7.38,8459.22,6221.166,0.001458
2013-01-21,7.35,7.57,7.35,7.53,18894.39,14177.33,0.003257
2013-01-22,8.28,8.28,8.28,8.28,46318.46,38351.685,0.007984999999999999
2013-01-23,8.52,8.62,8.02,8.24,115771.94,95765.463,0.019957
2013-01-24,8.09,8.24,8.03,8.16,60935.89,49440.027,0.010504
2013-01-25,8.14,8.26,8.0,8.16,32012.5,26032.011,0.0055179999999999995
2013-01-28,8.24,8.34,8.06,8.19,61719.73,50658.566,0.01064
2013-01-29,8.21,8.25,8.13,8.15,38087.67,31169.967,0.006566
2013-01-30,8.18,8.2,8.04,8.13,31860.23,25800.429,0.005492
2013-01-31,8.12,8.16,7.97,8.05,16659.97,13416.744,0.002872
2013-02-01,8.05,8.16,8.03,8.1,20434.65,16558.015,0.003523
2013-02-04,8.19,8.19,8.05,8.1,16464.38,13361.493,0.002838
2013-02-05,8.11,8.11,7.95,8.09,22894.75,18357.25,0.003947
2013-02-06,8.1,8.86,7.97,8.52,77307.52,64405.519,0.013327
2013-02-07,8.28,8.55,8.28,8.46,45401.28,38209.931,0.007826
2013-02-08,8.5,8.86,8.5,8.78,64732.75,56438.516,0.011158999999999999
2013-02-18,8.96,9.55,8.96,9.29,104490.74,97480.336,0.018012999999999998
2013-02-19,9.11,9.28,9.0,9.07,44392.06,40352.054,0.007653
2013-02-20,9.04,9.15,8.93,9.11,27194.63,24637.984,0.004688
2013-02-21,9.0,9.05,8.8,8.86,46092.04,41072.631,0.007946
2013-02-22,8.85,9.03,8.81,8.85,20740.69,18504.761,0.003575
2013-02-25,8.83,8.99,8.49,8.5,53587.96,46613.469,0.009238
2013-02-26,8.51,8.63,8.41,8.42,30587.5,26073.043,0.005273
2013-02-27,8.49,8.58,8.42,8.58,20636.08,17536.326,0.0035570000000000003
2013-02-28,8.62,8.83,8.55,8.76,43315.29,37661.843,0.0074670000000000005
2013-03-01,8.74,8.74,8.46,8.61,58975.6,50478.618,0.010166
2013-03-04,8.36,8.36,7.75,7.84,66790.03,53317.863,0.011514
2013-03-05,7.8,7.89,7.68,7.86,60064.68,46490.208,0.010354
2013-03-06,7.86,7.95,7.76,7.91,33382.88,26332.558,0.005755
2013-03-07,7.92,8.1,7.86,7.99,29550.8,23565.077,0.005094
2013-03-08,8.09,8.09,7.81,7.84,19189.24,15137.531,0.0033079999999999997
2013-03-11,7.8,8.03,7.8,7.95,13907.38,11058.035,0.002397
2013-03-12,7.88,8.04,7.7,7.79,20657.96,16217.902,0.0035610000000000004
2013-03-13,7.77,7.81,7.57,7.64,23877.97,18245.228,0.004116
2013-03-14,7.67,7.76,7.6,7.68,10462.2,8042.246,0.001804
2013-03-15,7.68,7.8,7.56,7.68,16184.22,12425.102,0.0027900000000000004
2013-03-18,7.66,7.69,7.51,7.56,10211.71,7738.857,0.0017599999999999998
2013-03-19,7.56,7.75,7.52,7.74,13022.02,9979.341,0.002245
2013-03-20,7.75,7.91,7.68,7.89,18558.84,14533.478,0.003199
2013-03-21,7.89,7.96,7.79,7.86,23036.23,18131.404,0.003971
2013-03-22,7.9,8.0,7.8,7.96,19334.9,15325.113,0.003333
2013-03-25,7.98,8.04,7.87,7.97,12712.6,10116.373,0.002191
2013-03-26,7.97,8.03,7.78,7.85,17438.28,13711.14,0.003006
2013-03-27,7.85,7.96,7.84,7.92,14134.64,11167.242,0.002437
2013-03-28,7.86,7.86,7.57,7.6,22170.56,16954.581,0.003822
2013-03-29,7.61,7.72,7.58,7.68,10508.95,8057.806,0.001812
2013-04-01,7.64,8.07,7.61,7.94,20385.11,16122.326,0.0035139999999999998
2013-04-02,7.9,8.03,7.85,7.91,17468.41,13887.304,0.003011
2013-04-03,7.94,8.32,7.8,8.31,51028.43,41363.428,0.008797000000000001
2013-04-08,8.05,8.16,7.85,8.12,47616.94,38118.851,0.008208
2013-04-09,8.08,8.4,8.05,8.35,49037.59,40530.135,0.008453
2013-04-10,8.39,8.39,8.13,8.2,27651.46,22759.727,0.004767
2013-04-11,8.24,8.32,8.11,8.13,18215.4,14969.892,0.00314
2013-04-12,8.11,8.19,8.04,8.06,14266.72,11552.33,0.0024590000000000002
2013-04-15,7.99,8.16,7.99,8.08,13764.69,11119.221,0.002373
2013-04-16,8.01,8.28,7.82,8.25,18256.62,14676.442,0.0031469999999999996
2013-04-17,8.24,8.29,8.15,8.27,22730.76,18697.38,0.003918
2013-04-18,8.24,8.34,8.14,8.23,22541.92,18537.734,0.003886
2013-04-19,8.2,8.38,8.2,8.37,43499.59,36174.806,0.0074990000000000005
2013-04-22,8.27,8.51,8.27,8.33,32515.95,27181.408,0.005605
2013-04-23,8.37,8.37,7.92,7.97,33797.7,27305.237,0.0058260000000000004
2013-04-24,8.0,8.15,7.95,8.06,21338.44,17144.282,0.0036780000000000003
2013-04-25,8.06,8.09,7.84,7.85,19567.87,15496.864,0.0033729999999999997
2013-04-26,7.85,7.92,7.76,7.81,13545.34,10614.278,0.0023350000000000003
2013-05-02,8.25,8.59,8.17,8.59,84603.28,71429.496,0.014584
2013-05-03,8.87,9.39,8.8,9.18,202956.72,185411.006,0.034987
2013-05-06,9.11,9.49,9.03,9.48,147846.49,136709.332,0.025485999999999998
2013-05-07,9.39,9.4,9.18,9.25,75411.03,69892.557,0.013000000000000001
2013-05-08,9.26,9.33,9.15,9.27,77000.44,71152.181,0.013274
2013-05-09,9.31,9.33,8.85,8.98,98239.36,89089.274,0.016935
2013-05-10,9.08,9.14,8.94,9.02,71623.31,64778.857,0.012346999999999999
2013-05-13,9.05,9.26,8.88,9.22,59351.35,54027.907,0.010230999999999999
2013-05-14,9.21,9.23,8.97,9.13,46493.79,42333.947,0.008015
2013-05-15,9.11,9.27,9.09,9.14,32877.39,30117.015,0.005667999999999999
2013-05-16,9.1,9.65,8.98,9.62,95876.02,89535.222,0.016528
2013-05-17,9.45,9.61,9.25,9.55,103590.23,97952.287,0.017857
2013-05-20,9.5,9.65,9.36,9.39,81538.57,77261.386,0.014055999999999999
2013-05-21,9.37,9.4,9.2,9.36,56558.28,52585.352,0.00975
2013-05-22,9.37,9.98,9.26,9.74,122571.2,118438.684,0.021129
2013-05-23,9.82,10.08,9.6,9.85,118734.87,117386.774,0.020468
2013-05-24,9.72,9.97,9.72,9.9,50270.5,49502.679,0.008666
2013-05-27,9.93,10.33,9.9,9.95,63165.96,63504.509,0.010889
2013-05-28,9.9,10.95,9.84,10.95,141001.19,147409.808,0.024306
2013-05-29,11.2,11.94,11.03,11.39,242256.31,277259.58,0.041761
2013-05-30,11.25,11.85,11.25,11.78,169020.76,195090.914,0.029137
2013-05-31,11.7,11.7,11.17,11.24,128925.41,146759.504,0.022225
2013-06-03,11.16,11.51,10.84,11.04,114168.05,127771.755,0.019681
2013-06-04,11.0,11.25,10.8,11.16,83970.14,92562.388,0.014475
2013-06-05,11.2,11.37,11.07,11.25,60350.46,67665.298,0.010404
2013-06-06,11.18,11.76,11.07,11.48,113556.95,130351.86,0.019575
2013-06-07,11.36,11.48,10.46,10.5,106624.52,115842.867,0.01838
2013-06-13,10.1,10.1,9.45,9.67,77148.8,74988.832,0.013299
2013-06-14,9.68,9.95,9.52,9.89,59510.04,58230.071,0.010259
2013-06-17,9.87,9.99,9.6,9.78,42818.12,41985.063,0.0073809999999999995
2013-06-18,9.76,9.89,9.73,9.79,40551.7,39729.974,0.00699
2013-06-19,9.81,9.84,9.12,9.59,62486.58,58910.457,0.010771999999999999
2013-06-20,9.45,10.07,9.44,9.63,71343.96,69832.91,0.012299
2013-06-21,9.4,9.74,9.1,9.59,43285.84,41103.688,0.007462
2013-06-24,9.8,10.09,9.08,9.3,106367.84,102894.374,0.018335999999999998
2013-06-25,9.0,9.45,8.37,9.32,108834.1,96145.852,0.018761
2013-06-26,9.25,9.35,9.0,9.23,84614.06,77476.632,0.014585999999999998
2013-06-27,9.31,9.64,9.15,9.17,97453.85,91290.782,0.0168
2013-06-28,9.01,9.68,8.9,9.39,91215.88,85514.273,0.015724000000000002
2013-07-01,9.41,9.42,9.07,9.33,63559.14,58751.224,0.010957
2013-07-02,9.32,9.33,9.1,9.23,59779.88,54987.049,0.010305
2013-07-03,9.27,9.49,9.13,9.39,83771.47,78259.934,0.014440999999999999
2013-07-04,9.27,9.63,9.15,9.48,91768.06,86554.652,0.015819
2013-07-05,9.44,9.88,9.41,9.6,120226.83,116540.9,0.020724999999999997
2013-07-08,9.44,9.44,8.99,9.0,65851.75,60504.093,0.011352
2013-07-09,8.89,9.13,8.7,8.8,48949.21,43253.833,0.008438
2013-07-10,8.76,9.09,8.63,9.09,69144.89,61267.743,0.01192
2013-07-11,9.07,9.57,8.98,9.39,97512.38,90810.257,0.016810000000000002
2013-07-12,9.4,9.47,9.05,9.11,72956.57,67430.214,0.012577
2013-07-15,9.13,9.3,9.06,9.28,58235.17,53614.181,0.010039
2013-07-16,9.25,9.27,9.07,9.25,52193.96,47922.387,0.008997
2013-07-17,9.18,9.54,9.09,9.39,97358.36,91038.327,0.016783
2013-07-18,9.35,9.37,9.1,9.24,63604.44,58679.621,0.010964
2013-07-19,9.58,10.11,9.41,9.58,185175.31,181460.353,0.031921
2013-07-22,9.6,10.2,9.37,10.16,134988.38,133337.465,0.02327
2013-07-23,10.08,10.37,9.91,10.23,122258.33,123698.62,0.021075
2013-07-24,10.16,10.16,9.86,10.0,88665.45,88519.807,0.015285
2013-07-25,10.02,10.08,9.64,9.68,63530.19,62385.342,0.010952
2013-07-26,9.68,9.83,9.5,9.76,41137.98,39983.591,0.007092
2013-07-29,9.77,9.82,9.2,9.25,58859.57,55474.849,0.010145999999999999
2013-07-30,9.31,9.4,9.03,9.14,45347.13,41819.905,0.007817
2013-07-31,9.29,9.54,9.21,9.25,43989.55,41229.454,0.0075829999999999995
2013-08-01,9.27,9.48,9.2,9.47,44559.33,41876.803,0.007681
2013-08-02,9.55,9.8,9.54,9.63,55940.39,54036.783,0.009643
2013-08-05,9.67,9.72,9.47,9.67,45117.08,43212.121,0.007778
2013-08-06,9.61,9.73,9.48,9.69,50403.92,48457.61,0.008689
2013-08-07,9.71,9.87,9.65,9.67,71608.28,70035.617,0.012343999999999999
2013-08-08,9.6,9.65,9.42,9.51,39785.95,37907.992,0.0068579999999999995
2013-08-09,9.51,9.63,9.37,9.51,33352.62,31683.829,0.005749
2013-08-12,9.51,9.75,9.41,9.71,47556.68,45732.29,0.008198
2013-08-13,9.72,10.38,9.64,10.15,110217.85,109791.313,0.019
2013-08-14,10.01,10.12,9.88,9.9,80074.7,80008.077,0.013804
2013-08-15,9.9,10.18,9.85,9.94,54857.08,54898.142,0.009457
2013-08-16,9.9,10.14,9.61,9.64,67904.6,66926.468,0.011706000000000001
2013-08-19,9.53,9.76,9.46,9.73,27978.12,26973.474,0.004823
2013-08-20,9.69,9.82,9.56,9.59,37095.82,35930.91,0.006395
2013-08-21,9.56,9.59,9.34,9.49,43252.09,40784.044,0.007456000000000001
2013-08-22,9.41,9.56,9.37,9.49,30317.88,28804.739,0.005226
2013-08-23,9.5,9.59,9.19,9.3,39843.11,37368.585,0.006868
2013-08-26,9.3,9.53,9.3,9.52,26265.43,24865.046,0.004528
2013-08-27,9.55,9.81,9.46,9.8,53074.33,51574.39,0.009149000000000001
2013-08-28,9.78,9.78,9.59,9.68,45819.97,44343.969,0.007899
2013-08-29,9.7,9.87,9.56,9.8,57615.26,56128.16,0.009932
2013-08-30,9.84,9.88,9.64,9.72,75992.73,74339.688,0.0131
2013-09-02,9.72,9.79,9.28,9.42,50386.64,47546.563,0.008686000000000001
2013-09-03,9.45,9.63,9.35,9.58,38421.04,36620.477,0.006623
2013-09-04,9.75,9.82,9.55,9.58,40764.65,39384.232,0.007027
2013-09-05,9.64,9.88,9.64,9.83,76924.49,75384.928,0.013261
2013-09-06,9.92,9.94,9.67,9.76,48520.86,47395.603,0.008364
2013-09-09,9.75,10.0,9.69,9.9,65765.51,64809.966,0.011337
2013-09-10,9.92,9.96,9.8,9.89,59908.72,59031.154,0.010327
2013-09-11,9.87,9.93,9.69,9.7,53211.7,51939.486,0.009173
2013-09-12,9.7,9.96,9.61,9.84,58391.15,57548.139,0.010065999999999999
2013-09-13,9.83,10.32,9.74,10.06,108395.62,109371.588,0.018686
2013-09-16,10.15,10.15,9.82,9.91,65572.42,65069.426,0.011304000000000002
2013-09-17,9.98,9.98,9.62,9.65,37067.4,36155.48,0.00639
2013-09-18,9.65,9.82,9.64,9.74,22994.3,22339.403,0.003964
2013-09-23,9.76,9.88,9.72,9.87,35922.09,35196.07,0.006192
2013-09-24,9.83,9.88,9.66,9.85,42182.17,41237.922,0.007272
2013-09-25,9.82,9.93,9.76,9.79,46993.77,46304.363,0.008101
2013-09-26,9.79,9.79,9.37,9.38,39321.54,37522.843,0.006777999999999999
2013-09-27,9.38,9.49,9.3,9.34,19862.03,18656.573,0.003424
2013-09-30,9.37,9.45,9.36,9.39,16774.97,15763.109,0.002892
2013-10-08,9.39,9.54,9.28,9.5,28908.44,27286.741,0.0049830000000000004
2013-10-09,9.5,9.61,9.46,9.55,35175.82,33498.783,0.006064000000000001
2013-10-10,9.56,9.58,9.37,9.37,29981.04,28377.643,0.005168000000000001
2013-10-11,9.39,9.49,9.37,9.47,31322.5,29568.936,0.0054
2013-10-14,9.5,9.65,9.45,9.62,42119.76,40281.319,0.007261
2013-10-15,9.61,9.75,9.43,9.54,36760.5,35234.67,0.006337000000000001
2013-10-16,9.53,9.7,8.86,9.09,43052.95,39947.505,0.007422
2013-10-17,9.11,9.18,9.0,9.04,24636.45,22412.672,0.004247
2013-10-18,9.05,9.14,9.04,9.14,15382.63,13976.241,0.002652
2013-10-21,9.15,9.3,9.02,9.2,29274.96,26778.487,0.005047
2013-10-22,9.2,9.42,9.14,9.4,46510.6,43187.139,0.008017999999999999
2013-10-23,9.4,10.34,9.4,10.34,334028.47,338859.342,0.057581
2013-10-24,10.6,11.37,10.35,11.37,381880.37,423688.027,0.06583
2013-10-25,11.81,11.85,10.89,11.5,359557.14,406249.821,0.061982
2013-10-28,11.45,11.47,11.03,11.3,262865.5,296228.001,0.04531399999999999
2013-10-29,11.06,11.19,10.2,10.86,283760.99,304610.88,0.048916
2013-10-30,10.68,10.96,10.49,10.83,176630.84,189447.05,0.030448
2013-10-31,10.83,11.09,10.1,10.14,182601.08,194500.601,0.031478
2013-11-01,9.85,9.96,9.23,9.61,152648.98,146081.446,0.026314
2013-11-04,9.5,9.66,9.47,9.56,70111.94,66905.355,0.012086
2013-11-05,9.58,9.95,9.24,9.94,111267.38,108171.465,0.019181
2013-11-06,9.84,9.95,9.65,9.68,81837.05,80460.158,0.014107000000000001
2013-11-07,9.56,9.75,9.46,9.63,56449.55,54093.424,0.009731
2013-11-08,9.54,9.82,9.42,9.61,70652.38,68058.069,0.012179
2013-11-11,9.6,10.18,9.43,10.08,95643.57,93816.193,0.016488
2013-11-12,10.5,11.09,10.32,11.09,124638.46,135000.85,0.021486
2013-11-13,11.09,11.09,10.3,10.33,282163.25,303381.481,0.048641
2013-11-14,10.0,10.8,9.8,10.44,175941.8,183427.991,0.03033
2013-11-15,10.39,11.48,10.31,11.15,288509.13,317205.771,0.049734999999999994
2013-11-18,11.13,11.5,10.9,11.37,243968.29,273673.802,0.042055999999999996
2013-11-19,11.3,11.42,11.01,11.15,148773.1,166255.876,0.025646
2013-11-20,11.1,11.6,11.1,11.23,145434.6,164906.56,0.025071
2013-11-21,11.08,11.08,10.73,10.9,131450.83,143077.734,0.02266
2013-11-22,10.85,10.91,10.37,10.44,122192.93,129695.802,0.021064
2013-11-25,10.25,10.67,10.13,10.65,84480.28,88318.515,0.014563
2013-11-26,10.54,10.72,10.36,10.47,56718.19,59590.567,0.009777000000000001
2013-11-27,10.61,11.35,10.51,11.21,192271.83,212002.424,0.033145
2013-11-28,11.07,11.32,10.93,11.24,129564.35,144194.289,0.022334999999999997
2013-11-29,11.2,11.38,11.08,11.2,84564.38,94744.692,0.014578
2013-12-02,11.09,11.09,10.24,10.53,114819.34,122852.161,0.019793
2013-12-03,10.4,11.58,10.31,11.58,123988.5,138375.225,0.021374
2013-12-04,12.06,12.74,12.06,12.74,172375.32,214568.417,0.029715
2013-12-05,13.52,13.78,12.43,12.54,458465.37,598509.207,0.079032
2013-12-06,12.38,12.6,11.9,12.16,239679.1,293604.903,0.041317000000000006
2013-12-09,12.11,12.48,12.01,12.13,126544.16,154720.553,0.021814
2013-12-10,12.11,12.9,12.05,12.59,241496.74,303288.372,0.04163
2013-12-11,12.4,12.4,11.7,12.14,154959.16,185590.976,0.026713
2013-12-12,12.07,12.18,11.85,11.93,97388.36,116634.335,0.016788
2013-12-13,11.81,12.45,11.72,12.16,128785.27,157374.054,0.022201
2013-12-16,12.19,12.8,11.88,12.37,160755.13,199117.421,0.027712
2013-12-17,12.34,13.15,12.18,12.95,231490.09,296669.16,0.039904999999999996
2013-12-18,12.85,13.11,12.55,12.67,107418.77,136683.311,0.018517
2013-12-19,12.76,13.1,12.13,12.14,141009.54,178599.79,0.024308
2013-12-20,12.0,12.59,11.89,12.25,101537.79,124391.843,0.017504
2013-12-23,12.21,12.9,12.0,12.85,126237.32,158479.863,0.021761
2013-12-24,13.2,13.45,12.31,12.41,133344.2,169727.712,0.022987
2013-12-25,12.25,12.85,12.22,12.81,103831.21,129843.711,0.017899
2013-12-26,12.75,12.93,11.69,11.83,177489.85,216863.518,0.030597
2013-12-27,12.07,12.16,11.78,11.9,93784.45,112157.56,0.016167
2013-12-30,11.85,12.12,11.6,11.67,88217.76,104153.983,0.015207
2013-12-31,11.69,11.89,11.58,11.74,61002.89,71638.837,0.010516000000000001
2014-01-02,11.69,11.69,11.41,11.57,69962.44,80576.306,0.01206
2014-01-03,11.51,11.54,11.21,11.23,67083.06,75773.659,0.011564000000000001
2014-01-06,11.16,11.16,10.53,10.61,66652.15,71798.145,0.01149
2014-01-07,10.56,10.95,10.42,10.77,56234.6,60456.131,0.009694000000000001
2014-01-08,10.84,10.93,10.42,10.49,59718.55,63584.635,0.010295
2014-01-09,10.54,10.78,10.46,10.58,52782.03,56252.968,0.009099000000000001
2014-01-10,10.48,10.58,10.1,10.17,45781.31,47121.756,0.007892
2014-01-13,10.34,10.56,10.21,10.34,36302.44,37684.461,0.0062580000000000005
2014-01-14,10.3,10.77,10.16,10.71,57085.41,59876.715,0.009840999999999999
2014-01-15,10.69,10.76,10.47,10.68,49565.78,52573.181,0.008544000000000001
2014-01-16,10.68,10.88,10.5,10.81,61260.37,65414.003,0.01056
2014-01-17,10.68,10.76,10.35,10.37,39214.9,41520.657,0.00676
2014-01-20,10.36,10.48,10.2,10.24,29916.54,30871.686,0.005157
2014-01-21,10.34,10.44,10.27,10.38,23360.62,24203.338,0.004027
2014-01-22,10.32,10.86,10.32,10.8,64774.41,69309.197,0.011166
2014-01-23,10.78,10.85,10.62,10.74,48719.16,52219.836,0.008398
2014-01-24,10.75,11.29,10.65,11.1,97791.02,108551.303,0.016857999999999998
2014-01-27,10.95,11.07,10.82,10.88,50023.91,54659.186,0.008622999999999999
2014-01-28,10.81,11.06,10.7,10.86,31850.75,34622.265,0.005491
2014-01-29,10.86,10.94,10.78,10.8,29686.3,32153.407,0.005117
2014-01-30,10.76,10.8,10.44,10.5,38189.27,40376.391,0.006583
2014-02-07,10.32,10.66,10.3,10.57,31027.28,32659.334,0.0053490000000000005
2014-02-10,10.55,10.98,10.55,10.91,52422.87,56919.737,0.009037
2014-02-11,10.94,11.19,10.79,11.07,74445.46,82166.269,0.012833
2014-02-12,11.06,11.38,10.94,11.36,93498.44,104553.983,0.016118
2014-02-13,11.46,11.46,10.88,10.93,72965.68,81282.666,0.012578
2014-02-14,10.87,11.15,10.87,11.1,42589.22,47010.39,0.007342
2014-02-17,11.14,11.22,11.0,11.16,61190.51,67997.405,0.010548
2014-02-18,11.17,11.37,10.92,11.02,99444.78,110673.198,0.017143
2014-02-19,11.0,11.99,10.85,11.8,202880.36,232378.096,0.034973000000000004
2014-02-20,11.77,11.77,11.41,11.46,95281.47,109862.771,0.016425000000000002
2014-02-21,11.43,11.53,11.18,11.28,61204.66,69387.606,0.010551
2014-02-24,11.2,11.2,10.5,10.7,89277.81,96127.798,0.01539
2014-02-25,10.65,10.77,10.35,10.43,60898.32,64418.885,0.010498
2014-02-26,10.4,10.65,10.22,10.53,38688.43,40460.612,0.0066690000000000004
2014-02-27,10.59,10.72,10.16,10.22,41519.54,43427.035,0.007157
2014-02-28,10.11,10.31,9.95,10.27,39379.5,39761.941,0.006788
2014-03-03,10.24,10.51,10.16,10.46,29178.92,30218.887,0.00503
2014-03-04,10.4,10.65,10.33,10.54,32953.1,34606.761,0.005681
2014-03-05,10.66,10.66,10.35,10.41,27387.19,28620.511,0.004721
2014-03-06,10.3,10.73,10.11,10.61,51681.6,54374.292,0.008909
2014-03-07,10.57,10.66,10.43,10.46,28599.31,30174.216,0.00493
2014-03-10,10.48,10.48,10.05,10.06,24166.62,24607.718,0.004166
2014-03-11,10.1,10.3,9.99,10.1,24599.37,24920.213,0.004241
2014-03-12,10.12,10.62,10.03,10.29,32932.4,34083.824,0.005677
2014-03-13,10.29,10.37,10.16,10.26,24444.19,25098.03,0.004214
2014-03-14,10.25,10.33,10.15,10.3,19124.35,19596.013,0.003297
2014-03-17,10.31,10.53,10.31,10.44,26157.2,27232.124,0.004509
2014-03-18,10.36,10.52,10.32,10.37,19780.41,20565.859,0.0034100000000000003
2014-03-19,10.31,10.8,10.11,10.63,58565.66,61106.538,0.010096
2014-03-20,10.52,11.27,10.39,10.93,87296.16,94338.353,0.015049
2014-03-21,10.55,11.17,10.53,11.11,101663.2,111540.453,0.017525
2014-03-24,11.17,11.74,11.06,11.53,163397.24,187029.045,0.028167
2014-03-25,11.65,11.66,11.08,11.2,106476.86,120673.584,0.018355
2014-03-26,11.18,11.29,10.91,10.97,55388.15,61011.967,0.009548
2014-03-27,10.94,11.35,10.9,11.01,65716.4,73447.084,0.011329
2014-03-28,10.97,11.28,10.61,10.66,61701.87,67776.238,0.010636000000000001
2014-03-31,10.66,10.8,10.2,10.29,47153.46,48884.727,0.008128999999999999
2014-04-01,10.24,10.48,10.24,10.36,31116.62,32144.598,0.005364
2014-04-02,10.37,10.71,10.37,10.61,41798.81,44203.271,0.0072050000000000005
2014-04-03,10.61,10.64,10.21,10.28,48761.0,50261.451,0.008406
2014-04-04,10.26,10.41,10.23,10.4,25936.33,26830.562,0.004471
2014-04-08,10.34,10.49,10.29,10.49,29136.23,30338.553,0.005023
2014-04-09,10.45,10.56,10.37,10.46,30075.19,31446.439,0.0051849999999999995
2014-04-10,10.46,10.52,10.3,10.39,47312.23,49158.8,0.008156
2014-04-11,10.37,10.47,10.25,10.47,34995.84,36274.546,0.006032999999999999
2014-04-14,10.47,10.6,10.38,10.59,31964.65,33529.609,0.00551
2014-04-15,10.61,10.67,10.42,10.44,37174.2,39153.493,0.0064080000000000005
2014-04-16,10.3,10.44,10.28,10.41,16554.92,17184.696,0.0028539999999999998
2014-04-17,10.39,10.47,10.35,10.38,15839.51,16474.46,0.0027300000000000002
2014-04-18,10.28,10.4,10.28,10.34,15513.44,16023.402,0.002674
2014-04-21,10.2,10.27,9.93,9.95,41342.13,41851.296,0.007127
2014-04-22,9.96,10.09,9.83,9.96,27019.32,26852.936,0.004658
2014-04-23,9.96,10.07,9.9,9.97,11962.4,11967.99,0.002062
2014-04-24,9.9,10.02,9.81,9.82,12313.41,12200.56,0.002123
2014-04-25,9.86,9.93,9.5,9.52,19434.84,18830.381,0.00335
2014-04-28,9.49,9.49,9.15,9.17,25374.07,23580.532,0.004374
2014-04-29,9.45,9.45,9.12,9.26,19062.31,17635.41,0.003286
2014-04-30,9.28,9.56,9.28,9.5,18827.18,17848.303,0.003246
2014-05-05,9.6,9.8,9.44,9.74,21273.95,20487.401,0.003667
2014-05-06,9.75,9.8,9.62,9.76,13981.74,13578.349,0.00241
2014-05-07,9.6,9.6,9.23,9.29,11421.96,10690.161,0.001969
2014-05-08,9.29,9.75,9.27,9.45,25083.28,24056.105,0.004324
2014-05-09,9.31,9.38,9.2,9.32,16724.93,15508.418,0.002883
2014-05-12,9.4,9.58,9.32,9.54,18526.19,17532.862,0.0031940000000000002
2014-05-13,9.53,9.9,9.5,9.69,24432.08,23791.872,0.0042120000000000005
2014-05-14,9.74,9.85,9.61,9.68,19501.87,18988.062,0.003362
2014-05-15,9.73,9.73,9.39,9.43,11597.12,11038.125,0.001999
2014-05-16,9.45,9.51,9.38,9.42,7735.93,7300.357,0.001334
2014-05-19,9.42,9.42,9.23,9.38,10047.61,9377.821,0.001732
2014-05-20,9.38,9.55,9.36,9.42,6550.39,6174.55,0.001129
2014-05-21,9.43,9.52,9.27,9.51,8542.82,8054.885,0.001473
2014-05-22,9.51,9.59,9.46,9.46,13348.5,12735.163,0.002301
2014-05-23,9.5,9.58,9.44,9.55,10635.19,10120.596,0.001833
2014-05-26,9.56,9.68,9.5,9.66,16428.65,15764.433,0.002832
2014-05-27,9.62,9.64,9.5,9.54,11001.83,10522.297,0.001897
2014-05-28,9.53,9.61,9.44,9.59,13431.58,12810.346,0.0023150000000000002
2014-05-29,9.58,9.62,9.35,9.37,12538.08,11869.033,0.0021609999999999997
2014-05-30,9.39,9.39,9.23,9.33,16104.18,14999.897,0.0027760000000000003
2014-06-03,9.34,9.37,9.26,9.27,12760.39,11855.51,0.0022
2014-06-04,9.26,9.26,9.18,9.2,10487.76,9652.623,0.001808
2014-06-05,9.36,9.46,9.24,9.39,16257.23,15242.368,0.002803
2014-06-06,9.38,9.39,9.27,9.29,9360.02,8712.608,0.001614
2014-06-09,9.23,9.31,9.19,9.26,9481.33,8770.38,0.0016339999999999998
2014-06-10,9.27,9.38,9.24,9.35,11115.04,10346.685,0.001916
2014-06-11,9.39,9.41,9.27,9.39,11690.98,10924.943,0.0020150000000000003
2014-06-12,9.33,9.38,9.29,9.3,8511.95,7939.348,0.001467
2014-06-13,9.3,9.68,9.28,9.65,46278.93,44121.51,0.007977999999999999
2014-06-16,9.63,9.81,9.57,9.78,63014.06,61220.525,0.010863000000000001
2014-06-17,9.72,9.82,9.6,9.69,58715.95,57004.319,0.010121999999999999
2014-06-18,9.66,9.74,9.56,9.57,20429.27,19703.466,0.003522
2014-06-19,9.63,9.82,9.5,9.8,79822.08,77487.697,0.01376
2014-06-20,9.71,9.8,9.66,9.77,51446.49,50084.252,0.008869
2014-06-23,9.74,9.78,9.63,9.66,33503.93,32547.705,0.005776
2014-06-24,9.67,9.72,9.52,9.62,26725.1,25667.578,0.004607
2014-06-25,9.56,9.74,9.53,9.72,25569.8,24642.157,0.0044080000000000005
2014-06-26,9.71,9.92,9.67,9.88,54075.4,53080.955,0.009322
2014-06-27,9.8,9.89,9.73,9.81,34144.85,33490.251,0.005886
2014-06-30,9.78,9.86,9.76,9.8,26759.68,26210.089,0.004613
2014-07-01,9.78,9.84,9.68,9.72,23126.64,22523.037,0.003987
2014-07-02,9.75,9.99,9.67,9.97,44499.91,43729.583,0.007671
2014-07-03,10.0,10.0,9.85,9.87,41705.22,41334.588,0.007189
2014-07-04,9.82,9.91,9.82,9.86,17685.34,17443.435,0.003049
2014-07-07,9.82,10.03,9.8,10.01,35919.3,35794.006,0.006192
2014-07-08,10.01,10.04,9.92,9.99,18379.86,18333.854,0.0031680000000000002
2014-07-09,9.99,9.99,9.65,9.68,28833.34,28309.442,0.00497
2014-07-10,9.68,9.8,9.58,9.7,20323.3,19634.096,0.003503
2014-07-11,9.71,9.78,9.66,9.75,14574.02,14154.732,0.002512
2014-07-14,9.74,9.87,9.73,9.87,19189.51,18836.958,0.0033079999999999997
2014-07-15,9.86,9.95,9.77,9.9,24544.75,24234.455,0.0042309999999999995
2014-07-16,9.91,10.12,9.86,10.04,52160.48,52321.318,0.008992
2014-07-17,10.06,10.06,9.89,10.02,22461.63,22423.622,0.003872
2014-07-18,9.98,10.25,9.92,10.22,53057.12,53971.824,0.009146
2014-07-21,10.11,10.36,10.08,10.23,61589.51,63224.659,0.010617000000000001
2014-07-22,10.28,10.4,10.18,10.19,35772.56,36824.058,0.006167000000000001
2014-07-23,10.18,10.4,10.13,10.17,33380.07,34213.806,0.0057540000000000004
2014-07-24,10.27,10.5,10.07,10.49,48825.93,50392.374,0.008417000000000001
2014-07-25,10.42,10.48,10.32,10.36,36014.42,37382.825,0.006208
2014-07-28,10.42,10.68,10.38,10.52,51778.03,54526.483,0.008926
2014-07-29,10.53,10.81,10.52,10.8,62054.25,66191.486,0.010697000000000002
2014-07-30,10.75,10.75,10.58,10.67,36116.91,38497.224,0.006226000000000001
2014-07-31,10.63,10.73,10.48,10.72,34685.68,36735.773,0.005979
2014-08-01,10.66,11.07,10.55,10.73,49451.28,53465.92,0.008525
2014-08-04,10.73,10.98,10.59,10.9,39704.51,42982.775,0.006844
2014-08-05,10.9,10.9,10.71,10.88,30268.77,32692.309,0.005218
2014-08-06,10.9,10.9,10.72,10.77,27801.62,29947.568,0.004793
2014-08-07,10.73,10.82,10.43,10.45,39647.33,41984.838,0.006835
2014-08-08,10.5,10.56,10.41,10.44,39110.65,40923.473,0.006742000000000001
2014-08-11,10.49,10.77,10.47,10.7,43114.12,45887.809,0.007431999999999999
2014-08-12,10.68,10.68,10.56,10.63,42276.07,44825.73,0.007288
2014-08-13,10.64,10.84,10.58,10.8,49159.46,52807.872,0.008474
2014-08-14,10.81,11.09,10.81,10.9,72828.67,79915.372,0.012555
2014-08-15,10.87,11.08,10.79,11.05,48956.57,53859.655,0.008439
2014-08-18,11.05,11.13,10.96,11.1,44996.6,49761.638,0.007756999999999999
2014-08-19,11.18,11.18,10.94,11.03,35048.19,38777.751,0.006042
2014-08-20,11.02,11.18,10.9,11.07,31283.9,34636.379,0.005393
2014-08-21,11.08,11.14,10.96,11.09,26435.89,29204.602,0.004557
2014-08-22,11.12,11.41,11.1,11.35,41687.12,46906.1,0.0071860000000000005
2014-08-25,11.38,11.39,11.2,11.28,29070.93,32888.64,0.005011
2014-08-26,11.22,11.48,11.14,11.17,41444.03,46797.564,0.007144
2014-08-27,11.05,11.4,11.05,11.28,22380.92,25279.854,0.003858
2014-08-28,11.28,11.36,11.03,11.08,21864.52,24475.368,0.003769
2014-08-29,11.08,11.17,11.03,11.1,15398.03,17074.07,0.002654
2014-09-01,11.15,11.36,11.1,11.34,27795.65,31296.071,0.004792
2014-09-02,11.36,11.54,11.25,11.49,35023.21,40054.009,0.006037
2014-09-03,11.48,11.62,11.43,11.58,32494.26,37560.899,0.005602
2014-09-04,11.6,11.82,11.56,11.65,29710.57,34756.419,0.005122
2014-09-05,11.69,12.82,11.68,12.82,165336.5,210342.855,0.028502
2014-09-09,12.92,13.33,12.6,13.0,116040.54,151121.193,0.020004
2014-09-10,13.0,13.0,12.73,12.87,54137.12,69667.023,0.009332
2014-09-11,12.86,13.12,12.68,12.81,59697.29,76883.373,0.010291
2014-09-12,12.69,13.13,12.69,12.89,57806.04,74860.082,0.009965
2014-09-15,12.89,12.94,12.69,12.81,63179.17,80622.407,0.010891
2014-09-16,12.96,13.16,12.22,12.31,74986.43,95493.309,0.012927
2014-09-17,12.27,12.48,12.1,12.47,48646.05,59885.89,0.008386
2014-09-18,12.49,12.58,12.34,12.49,35771.66,44571.633,0.0061660000000000005
2014-09-22,13.74,13.74,12.9,13.16,313695.11,418561.18,0.054076000000000006
2014-09-23,13.2,13.48,12.72,12.96,169685.96,220698.369,0.029251
2014-09-24,12.75,12.95,12.67,12.83,119159.61,152405.734,0.020541
2014-09-25,12.81,13.57,12.78,13.2,169168.72,223970.188,0.029162
2014-09-26,13.2,13.53,13.08,13.3,138827.5,185307.406,0.023932000000000002
2014-09-29,13.29,13.42,13.13,13.18,79527.43,105207.211,0.013709
2014-09-30,13.19,13.31,13.05,13.15,47616.97,62708.748,0.008208
2014-10-08,13.4,13.4,13.06,13.1,53056.45,69678.568,0.009146
2014-10-09,13.11,13.17,12.76,12.96,78907.05,102088.542,0.013602000000000001
2014-10-10,12.91,13.01,12.81,12.86,41872.84,53973.449,0.007218
2014-10-13,12.8,13.02,12.75,12.94,35737.33,46166.084,0.006161
2014-10-14,12.92,13.13,12.76,12.85,36168.19,46768.757,0.006235000000000001
2014-10-15,12.8,12.85,12.6,12.78,29505.17,37520.141,0.005086
2014-10-16,12.78,12.78,12.5,12.52,37724.24,47769.193,0.006503
2014-10-17,12.55,12.68,11.95,12.24,42770.71,52363.462,0.007372999999999999
2014-10-20,12.32,12.43,12.19,12.36,23576.8,29001.424,0.004064
2014-10-21,12.37,12.37,12.0,12.15,31711.32,38521.173,0.005467
2014-10-22,12.01,12.13,11.78,11.82,36723.95,43791.679,0.006331
2014-10-23,11.8,11.95,11.7,11.71,25187.28,29693.157,0.0043419999999999995
2014-10-24,11.75,11.99,11.67,11.82,17824.63,21048.107,0.003073
2014-10-27,11.82,11.94,11.75,11.91,15841.21,18829.342,0.002731
2014-10-28,11.95,12.15,11.88,12.15,52856.93,63597.411,0.009112
2014-10-29,12.17,12.28,12.08,12.23,44242.6,53974.835,0.007627
2014-10-30,12.29,12.29,12.01,12.07,40293.12,48886.834,0.006946
2014-10-31,12.0,12.17,11.96,12.08,37440.84,45100.649,0.006454
2014-11-03,12.16,12.38,12.08,12.28,38801.87,47623.716,0.0066890000000000005
2014-11-04,12.28,12.28,12.1,12.18,23950.4,29123.99,0.004129
2014-11-05,12.18,12.22,12.11,12.11,21380.32,25970.684,0.003686
2014-11-06,12.11,12.36,12.02,12.33,39825.6,48638.456,0.006865
2014-11-07,12.37,12.37,12.01,12.07,32359.56,39542.077,0.005578
2014-11-10,12.06,12.18,12.02,12.14,23024.85,27861.656,0.0039689999999999994
2014-11-11,12.11,12.11,11.48,11.55,59710.58,70082.742,0.010293000000000002
2014-11-12,11.55,11.75,11.53,11.67,30002.21,34947.765,0.0051719999999999995
2014-11-13,11.68,11.8,11.51,11.67,27305.32,31718.631,0.004707
2014-11-14,11.55,11.7,11.37,11.66,17180.87,19872.57,0.0029620000000000002
2014-11-17,11.68,12.48,11.66,12.34,79257.35,96301.354,0.013663000000000002
2014-11-18,12.22,12.38,12.02,12.16,46803.64,56923.944,0.008067999999999999
2014-11-19,12.12,12.24,12.01,12.09,28666.41,34668.156,0.004941999999999999
2014-11-20,12.09,12.77,12.05,12.49,100892.41,126626.367,0.017392
2014-11-21,12.5,12.71,12.32,12.57,58208.77,72788.449,0.010034000000000001
2014-11-24,12.83,13.03,12.64,12.79,109089.68,140286.651,0.018805000000000002
2014-11-25,12.8,13.27,12.7,13.04,93729.03,122362.782,0.016156999999999998
2014-11-26,13.12,13.2,12.72,12.96,56227.77,72301.35,0.009693
2014-11-27,12.91,12.91,12.59,12.79,57848.25,73558.798,0.009972
2014-11-28,12.71,12.84,12.61,12.75,45579.39,57822.107,0.007857
2014-12-01,12.75,13.1,12.56,13.03,96562.15,124182.819,0.016646
2014-12-02,13.19,13.27,12.93,13.05,68586.09,89513.28,0.011822999999999998
2014-12-03,13.06,13.7,12.92,13.65,140847.85,187114.089,0.02428
2014-12-04,13.89,13.89,13.33,13.58,167481.89,226591.286,0.028871
2014-12-05,13.35,13.45,12.5,12.76,107140.64,138813.775,0.018469
2014-12-08,12.64,13.0,12.51,12.82,78955.68,100649.14,0.013611
2014-12-09,12.7,12.85,12.18,12.26,81841.85,102670.23,0.014108
2014-12-10,12.47,12.47,11.9,12.41,80425.15,97757.201,0.013864000000000001
2014-12-11,12.36,12.51,12.2,12.48,45715.42,56707.216,0.007881
2014-12-12,12.49,12.64,12.43,12.59,41533.94,52125.7,0.00716
2014-12-15,12.46,12.73,12.4,12.66,65643.02,82877.183,0.011316
2014-12-16,12.66,12.69,12.32,12.55,70025.42,87312.662,0.012071
2014-12-17,12.5,12.56,12.25,12.36,51319.67,63826.21,0.008847
2014-12-18,12.35,12.44,12.1,12.31,42208.9,51971.123,0.007276
2014-12-19,12.26,12.27,11.86,12.05,39990.54,48111.773,0.006894
2014-12-22,12.05,12.05,11.01,11.41,59439.71,68552.465,0.010247
2014-12-23,11.41,11.78,11.3,11.47,32822.23,38007.853,0.005658
2014-12-24,11.62,11.62,11.38,11.56,23008.02,26448.334,0.003966
2014-12-25,11.7,11.7,11.48,11.59,31926.03,36910.309,0.005504
2014-12-26,11.61,11.82,11.6,11.75,29499.25,34554.37,0.005084999999999999
2014-12-29,11.7,12.05,11.67,11.87,48299.86,57381.98,0.008326
2014-12-30,11.8,11.93,11.51,11.52,27840.7,32480.601,0.004799
2014-12-31,11.51,11.74,11.3,11.72,34160.48,39319.062,0.005889
2015-01-05,11.75,12.31,11.68,12.22,64359.4,77950.73,0.011094999999999999
2015-01-06,12.0,12.23,11.89,12.17,44268.64,53394.806,0.007631
2015-01-07,12.17,12.44,12.05,12.24,41099.94,50365.193,0.007085
2015-01-08,12.13,12.25,11.94,11.99,27444.78,33079.921,0.004731
2015-01-09,11.98,12.16,11.82,11.95,33272.65,39885.863,0.005736
2015-01-12,11.89,11.96,11.53,11.75,38446.63,44835.287,0.006627999999999999
2015-01-13,11.75,12.05,11.65,11.97,22794.69,27208.868,0.003929
2015-01-14,11.94,12.15,11.93,12.07,25127.92,30280.767,0.004332
2015-01-15,12.1,12.48,12.01,12.45,50119.81,61631.941,0.00864
2015-01-16,12.38,12.53,12.21,12.38,51999.84,64268.151,0.008964
2015-01-19,12.0,12.28,11.61,11.69,43883.33,52714.194,0.007565
2015-01-20,11.72,12.15,11.72,12.08,24370.07,29326.22,0.004201
2015-01-21,12.15,12.44,12.08,12.41,45402.97,56062.587,0.007826999999999999
2015-01-22,12.31,12.88,12.31,12.78,93866.54,119444.397,0.016181
2015-01-23,12.84,13.19,12.84,12.95,106492.84,138686.233,0.018358
2015-01-26,12.95,13.25,12.85,13.14,63755.43,83851.851,0.01099
2015-01-27,13.18,13.3,12.92,13.12,75559.16,98802.876,0.013025
2015-01-28,13.1,13.17,12.91,12.95,40825.18,53057.717,0.007038
2015-01-29,12.8,13.65,12.72,13.38,106308.99,140536.34,0.018326
2015-01-30,13.3,13.44,13.01,13.14,74591.88,98760.689,0.012859
2015-02-02,12.95,14.19,12.9,13.82,153970.68,212180.235,0.026542
2015-02-03,13.82,14.39,13.82,14.01,150699.6,213223.931,0.025977999999999998
2015-02-04,14.05,14.3,13.7,13.8,96807.73,135432.223,0.016688
2015-02-05,13.95,14.12,13.7,14.06,111906.14,155499.53,0.019291
2015-02-06,13.96,14.86,13.88,14.24,101478.17,146195.857,0.017493
2015-02-09,14.24,14.24,13.47,13.59,65833.79,90175.496,0.011349
2015-02-10,13.78,13.78,13.2,13.35,54856.79,73498.038,0.009455999999999999
2015-02-11,13.37,13.88,13.26,13.6,82900.07,112749.39,0.014291
2015-02-12,13.55,13.79,13.48,13.58,59525.08,81167.701,0.010261
2015-02-13,13.58,14.6,13.58,14.57,100972.99,143644.493,0.017405999999999998
2015-02-16,14.58,14.78,14.18,14.63,106043.19,152328.884,0.01828
2015-02-17,14.4,14.97,14.38,14.85,72584.34,106545.827,0.012512
2015-02-25,14.85,14.85,14.46,14.5,39265.47,57446.537,0.006769
2015-02-26,14.45,14.8,14.41,14.75,41876.6,61198.484,0.007219
2015-02-27,14.68,15.06,14.68,14.75,39031.24,58048.992,0.006728
2015-03-02,14.81,14.89,14.46,14.62,57460.08,83963.993,0.009905
2015-03-03,14.53,14.62,14.1,14.25,76687.94,109725.561,0.01322
2015-03-04,14.2,14.49,14.12,14.29,61481.78,87838.282,0.010599
2015-03-05,14.33,14.68,14.1,14.33,84691.78,121620.584,0.0146
2015-03-06,14.33,14.59,14.19,14.4,46347.64,66454.09,0.00799
2015-03-09,14.48,15.2,14.31,15.17,101611.56,150851.938,0.017516
2015-03-10,15.15,15.2,14.86,14.87,57613.09,86530.502,0.009932
2015-03-11,14.87,14.97,14.63,14.66,50016.84,73699.444,0.008622
2015-03-12,14.66,14.87,14.39,14.6,51114.66,74697.245,0.008811
2015-03-13,14.55,14.74,14.5,14.52,40160.33,58726.736,0.006923
2015-03-16,14.65,15.33,14.65,15.17,88313.44,133794.007,0.015224
2015-03-17,15.18,15.59,14.99,15.32,82039.89,125547.062,0.014141999999999998
2015-03-18,15.33,15.97,15.3,15.66,69670.09,109253.513,0.01201
2015-03-19,15.51,15.74,15.21,15.41,79096.52,121630.63,0.013635
2015-03-20,15.32,15.58,15.31,15.44,51930.99,80203.024,0.008952
2015-03-23,15.59,15.68,15.36,15.57,99487.89,153968.054,0.017150000000000002
2015-03-24,15.78,15.79,15.0,15.35,86349.82,132695.403,0.014884999999999999
2015-03-25,15.48,15.64,15.22,15.6,73994.72,113948.669,0.012756
2015-03-26,15.39,17.1,15.15,15.83,144728.92,229498.604,0.024949
2015-03-27,15.7,16.48,15.7,16.26,105451.25,170971.709,0.018178
2015-03-30,16.3,16.95,16.09,16.79,141597.6,233707.404,0.024409
2015-03-31,16.89,16.99,16.18,16.23,121619.56,200869.473,0.020964999999999998
2015-04-01,16.35,16.54,16.11,16.33,100418.02,163934.979,0.017311
2015-04-02,16.48,16.73,16.2,16.35,76864.51,126311.701,0.01325
2015-04-03,16.3,16.65,16.14,16.59,109929.56,180455.601,0.01895
2015-04-07,16.59,17.2,16.52,17.02,125426.04,212484.683,0.021622
2015-04-08,17.05,17.44,16.62,16.92,117108.04,198943.08,0.020188
2015-04-09,16.9,16.9,15.9,16.41,97435.28,158533.474,0.016796
2015-04-10,16.35,16.72,16.02,16.61,81206.41,133747.435,0.013999
2015-04-13,16.61,17.0,16.38,16.91,111268.29,185430.699,0.019181
2015-04-14,16.8,16.87,16.3,16.45,106309.44,176432.477,0.018326
2015-04-15,16.65,16.75,15.7,15.78,118345.85,190553.979,0.020401
2015-04-16,15.51,15.99,15.32,15.78,70678.87,111014.796,0.012183999999999999
2015-04-17,16.08,16.35,15.71,16.14,111989.25,178587.982,0.019305000000000003
2015-04-20,16.18,16.33,15.58,15.6,108917.67,174080.34,0.018776
2015-04-21,15.75,16.16,15.56,16.15,85427.03,135689.648,0.014726
2015-04-22,16.2,17.7,16.2,17.3,188886.47,321561.487,0.032561
2015-04-23,17.35,17.57,16.92,17.14,134725.35,232411.896,0.023225
2015-04-24,16.88,17.68,16.8,17.68,135859.62,233501.013,0.02342
2015-04-27,17.36,17.66,16.83,17.0,164338.72,282022.929,0.02833
2015-04-28,17.16,17.16,15.95,16.02,126805.59,208366.711,0.021859000000000003
2015-04-29,16.0,16.35,15.87,16.23,78477.14,127079.976,0.013528
2015-04-30,16.24,16.3,15.93,15.95,74782.54,119963.56,0.012891
2015-05-04,16.1,16.17,15.9,16.02,60025.52,96432.816,0.010347
2015-05-05,16.13,16.17,15.2,15.39,64662.88,101909.472,0.011147
2015-05-06,15.37,15.89,15.28,15.54,60435.51,93982.011,0.010418
2015-05-07,15.45,15.54,14.89,15.19,49643.81,75484.401,0.008558
2015-05-08,15.36,16.1,15.36,15.95,70761.49,111859.195,0.012198
2015-05-11,16.17,16.5,16.17,16.36,57193.6,93410.981,0.009859
2015-05-12,16.36,16.78,16.35,16.52,78077.89,129284.83,0.013459
2015-05-13,16.41,16.81,16.17,16.78,63296.57,104166.315,0.010910999999999999
2015-05-14,16.81,16.94,16.33,16.5,66573.12,109990.34,0.011476
2015-05-15,16.34,16.34,15.8,15.82,52998.3,84864.436,0.009136
2015-05-18,15.89,15.89,15.51,15.7,48605.08,76258.656,0.008379
2015-05-19,15.7,17.27,15.63,17.27,134580.23,226167.118,0.0232
2015-05-20,17.7,18.5,17.6,17.93,143566.84,259304.994,0.024749
2015-05-21,17.98,18.46,17.71,18.23,91877.66,166405.383,0.015838
2015-05-22,18.3,19.4,18.3,18.48,98323.2,183931.271,0.016949000000000002
2015-05-25,18.19,18.97,18.15,18.73,115384.6,214173.817,0.019891000000000002
2015-05-26,18.56,19.96,18.35,19.62,161714.43,308249.285,0.027877
2015-05-27,19.58,19.62,18.87,19.11,107305.78,205797.947,0.018498
2015-05-28,19.05,19.08,17.2,17.27,145987.95,267580.797,0.025166
2015-05-29,17.19,18.39,16.49,17.87,114933.98,203032.331,0.019813
2015-06-01,18.0,18.8,18.0,18.77,83353.35,154464.486,0.014369
2015-06-02,18.8,19.0,18.12,18.89,130563.99,241534.604,0.022507000000000003
2015-06-03,18.75,19.1,18.19,18.37,109125.01,203094.561,0.018811
2015-06-04,18.15,18.38,16.62,17.91,137453.48,242774.483,0.023695
2015-06-05,18.43,18.79,17.8,18.59,161029.48,297243.943,0.027759
2015-06-08,18.6,20.19,18.23,19.9,210050.72,406517.286,0.03621
2015-06-09,19.68,19.68,18.95,19.2,139425.42,267661.009,0.024035
2015-06-10,19.08,20.1,18.69,19.49,132471.47,259834.294,0.022836
2015-06-11,19.55,20.76,19.28,20.65,185985.09,374671.807,0.032061
2015-06-12,21.0,21.27,20.35,20.68,177394.61,370240.195,0.03058
2015-06-15,20.59,20.68,19.95,20.06,105261.01,213780.549,0.018145
2015-06-16,19.9,21.86,19.59,20.98,159082.16,330646.804,0.027423000000000003
2015-06-17,20.99,21.18,19.3,20.29,123945.47,248756.53,0.021366
2015-06-18,20.23,21.78,19.81,20.74,160529.69,337726.909,0.027673
2015-06-19,19.5,20.43,18.67,18.67,133958.91,262157.592,0.023092
2015-06-23,18.52,19.07,17.18,18.33,83147.02,151298.768,0.014333
2015-06-24,18.51,19.14,18.25,18.79,72119.76,135254.849,0.012432
2015-06-25,18.88,19.3,17.5,18.01,99796.25,186059.515,0.017203
2015-06-26,17.2,17.29,16.21,16.21,101591.33,168394.754,0.017513
2015-06-29,16.55,16.76,14.59,14.59,162730.03,243434.982,0.028052
2015-06-30,14.47,15.35,13.13,15.13,164911.3,232264.836,0.028428
2015-07-01,14.85,15.48,13.62,13.62,134759.0,196482.316,0.02323
2015-07-02,13.62,13.75,12.26,12.26,131883.56,166702.353,0.022735
2015-07-03,11.98,12.17,11.03,11.55,115272.83,130047.091,0.019871
2015-07-06,12.7,12.71,10.4,10.4,131545.13,147921.122,0.022675999999999998
2015-07-07,9.61,9.9,9.36,9.36,50084.0,47152.234,0.008634
2015-07-10,10.3,10.3,10.3,10.3,20324.26,20933.988,0.0035039999999999997
2015-07-13,11.33,11.33,11.33,11.33,8385.59,9500.873,0.001446
2015-07-14,12.46,12.46,12.15,12.46,171672.02,213605.601,0.029594
2015-07-15,12.31,12.31,11.21,11.21,178874.95,207606.33,0.030834999999999998
2015-07-16,11.49,11.76,10.66,11.33,98639.97,111813.88,0.017004
2015-07-17,11.34,12.46,11.34,12.46,112563.62,135405.267,0.019403999999999998
2015-07-20,12.39,12.91,12.14,12.63,117186.47,147696.94,0.020200999999999997
2015-07-21,12.38,12.78,12.0,12.58,84867.32,105986.983,0.01463
2015-07-22,12.7,12.75,12.0,12.35,77921.39,96433.766,0.013432
2015-07-23,12.34,13.17,12.19,13.03,136714.93,172875.907,0.023568
2015-07-24,13.05,13.6,12.75,12.81,147154.36,193340.308,0.025367
2015-07-27,12.51,12.91,11.53,11.53,108844.89,133254.348,0.018763000000000002
2015-07-28,10.4,11.4,10.38,10.38,165373.0,175403.517,0.028508
2015-07-29,10.8,11.41,10.5,11.4,125447.1,135650.15,0.021625000000000002
2015-07-30,11.5,11.94,11.1,11.33,78432.19,91236.193,0.013521
2015-07-31,10.91,11.61,10.91,11.47,75812.84,86092.811,0.013068999999999999
2015-08-03,11.5,11.5,10.32,10.36,101655.29,107732.49,0.017523999999999998
2015-08-04,10.39,11.3,10.25,11.29,77935.83,83904.984,0.013434999999999999
2015-08-05,11.21,11.32,10.76,10.93,57726.5,64131.27,0.009951
2015-08-06,10.75,10.99,10.6,10.71,36193.08,39134.412,0.006239
2015-08-07,11.0,11.55,10.96,11.35,92092.57,103097.978,0.015875
2015-08-10,11.53,12.19,11.38,12.01,83638.1,98902.189,0.014418
2015-08-11,12.09,12.44,11.9,12.05,99474.31,121048.948,0.017148
2015-08-12,11.94,12.12,11.8,11.85,71447.35,85495.786,0.012316
2015-08-13,11.86,12.44,11.56,12.41,87067.86,104997.523,0.015009
2015-08-14,12.66,12.99,12.48,12.75,113570.54,144788.872,0.019577999999999998
2015-08-17,12.8,13.3,12.6,13.06,125388.71,162357.225,0.021615000000000002
2015-08-18,13.2,13.2,11.75,11.8,129428.97,160233.302,0.022312
2015-08-19,11.4,12.5,10.8,12.43,108775.16,124656.393,0.018751
2015-08-20,12.1,12.5,11.8,11.86,76294.58,92322.019,0.013151999999999999
2015-08-21,11.56,11.79,10.8,11.19,59255.72,66910.892,0.010215
2015-08-24,10.8,10.8,10.07,10.07,57493.0,58657.503,0.009911
2015-08-25,9.07,9.34,9.06,9.06,61680.39,55998.734,0.010632999999999998
2015-08-26,9.08,9.28,8.16,9.14,126271.06,111654.102,0.021766999999999998
2015-08-27,9.0,9.53,8.72,9.46,71434.06,65464.594,0.012314
2015-08-28,9.54,10.41,9.34,10.27,98735.64,95362.308,0.017020999999999998
2015-08-31,10.01,10.04,9.53,9.71,52292.66,50959.201,0.009014
2015-09-01,9.9,9.9,8.89,9.56,70212.1,65914.693,0.012103999999999998
2015-09-02,9.03,9.48,8.68,9.1,54969.79,49651.106,0.009476
2015-09-07,9.15,9.49,9.08,9.11,50134.77,46617.293,0.008642
2015-09-08,9.05,9.43,8.82,9.39,30414.0,27931.077,0.005243
2015-09-09,9.45,9.9,9.42,9.85,66512.36,64201.584,0.011466
2015-09-10,9.53,10.2,9.53,9.84,72453.24,71956.979,0.012490000000000001
2015-09-11,9.81,9.93,9.59,9.81,46760.58,45822.799,0.008061
2015-09-14,9.88,9.98,8.83,8.83,50134.74,46879.242,0.008642
2015-09-15,8.59,8.59,7.95,8.38,63685.95,52321.259,0.010978000000000002
2015-09-16,8.35,9.22,8.14,9.02,72274.61,62018.287,0.012459
2015-09-17,8.95,9.15,8.54,8.8,72908.28,64598.646,0.012568
2015-09-18,8.9,8.9,8.52,8.77,53675.08,46868.841,0.009253
2015-09-21,8.59,9.1,8.51,9.04,53119.68,47150.633,0.009157
2015-09-22,9.01,9.25,8.9,9.09,53857.98,48863.67,0.009284
2015-09-23,8.89,8.97,8.61,8.79,44835.44,39510.659,0.007729000000000001
2015-09-24,8.82,9.22,8.75,9.11,66540.84,59924.775,0.011471
2015-09-25,9.0,9.14,8.61,8.73,51251.23,45475.034,0.008834999999999999
2015-09-28,8.73,8.98,8.65,8.97,27546.22,24378.912,0.004749
2015-09-29,8.81,8.92,8.69,8.81,27264.06,23960.091,0.004699999999999999
2015-09-30,8.81,8.89,8.72,8.84,22569.67,19870.443,0.003891
2015-10-08,9.11,9.23,8.99,9.17,49413.6,45114.759,0.008518
2015-10-09,9.17,9.36,9.04,9.3,56455.03,52181.611,0.009732
2015-10-12,9.43,9.96,9.29,9.94,82491.49,79687.919,0.01422
2015-10-13,9.77,10.28,9.74,10.12,64236.26,64457.46,0.011073
2015-10-14,10.01,10.14,9.78,9.81,41487.36,41227.177,0.0071519999999999995
2015-10-15,9.81,10.11,9.78,10.08,45006.94,44932.298,0.007759
2015-10-16,10.16,10.36,9.92,10.13,52247.68,52828.392,0.009007
2015-10-19,10.16,10.2,9.85,9.96,56136.47,56459.594,0.009677
2015-10-20,9.99,10.79,9.87,10.53,89125.66,92277.258,0.015364
2015-10-21,10.42,10.53,9.48,9.55,76435.58,77123.854,0.013176
2015-10-22,9.55,10.05,9.55,10.02,58732.42,57502.973,0.010125
2015-10-23,10.4,10.78,10.32,10.55,88405.62,93254.496,0.01524
2015-10-26,10.53,11.3,10.41,11.0,113591.06,124054.129,0.019581
2015-10-27,10.8,10.93,10.5,10.86,60068.37,64318.451,0.010355000000000001
2015-10-28,10.78,11.32,10.4,10.49,93024.54,101289.877,0.016035999999999998
2015-10-29,10.55,10.72,10.39,10.6,38336.62,40595.571,0.006609
2015-10-30,10.62,11.66,10.48,11.66,125628.28,140628.927,0.021655999999999998
2015-11-02,11.25,12.3,11.19,11.7,148117.58,175779.182,0.025533
2015-11-03,11.46,12.49,11.46,12.05,112134.48,134188.864,0.01933
2015-11-04,12.11,12.78,11.93,12.65,141283.23,174833.119,0.024355
2015-11-05,12.41,12.66,12.0,12.19,131042.9,161436.839,0.02259
2015-11-06,12.39,12.48,12.11,12.3,83842.1,103000.909,0.014453
2015-11-09,12.09,12.45,11.92,12.03,107136.37,129129.51,0.018469
2015-11-24,13.23,13.23,11.99,12.21,202975.28,256070.169,0.03499
2015-11-25,12.0,12.13,11.63,11.99,130928.81,155691.003,0.02257
2015-11-26,12.05,12.27,11.76,11.81,111805.29,134520.801,0.019274
2015-11-27,11.83,12.65,11.71,12.11,181898.04,223696.654,0.031356
2015-11-30,11.98,12.01,11.21,11.83,99019.86,115571.276,0.017070000000000002
2015-12-01,11.89,12.65,11.47,12.39,122165.16,148768.074,0.021059
2015-12-02,12.3,13.55,11.88,13.34,216199.19,276244.335,0.037269000000000004
2015-12-03,13.0,13.2,12.67,13.18,164247.35,212524.727,0.028314
2015-12-04,12.96,12.99,12.69,12.72,104209.04,133557.485,0.017964
2015-12-07,12.8,12.98,12.5,12.87,84476.6,107381.373,0.014561999999999999
2015-12-08,12.74,12.79,12.13,12.22,93659.26,115935.134,0.016145
2015-12-09,12.15,12.35,11.91,12.0,47132.9,57264.777,0.008125
2015-12-10,11.97,12.23,11.65,11.71,67515.02,80180.889,0.011639
2015-12-11,11.7,11.81,11.31,11.39,73443.95,84757.552,0.012661
2015-12-14,11.31,11.72,11.3,11.72,43078.08,49387.374,0.007426
2015-12-15,11.66,11.95,11.66,11.76,49631.42,58599.6,0.008556000000000001
2015-12-16,11.76,12.08,11.76,11.85,48977.2,58311.639,0.008443
2015-12-17,11.9,13.04,11.89,13.04,63216.38,80403.3,0.010898000000000001
2015-12-18,13.8,14.34,13.62,14.34,371370.02,524008.21,0.064019
2015-12-21,14.29,14.9,14.05,14.68,333355.21,482477.382,0.057465
2015-12-22,14.43,14.8,14.08,14.51,191700.67,275927.421,0.033046
2015-12-23,14.39,14.5,13.99,14.0,142395.91,202604.492,0.024547
2015-12-24,13.8,14.27,13.66,14.23,105793.05,148034.187,0.018237
2015-12-25,14.2,14.29,13.88,14.07,89915.6,126938.533,0.0155
2015-12-28,14.0,14.16,13.46,13.52,121180.19,168552.891,0.02089
2015-12-29,13.6,14.22,13.6,13.82,120018.44,167273.62,0.020689000000000003
2015-12-30,13.83,13.94,13.56,13.71,100875.72,138255.856,0.017388999999999998
2015-12-31,13.8,14.21,13.65,13.97,116298.32,161932.749,0.020048
2016-01-04,13.99,14.4,12.57,12.57,125864.4,172483.222,0.021697
2016-01-05,11.9,12.6,11.5,12.19,127951.33,155336.529,0.022057000000000004
2016-01-06,12.26,12.55,11.93,12.5,119346.87,146303.005,0.020574
2016-01-07,12.12,12.14,11.25,11.25,29734.5,34232.24,0.0051259999999999995
2016-01-08,11.45,11.82,10.51,11.08,111808.05,125305.042,0.019274
2016-01-11,10.79,10.84,9.97,9.97,87153.29,90296.645,0.015024
2016-01-12,10.01,10.18,9.57,9.87,60991.7,60245.129,0.010513999999999999
2016-01-13,10.0,10.19,9.04,9.09,83125.02,80418.491,0.014329000000000001
2016-01-14,8.75,9.68,8.71,9.5,85998.87,79638.486,0.014825
2016-01-15,9.37,9.59,8.8,8.9,84291.52,77550.576,0.014531
2016-01-18,8.55,9.26,8.52,9.14,54773.98,49392.788,0.009442
2016-01-19,9.05,9.71,9.05,9.7,80708.31,76105.668,0.013913
2016-01-20,9.56,9.74,9.18,9.43,82117.82,77995.85,0.014156
2016-01-21,9.25,9.6,9.05,9.05,58364.0,54663.27,0.010061
2016-01-22,9.49,9.96,9.49,9.96,50806.66,50283.175,0.008758
2016-01-25,10.54,10.96,10.51,10.96,176623.22,192183.948,0.030447000000000002
2016-01-26,11.0,11.48,10.28,10.52,327547.88,361328.009,0.056464
2016-01-27,10.35,10.55,9.62,10.4,205296.84,207615.764,0.035390000000000005
2016-01-28,10.01,10.25,9.63,9.73,134000.17,133316.663,0.0231
2016-01-29,9.69,10.27,9.6,9.98,133253.83,133277.767,0.022971
2016-02-01,9.88,9.94,9.06,9.23,121723.24,116035.517,0.020983
2016-02-02,9.13,9.84,9.1,9.63,109373.38,104956.098,0.018854
2016-02-03,9.68,10.18,9.5,10.16,137320.56,136545.196,0.023672
2016-02-04,9.99,10.36,9.95,10.28,132257.57,134480.188,0.022799
2016-02-05,10.26,10.27,10.02,10.04,67223.66,68034.793,0.011588000000000001
2016-02-15,9.52,10.11,9.41,10.05,61951.58,60715.809,0.01068
2016-02-16,10.04,10.49,10.03,10.42,99775.27,103383.275,0.0172
2016-02-17,10.38,10.47,10.16,10.44,87733.22,90799.749,0.015124
2016-02-18,10.5,10.59,10.32,10.37,83028.71,86921.574,0.014313
2016-02-19,10.33,10.58,10.21,10.56,86157.73,89863.269,0.014852
2016-02-22,10.77,10.99,10.56,10.8,132160.93,142437.329,0.022783
2016-02-23,10.75,10.77,10.4,10.59,84045.32,88751.119,0.014488000000000001
2016-02-24,10.58,10.98,10.46,10.96,114883.38,124271.517,0.019804
2016-02-25,10.96,10.96,9.86,9.86,134073.45,137960.747,0.023112
2016-02-26,9.86,10.17,9.53,9.87,70650.23,69837.74,0.012179
2016-02-29,9.78,10.05,8.99,9.3,78240.04,73129.509,0.013487
2016-03-01,9.34,9.81,9.25,9.64,75266.36,71804.733,0.012975
2016-03-02,9.61,10.46,9.56,10.35,108878.32,109590.286,0.018769
2016-03-03,10.36,10.65,10.27,10.28,133318.47,139612.789,0.022982
2016-03-04,10.2,10.4,9.82,9.98,98002.6,99001.116,0.016894
2016-03-07,10.03,10.98,10.03,10.87,133687.1,139611.498,0.023046
2016-03-08,10.65,10.74,10.11,10.59,110236.99,115073.582,0.019003000000000003
2016-03-09,10.38,10.47,10.15,10.27,50131.35,51784.99,0.008642
2016-03-10,10.33,10.43,10.1,10.17,50045.04,51256.138,0.008627000000000001
2016-03-11,10.01,10.49,9.8,10.4,61977.43,63306.751,0.010684
2016-03-14,10.48,10.78,10.35,10.55,88458.18,93806.88,0.015248999999999999
2016-03-15,10.48,10.65,10.38,10.49,53576.6,56365.523,0.009236
2016-03-16,10.5,10.61,10.26,10.27,43006.24,44800.242,0.007414
2016-03-17,10.33,10.65,10.29,10.54,70177.52,73692.788,0.012098
2016-03-18,10.6,11.19,10.52,11.03,114335.94,124117.617,0.019710000000000002
2016-03-21,11.03,11.46,11.03,11.38,116228.9,131201.226,0.020036
2016-03-22,11.3,11.45,11.2,11.42,92244.91,104401.514,0.015902
2016-03-23,11.48,11.48,11.19,11.46,74964.65,84950.944,0.012923
2016-03-24,11.39,11.42,11.15,11.34,74275.24,83727.766,0.012804
2016-03-25,11.42,11.42,11.23,11.36,53612.88,60655.981,0.009242
2016-03-28,11.44,11.69,11.3,11.52,90260.48,103550.024,0.015560000000000001
2016-03-29,11.4,11.51,11.01,11.1,57281.84,64225.173,0.009875
2016-03-30,11.1,11.39,11.1,11.36,53928.48,60761.235,0.009296
2016-03-31,11.41,11.71,11.36,11.4,76861.48,88481.479,0.01325
2016-04-01,11.35,11.42,11.06,11.34,57691.46,64828.243,0.009945
2016-04-05,11.29,11.68,11.29,11.58,60442.0,69585.886,0.010419000000000001
2016-04-06,11.57,12.09,11.46,11.85,77797.32,91981.731,0.013411
2016-04-07,11.86,11.91,11.61,11.78,63788.42,74870.273,0.010995999999999999
2016-04-08,11.64,11.66,11.3,11.53,49263.95,56527.835,0.008492
2016-04-11,11.69,11.86,11.65,11.81,69271.77,81472.95,0.011941
2016-04-12,11.79,11.9,11.5,11.82,55712.34,64937.639,0.009604
2016-04-13,11.81,12.35,11.68,12.12,97972.17,117849.103,0.016889
2016-04-14,12.09,12.18,11.99,12.16,39603.35,47788.264,0.006827
2016-04-15,12.13,12.79,12.06,12.76,89120.25,110802.423,0.015363
2016-04-18,12.72,12.72,12.38,12.64,67021.64,84163.805,0.011554
2016-04-19,12.62,12.62,12.18,12.32,71364.22,88332.493,0.012302
2016-04-20,12.37,12.44,11.3,11.73,117885.41,139073.57,0.020322
2016-04-21,11.56,11.84,11.48,11.66,65224.0,76373.196,0.011244
2016-04-22,11.53,11.82,11.45,11.79,46154.33,53955.881,0.007956
2016-04-25,11.63,11.81,11.4,11.6,37750.59,43708.84,0.006508000000000001
2016-04-26,11.5,11.71,11.44,11.7,32652.26,37881.62,0.0056289999999999995
2016-04-27,11.7,11.82,11.62,11.68,42423.26,49734.788,0.007312999999999999
2016-04-28,11.68,11.7,11.16,11.33,46347.74,52777.396,0.00799
2016-04-29,11.13,11.15,10.95,11.02,80605.26,89110.376,0.013895
2016-05-03,11.0,11.35,10.95,11.27,43207.93,48398.802,0.007448
2016-05-04,11.27,11.45,11.22,11.27,63997.41,72395.602,0.011032
2016-05-05,11.37,11.37,11.12,11.28,35486.46,39831.198,0.006117
2016-05-06,11.29,11.34,10.5,10.54,73689.47,81040.546,0.012702999999999999
2016-05-09,10.54,10.66,9.89,10.04,56521.4,58229.092,0.009743
2016-05-10,10.05,10.27,10.0,10.18,35564.23,36201.966,0.006131
2016-05-11,10.2,10.32,9.98,10.05,32162.36,32787.608,0.005544
2016-05-12,10.0,10.1,9.68,10.06,38189.71,37851.001,0.006583
2016-05-13,10.09,10.34,9.99,10.05,29463.47,29928.424,0.005079
2016-05-16,10.1,10.33,10.0,10.27,24066.23,24479.232,0.004149
2016-05-17,10.42,10.42,10.14,10.15,28469.11,29081.249,0.004908
2016-05-18,10.05,10.42,9.94,10.03,42883.03,43618.783,0.007391999999999999
2016-05-19,10.03,10.26,10.02,10.06,28844.42,29204.888,0.004972
2016-05-20,10.11,10.23,9.92,10.17,24557.51,24785.574,0.004233
2016-05-23,10.16,10.25,10.02,10.21,43364.45,44052.79,0.007475000000000001
2016-05-24,10.2,10.2,10.02,10.05,22400.46,22611.268,0.003861
2016-05-25,10.15,10.16,10.01,10.02,29953.28,30238.06,0.005163
2016-05-26,9.71,9.74,9.41,9.6,29518.86,28190.153,0.005089
2016-05-27,9.68,9.68,9.53,9.58,27494.44,26367.976,0.004739999999999999
2016-05-30,9.49,9.81,9.39,9.65,28737.97,27708.242,0.004954
2016-05-31,9.66,10.03,9.65,10.01,42967.18,42690.221,0.007407
2016-06-01,10.01,10.18,10.01,10.07,38432.65,38873.517,0.006625
2016-06-02,10.06,10.12,10.0,10.08,24717.83,24870.976,0.004261
2016-06-03,10.08,10.17,10.01,10.12,27482.28,27733.547,0.004738
2016-06-06,10.07,10.19,10.06,10.12,19972.45,20208.67,0.003443
2016-06-07,10.16,10.18,9.98,10.02,28496.33,28653.88,0.004912000000000001
2016-06-08,10.03,10.06,9.84,10.0,24566.33,24427.268,0.004235
2016-06-13,9.99,9.99,9.59,9.6,18684.64,18348.361,0.003221
2016-06-14,9.69,9.8,9.51,9.68,16455.7,15880.788,0.002837
2016-06-15,9.52,9.9,9.52,9.87,28311.1,27742.198,0.00488
2016-06-16,9.88,9.95,9.78,9.78,17877.52,17622.165,0.0030819999999999997
2016-06-17,9.88,10.01,9.78,9.85,19675.17,19510.858,0.003392
2016-06-20,9.92,9.95,9.73,9.88,20748.29,20437.11,0.0035770000000000003
2016-06-21,9.91,10.15,9.86,10.0,52521.43,52885.15,0.009054
2016-06-22,9.88,10.16,9.87,10.11,28991.07,29172.156,0.004998
2016-06-23,10.11,10.29,10.07,10.12,39821.65,40488.463,0.006865
2016-06-24,10.13,10.29,9.89,10.11,41133.78,41602.392,0.007090999999999999
2016-06-27,10.05,10.59,10.0,10.45,44227.6,45830.157,0.007624
2016-06-28,10.41,10.59,10.3,10.58,34600.86,36148.015,0.005965000000000001
2016-06-29,10.58,10.68,10.47,10.5,26089.27,27539.503,0.004497
2016-06-30,10.49,10.57,10.33,10.33,24723.77,25668.456,0.004262
2016-07-01,10.35,10.5,10.25,10.37,30351.57,31412.976,0.005232
2016-07-04,10.2,10.6,10.2,10.5,39960.03,41882.999,0.006888999999999999
2016-07-05,10.5,10.71,10.34,10.66,47886.96,50614.908,0.008255
2016-07-06,10.65,10.65,10.52,10.63,26245.15,27772.793,0.004524
2016-07-07,10.6,10.83,10.51,10.64,29520.98,31495.001,0.005089
2016-07-08,10.61,10.67,10.55,10.62,23821.77,25247.782,0.004107
2016-07-11,10.51,10.65,10.39,10.41,35467.27,37445.808,0.0061140000000000005
2016-07-12,10.49,10.53,10.25,10.49,26388.38,27558.392,0.004549
2016-07-13,10.54,10.88,10.46,10.71,69210.82,74079.55,0.011931
2016-07-14,10.65,10.78,10.62,10.67,25301.9,27053.194,0.0043619999999999996
2016-07-15,10.7,10.74,10.59,10.69,31297.05,33340.472,0.005395
2016-07-18,10.7,10.76,10.56,10.58,30227.89,32138.298,0.005211
2016-07-19,10.58,10.76,10.51,10.66,35617.81,37992.199,0.00614
2016-07-20,10.7,11.73,10.63,11.73,208417.58,240940.764,0.035928
2016-07-21,11.65,11.72,11.4,11.47,127267.61,146798.861,0.021939
2016-07-22,11.59,11.59,10.96,11.13,118989.11,133920.827,0.020512000000000002
2016-07-25,11.15,11.32,11.06,11.3,83291.42,93157.717,0.014358
2016-07-26,11.32,11.5,11.23,11.49,79068.13,90156.959,0.01363
2016-07-27,11.42,11.65,10.35,11.15,116924.84,132147.906,0.020156
2016-07-28,10.99,11.47,10.98,11.32,69054.34,77979.909,0.011904
2016-07-29,11.27,11.88,11.22,11.59,69696.66,80728.616,0.012015
2016-08-01,11.45,11.65,10.91,11.23,69197.34,77330.289,0.011929
2016-08-02,11.26,11.8,11.15,11.73,69257.72,79617.356,0.011939
2016-08-03,11.76,12.4,11.47,12.21,143177.19,173486.366,0.024682
2016-08-04,12.25,12.28,11.88,12.19,66741.16,80739.772,0.011505000000000001
2016-08-05,12.12,12.38,11.93,12.11,50934.25,61950.595,0.00878
2016-08-08,12.15,12.3,11.82,12.16,47507.94,57333.787,0.00819
2016-08-09,12.16,12.16,11.85,11.95,55656.27,66648.249,0.009594
2016-08-10,11.89,12.09,11.88,12.02,39381.92,47170.044,0.006789
2016-08-11,12.03,12.03,11.52,11.7,49360.86,58081.08,0.008509
2016-08-12,11.52,11.91,11.52,11.89,33859.54,39815.494,0.005837
2016-08-15,12.0,13.08,11.95,12.98,186072.92,237500.318,0.032076
2016-08-16,12.8,12.89,12.64,12.77,85481.1,109035.374,0.014736
2016-08-17,12.7,13.3,12.62,12.79,95090.5,123433.583,0.016392
2016-08-18,12.85,13.1,12.66,12.79,57629.17,74391.595,0.009934
2016-08-19,12.77,12.88,12.5,12.67,39535.67,50237.458,0.006815
2016-08-22,12.6,12.82,12.57,12.61,28230.65,35686.488,0.004867
2016-08-23,12.61,13.15,12.5,13.11,57721.9,74274.812,0.00995
2016-08-24,13.11,13.11,12.78,12.83,42249.7,54606.846,0.0072829999999999995
2016-08-25,12.72,12.73,12.39,12.62,36617.68,45868.545,0.006312
2016-08-26,12.94,13.25,12.8,12.85,55367.18,72377.594,0.009544
2016-08-29,12.89,13.12,12.63,13.01,33534.1,43184.729,0.005781
2016-08-30,12.85,13.13,12.78,12.82,25746.68,33153.928,0.004438
2016-08-31,12.8,12.89,12.7,12.82,24612.03,31454.858,0.004243
2016-09-01,12.92,13.11,12.73,12.75,40400.67,52250.269,0.006964000000000001
2016-09-02,12.88,13.15,12.76,12.89,47968.75,62209.79,0.008269
2016-09-05,13.12,13.15,12.87,12.91,28301.0,36845.734,0.004879
2016-09-06,12.89,12.99,12.21,12.61,80391.04,100781.198,0.013857999999999999
2016-09-07,12.6,12.6,12.13,12.16,75295.13,92621.48,0.01298
2016-09-08,12.16,12.26,12.03,12.21,41019.3,49762.249,0.007070999999999999
2016-09-09,12.21,12.22,12.03,12.1,25597.58,31006.433,0.004413
2016-09-12,11.9,12.12,11.66,11.91,33340.69,39866.408,0.0057469999999999995
2016-09-13,11.96,12.15,11.91,12.02,25073.1,30111.597,0.0043219999999999995
2016-09-14,11.98,12.02,11.87,11.99,20276.59,24258.075,0.003495
2016-09-19,12.0,12.12,11.97,12.11,15303.04,18466.352,0.0026379999999999997
2016-09-20,12.11,12.15,11.89,12.15,28378.24,34190.709,0.0048920000000000005
2016-09-21,12.15,12.19,12.03,12.04,20321.72,24572.734,0.003503
2016-09-22,12.17,12.37,12.08,12.18,31288.13,38414.593,0.0053939999999999995
2016-09-23,12.19,12.35,12.19,12.28,18740.85,23046.676,0.003231
2016-09-26,12.33,12.46,12.12,12.15,25990.99,32020.317,0.0044800000000000005
2016-09-27,12.23,12.25,12.05,12.21,15688.72,19084.754,0.002704
2016-09-28,12.25,12.51,12.13,12.18,25116.38,30915.574,0.00433
2016-09-29,12.17,12.46,12.17,12.38,30456.34,37634.452,0.00525
2016-09-30,12.4,12.48,12.22,12.26,17369.21,21396.838,0.002994
2016-10-10,12.05,12.31,11.89,12.04,64306.72,77210.775,0.011086
2016-10-11,12.04,12.14,11.93,11.99,43648.32,52406.135,0.0075239999999999994
2016-10-12,12.04,12.06,11.94,12.06,25975.25,31174.374,0.004477999999999999
2016-10-13,12.05,12.05,11.78,11.9,30370.65,36159.676,0.005235
2016-10-14,11.85,12.05,11.72,12.02,27628.94,32810.856,0.004763
2016-10-17,12.02,12.37,11.94,12.29,46539.64,56812.85,0.008023
2016-10-18,12.29,12.56,12.21,12.44,39632.18,49212.301,0.006832
2016-10-19,12.54,12.54,12.26,12.33,32824.64,40728.709,0.005658
2016-10-20,12.33,12.42,12.22,12.37,31619.41,39001.263,0.005451
2016-10-21,12.37,12.55,12.2,12.47,29417.53,36474.983,0.005071
2016-10-24,12.47,12.73,12.43,12.55,40071.46,50376.18,0.006908
2016-10-25,12.55,12.91,12.55,12.7,40237.78,51254.019,0.006936
2016-10-26,12.69,12.96,12.63,12.91,46792.57,60034.076,0.008066
2016-10-27,12.88,13.1,12.71,12.99,32134.53,41481.926,0.005540000000000001
2016-10-28,12.99,13.07,12.81,12.92,23469.69,30387.804,0.004046
2016-10-31,12.87,12.87,12.45,12.59,69105.26,86947.438,0.011913
2016-11-01,12.6,12.88,12.51,12.85,37745.23,47932.15,0.006507
2016-11-02,12.74,12.84,12.55,12.59,21953.54,27735.472,0.003784
2016-11-03,12.6,12.7,12.51,12.59,25058.33,31575.768,0.00432
2016-11-04,12.54,12.57,12.13,12.3,34855.99,43059.017,0.006009
2016-11-07,12.3,12.38,12.01,12.12,35144.88,42515.406,0.006058
2016-11-08,12.13,12.35,12.1,12.24,24304.0,29621.816,0.00419
2016-11-09,12.24,12.25,11.95,12.11,27942.72,33807.985,0.004817
2016-11-10,12.35,12.55,12.16,12.49,33318.39,41168.914,0.005744
2016-11-11,12.5,12.89,12.4,12.76,35354.01,44901.072,0.0060940000000000005
2016-11-14,12.65,13.13,12.6,13.04,35644.21,45683.697,0.006145
2016-11-15,12.92,12.99,12.71,12.76,24946.66,32012.889,0.0043
2016-11-16,12.71,13.92,12.71,13.88,102376.06,135505.185,0.017648
2016-11-17,13.92,14.17,13.42,13.69,63978.35,87555.35,0.011029
2016-11-18,13.62,13.96,13.46,13.55,36432.95,49772.763,0.00628
2016-11-21,13.68,13.77,13.45,13.58,31065.27,42312.382,0.0053549999999999995
2016-11-22,13.54,13.64,13.34,13.47,30708.15,41301.957,0.005294
2016-11-23,13.46,13.53,13.2,13.32,27570.05,36793.481,0.004753
2016-11-24,13.3,13.45,13.2,13.33,24493.9,32732.695,0.004222
2016-11-25,13.35,13.43,13.04,13.31,24185.11,31945.534,0.004169
2016-11-28,13.32,13.57,13.31,13.4,25678.87,34477.891,0.0044269999999999995
2016-11-29,13.48,13.5,13.05,13.06,20633.44,27408.019,0.0035570000000000003
2016-11-30,13.22,13.22,12.78,12.9,23927.53,31071.269,0.004125
2016-12-01,12.82,13.38,12.82,13.35,31434.54,41695.788,0.005419
2016-12-02,13.42,13.49,13.21,13.38,26833.19,35863.114,0.004626
2016-12-05,13.15,13.64,12.9,13.6,38213.16,51194.792,0.006586999999999999
2016-12-06,13.68,14.09,13.55,14.04,56610.59,78430.912,0.009759
2016-12-07,13.98,14.53,13.88,14.39,71781.99,102049.628,0.012374000000000001
2016-12-08,14.35,14.39,14.08,14.34,48445.8,68988.053,0.008350999999999999
2016-12-09,14.33,14.85,14.2,14.77,130417.1,189739.722,0.022482000000000002
2016-12-12,14.67,14.83,14.3,14.65,121268.15,176236.158,0.020905
2016-12-13,14.65,15.5,14.29,14.95,325139.17,495666.046,0.056048999999999995
2016-12-14,14.63,14.85,14.01,14.38,72086.97,103402.311,0.012426999999999999
2016-12-15,14.26,14.35,13.86,14.3,46305.3,65428.63,0.007982
2016-12-16,14.19,14.78,14.11,14.44,46090.5,66409.126,0.007945
2016-12-19,14.11,14.66,14.11,14.61,36956.84,53252.062,0.006371
2016-12-20,14.58,14.58,14.18,14.19,29706.78,42411.678,0.005121
2016-12-21,14.08,14.79,14.07,14.66,56376.08,82054.035,0.009718
2016-12-22,14.58,15.16,14.52,14.58,57411.44,85364.353,0.009897
2016-12-23,14.69,14.87,14.21,14.45,37214.92,53918.301,0.006415
2016-12-26,14.28,14.31,13.3,13.58,66266.87,91305.392,0.011423
2016-12-27,13.44,13.8,13.3,13.54,55978.01,76063.703,0.009649999999999999
2016-12-28,13.4,13.45,12.75,13.19,63291.21,83599.187,0.01091
2016-12-29,13.07,13.37,12.62,13.21,50621.71,65779.782,0.008726000000000001
2016-12-30,13.18,13.38,13.08,13.21,27459.74,36343.729,0.0047339999999999995
2017-01-03,13.2,13.55,13.2,13.37,30212.47,40505.982,0.005208000000000001
2017-01-04,13.39,13.51,13.28,13.44,25192.36,33700.87,0.0043430000000000005
2017-01-05,13.46,13.82,13.38,13.78,41095.31,56032.943,0.007084
2017-01-06,13.7,14.19,13.53,13.64,65442.4,90793.453,0.011281000000000001
2017-01-09,13.66,13.8,13.42,13.72,17614.05,24041.466,0.0030359999999999996
2017-01-10,13.83,13.83,13.51,13.53,13712.69,18674.371,0.0023639999999999998
2017-01-11,13.53,13.87,13.17,13.55,51715.85,69553.093,0.008915
2017-01-12,13.46,13.56,13.23,13.28,14993.97,20034.205,0.002585
2017-01-13,13.16,13.47,13.16,13.24,12233.04,16278.524,0.002109
2017-01-16,13.24,13.29,12.12,12.83,24131.21,31000.47,0.00416
2017-01-17,12.82,12.85,12.5,12.81,20626.79,26218.866,0.003556
2017-01-18,12.7,12.98,12.7,12.82,11080.06,14256.787,0.00191
2017-01-19,12.8,13.13,12.6,12.8,24013.94,31010.248,0.00414
2017-01-20,12.73,13.03,12.71,13.01,9438.24,12219.202,0.0016270000000000002
2017-01-23,12.92,13.33,12.92,13.2,15153.31,20019.309,0.0026119999999999997
2017-01-24,13.32,13.48,13.04,13.38,18373.33,24496.985,0.0031669999999999997
2017-01-25,13.37,13.45,13.18,13.19,13070.01,17347.476,0.002253
2017-01-26,13.19,13.67,13.19,13.58,19326.12,26008.444,0.003332
2017-02-03,13.58,13.59,13.27,13.33,16703.29,22288.853,0.002879
2017-02-06,13.33,13.4,13.25,13.32,11012.77,14687.913,0.001898
2017-02-07,13.33,13.37,13.25,13.29,9106.15,12114.06,0.00157
2017-02-08,13.33,13.58,13.24,13.51,13481.45,18084.294,0.002324
2017-02-09,13.5,13.64,13.41,13.48,14114.63,19085.02,0.002433
2017-02-10,13.41,13.5,13.19,13.22,21212.07,28237.95,0.003657
2017-02-13,13.19,13.3,13.07,13.28,15595.63,20610.804,0.002688
2017-02-14,13.28,13.52,13.23,13.46,22726.92,30465.857,0.003918
2017-02-15,13.42,13.52,13.3,13.36,15728.33,21120.605,0.002711
2017-02-16,13.31,13.46,13.28,13.44,11151.77,14918.568,0.001922
2017-02-17,13.42,13.56,13.35,13.37,18045.62,24340.777,0.003111
2017-02-20,13.43,13.77,13.28,13.76,31321.96,42535.503,0.005399
2017-02-21,13.75,13.88,13.6,13.7,16107.34,22111.333,0.002777
2017-02-22,13.62,13.9,13.62,13.82,27956.85,38563.664,0.004819
2017-02-23,13.9,13.95,13.7,13.93,22305.54,30817.946,0.003845
2017-02-24,14.36,14.47,13.9,13.96,43162.61,60932.305,0.007441
2017-02-27,13.9,13.95,13.66,13.67,16797.39,23123.909,0.002896
2017-02-28,13.57,13.73,13.49,13.62,19650.14,26696.55,0.003387
2017-03-01,13.65,13.82,13.52,13.67,17760.27,24270.673,0.0030620000000000005
2017-03-02,13.61,13.76,13.51,13.51,23567.99,32023.802,0.004063
2017-03-03,13.51,13.59,13.38,13.53,20698.17,27927.234,0.003568
2017-03-06,13.51,13.62,13.3,13.56,29424.49,39635.887,0.005072
2017-03-07,13.55,13.64,13.45,13.53,15738.42,21342.667,0.0027129999999999997
2017-03-08,13.65,14.25,13.54,13.98,58782.86,82237.383,0.010133000000000001
2017-03-09,13.9,14.11,13.67,13.68,29824.76,41406.902,0.005141
2017-03-10,13.76,14.09,13.75,13.83,32348.63,45092.903,0.005576
2017-03-13,13.72,13.82,13.51,13.79,28267.21,38607.732,0.004873
2017-03-14,13.71,14.08,13.7,13.95,42255.64,58874.379,0.0072840000000000005
2017-03-15,13.9,13.93,13.72,13.83,22027.75,30404.056,0.003797
2017-03-16,13.8,14.02,13.78,13.88,34135.1,47399.838,0.005884
2017-03-17,13.85,13.99,13.75,13.85,42153.42,58427.017,0.007267
2017-03-20,13.85,14.23,13.7,14.17,57735.68,81288.053,0.009953
2017-03-21,14.14,14.14,13.88,13.99,35312.87,49387.182,0.006087
2017-03-22,13.99,14.08,13.73,13.92,25903.85,35944.829,0.004465
2017-03-23,13.86,14.24,13.86,14.23,43724.27,61613.062,0.007537
2017-03-24,14.19,14.26,14.07,14.23,28426.7,40270.343,0.0049
2017-03-27,14.79,14.79,13.84,13.97,47069.29,66241.056,0.008114
2017-03-28,14.01,14.03,13.71,13.72,24691.49,34184.381,0.004255999999999999
2017-03-29,13.64,13.84,13.55,13.57,18539.52,25303.932,0.003196
2017-03-30,13.58,13.73,13.47,13.62,13616.02,18511.079,0.002347
2017-03-31,13.5,13.66,13.46,13.5,24352.97,32915.172,0.004198
2017-04-05,14.2,14.44,13.88,14.18,66288.22,93786.975,0.011427
2017-04-06,14.13,14.38,13.99,14.08,31209.38,44316.25,0.00538
2017-04-07,14.14,14.39,14.03,14.39,44196.49,62946.396,0.007619
2017-04-10,14.31,15.83,14.19,15.37,140755.25,213126.852,0.024264
2017-04-11,15.1,15.59,15.03,15.28,108946.58,166281.281,0.018781000000000003
2017-04-12,15.04,15.15,14.41,14.51,60134.4,88749.74,0.010366
2017-04-13,14.59,15.29,14.49,15.09,54411.1,81427.037,0.00938
2017-04-14,15.05,15.55,14.85,14.89,62248.84,94702.21,0.010731
2017-04-17,14.78,14.78,14.4,14.54,27871.97,40572.599,0.004805
2017-04-18,14.55,14.88,14.48,14.56,25796.34,37868.646,0.0044469999999999996
2017-04-19,14.56,14.56,13.74,14.43,45921.9,64756.92,0.007916
2017-04-20,14.34,14.42,13.9,14.2,82277.61,116743.879,0.014183
2017-04-21,14.18,14.29,13.5,13.78,42857.41,59360.756,0.0073880000000000005
2017-04-24,13.68,13.78,13.25,13.38,20629.81,27787.21,0.003556
2017-04-25,13.49,13.56,13.18,13.21,16869.11,22627.159,0.002908
2017-04-26,13.27,13.36,13.1,13.22,14050.94,18558.598,0.002422
2017-04-27,13.21,13.35,12.96,13.26,25301.21,33213.035,0.0043619999999999996
2017-04-28,13.25,13.47,13.22,13.43,12038.66,16132.281,0.002075
2017-05-02,13.42,13.66,13.26,13.5,11845.2,16033.674,0.002042
2017-05-03,13.46,13.54,13.28,13.44,11385.55,15234.236,0.001963
2017-05-04,13.42,13.55,13.31,13.32,10941.31,14712.501,0.0018859999999999999
2017-05-05,13.3,13.38,13.01,13.09,44764.02,58626.191,0.007717000000000001
2017-05-08,13.05,13.23,12.8,13.14,13304.8,17284.089,0.002294
2017-05-09,13.09,13.68,13.05,13.18,10042.65,13284.002,0.0017310000000000001
2017-05-10,13.25,13.33,12.92,13.15,12382.65,16255.007,0.0021349999999999997
2017-05-11,13.05,13.15,12.77,12.99,10656.65,13770.391,0.001837
2017-05-12,13.0,13.1,12.8,12.95,10856.03,14108.243,0.0018709999999999998
2017-05-15,13.07,13.12,12.67,13.02,14343.09,18576.001,0.002473
2017-05-16,12.97,13.2,12.84,13.18,14102.25,18432.207,0.002431
2017-05-17,13.21,13.62,13.18,13.52,27762.17,37405.321,0.004786
2017-05-18,13.4,13.51,13.35,13.4,13062.5,17527.236,0.002252
2017-05-19,13.38,13.51,13.28,13.29,9344.0,12498.23,0.001611
2017-05-22,13.33,13.33,12.9,12.95,17076.0,22203.677,0.002944
2017-05-23,12.87,13.01,12.71,12.91,12768.79,16434.843,0.002201
2017-05-24,12.76,12.93,12.71,12.87,13115.07,16762.149,0.002261
2017-05-25,12.9,12.9,12.45,12.64,43679.01,55183.437,0.00753
2017-05-26,12.7,12.73,12.45,12.5,18292.72,22945.306,0.0031530000000000004
2017-05-31,12.5,12.6,11.91,12.24,68384.45,83095.384,0.011788
2017-06-01,12.1,12.43,12.03,12.29,23315.67,28634.435,0.004019
2017-06-02,12.3,12.4,12.2,12.39,9186.96,11304.789,0.0015840000000000001
2017-06-05,12.42,12.42,12.18,12.37,8115.54,9986.238,0.001399
2017-06-06,12.22,12.34,12.14,12.31,11218.94,13739.301,0.001934
2017-06-07,12.22,12.75,12.22,12.63,28876.81,36393.248,0.004978
2017-06-08,12.63,12.73,12.55,12.71,7610.27,9626.057,0.001312
2017-06-09,12.7,12.75,12.61,12.66,6983.38,8858.919,0.001204
2017-06-12,12.69,12.7,12.5,12.5,6572.4,8269.434,0.001133
2017-06-13,12.43,12.73,12.43,12.66,8846.6,11159.713,0.0015249999999999999
2017-06-14,12.62,12.71,12.56,12.57,5993.82,7576.81,0.001033
2017-06-15,12.66,12.88,12.57,12.8,9270.91,11830.605,0.001598
2017-06-16,12.75,12.88,12.7,12.71,4487.99,5723.593,0.000774
2017-06-19,12.86,13.46,11.88,13.19,31236.3,40881.004,0.005385
2017-06-20,13.09,13.22,12.96,13.12,13467.58,17635.662,0.002322
2017-06-21,13.13,13.36,13.01,13.14,11371.33,14954.543,0.00196
2017-06-22,13.26,13.26,12.98,13.05,11195.74,14661.212,0.00193
2017-06-23,12.95,13.18,12.9,13.05,8576.13,11156.462,0.001478
2017-06-26,12.96,13.56,12.96,13.29,30062.67,39995.277,0.005182
2017-06-27,13.25,13.28,13.1,13.17,12756.31,16791.598,0.002199
2017-06-28,13.05,13.23,12.95,12.95,8334.7,10889.882,0.001437
2017-06-29,13.05,13.05,12.66,12.97,12348.01,15872.796,0.0021290000000000002
2017-06-30,12.97,13.06,12.83,13.05,7468.46,9649.006,0.0012870000000000002
2017-07-03,12.95,13.1,12.87,13.0,10138.35,13151.328,0.0017480000000000002
2017-07-04,12.92,12.99,12.8,12.94,8327.13,10741.723,0.0014349999999999999
2017-07-05,12.85,13.16,12.85,13.11,9637.7,12523.264,0.001661
2017-07-06,13.12,13.14,12.92,13.02,7171.77,9348.154,0.0012360000000000001
2017-07-07,13.0,13.02,12.74,12.9,5398.78,6972.923,0.000931
2017-07-10,12.85,13.0,12.77,12.83,6390.65,8202.996,0.0011020000000000001
2017-07-11,12.79,13.24,12.75,12.86,16912.31,21971.605,0.0029149999999999996
2017-07-12,12.78,13.05,12.74,12.99,15450.78,19973.215,0.002663
2017-07-13,12.97,13.0,12.82,12.92,8735.3,11279.827,0.0015060000000000002
2017-07-14,12.89,12.92,12.62,12.73,8229.0,10494.014,0.001419
2017-07-17,12.72,12.72,11.79,12.35,19850.38,24181.361,0.003422
2017-07-18,12.12,12.35,12.0,12.31,12742.29,15476.368,0.002197
2017-07-19,12.46,12.46,12.15,12.3,8358.0,10230.772,0.001441
2017-07-20,12.3,12.3,12.15,12.18,8523.05,10418.87,0.001469
2017-07-21,12.16,12.32,12.01,12.2,7873.87,9598.061,0.001357
2017-07-24,12.28,12.29,12.08,12.2,7468.99,9087.169,0.001288
2017-07-25,12.2,12.33,12.14,12.2,12415.36,15173.763,0.00214
2017-07-26,12.14,12.31,12.0,12.16,15565.4,18919.434,0.0026829999999999996
2017-07-27,12.14,12.16,11.95,12.06,15407.75,18530.715,0.002656
2017-07-28,12.08,12.08,11.92,11.98,12139.55,14555.17,0.0020930000000000002
2017-07-31,12.04,12.04,11.84,11.89,17206.78,20443.444,0.002966
2017-08-01,11.87,11.96,11.79,11.93,16250.62,19284.455,0.002801
2017-08-02,11.9,11.9,11.53,11.64,17636.64,20712.16,0.0030399999999999997
2017-08-03,11.62,11.96,11.56,11.87,14932.06,17722.584,0.0025740000000000003
2017-08-04,11.93,11.96,11.82,11.88,10372.21,12344.709,0.0017879999999999999
2017-08-07,11.87,11.97,11.57,11.88,11813.55,13995.611,0.002036
2017-08-08,11.92,11.92,11.65,11.73,10836.2,12694.522,0.0018679999999999999
2017-08-09,11.7,11.77,11.63,11.66,4726.22,5517.692,0.0008150000000000001
2017-08-10,11.67,11.7,11.51,11.56,8397.27,9720.895,0.001448
2017-08-11,11.58,11.62,11.29,11.32,11180.0,12801.877,0.0019270000000000001
2017-08-14,11.23,11.51,11.23,11.37,15657.68,17859.147,0.0026989999999999996
2017-08-15,11.31,11.42,11.3,11.33,10523.0,11941.068,0.001814
2017-08-16,11.37,11.51,11.32,11.41,15004.51,17093.886,0.002587
2017-08-17,11.4,11.46,11.28,11.39,19696.37,22402.679,0.0033950000000000004
2017-08-18,11.35,11.9,11.35,11.72,35543.51,41500.646,0.0061270000000000005
2017-08-21,11.58,11.81,11.48,11.68,27285.53,31724.501,0.004704
2017-08-22,11.71,11.93,11.61,11.66,19675.99,23157.482,0.003392
2017-08-23,11.66,11.8,11.42,11.66,14900.0,17270.76,0.002569
2017-08-24,11.6,11.79,11.46,11.67,12540.0,14549.751,0.002162
2017-08-25,11.56,11.7,11.4,11.58,22062.55,25524.759,0.0038030000000000004
2017-08-28,11.47,11.63,11.47,11.55,13959.9,16160.461,0.002406
2017-08-29,11.59,11.7,11.51,11.56,18081.91,20974.167,0.003117
2017-08-30,11.5,11.59,11.48,11.49,14960.74,17235.514,0.002579
2017-08-31,11.51,11.95,11.41,11.65,30469.43,35775.08,0.005252
2017-09-01,11.65,11.92,11.62,11.91,30012.12,35481.341,0.003756
2017-09-04,11.83,11.96,11.7,11.81,20806.96,24626.094,0.0026040000000000004
2017-09-05,11.81,11.99,11.76,11.97,28389.88,33740.246,0.003553
2017-09-06,12.3,12.3,11.89,11.96,35593.46,42843.697,0.004455
2017-09-07,11.89,12.05,11.78,11.81,19882.73,23608.573,0.0024879999999999998
2017-09-08,11.89,11.9,11.78,11.82,11666.28,13801.22,0.00146
2017-09-11,11.89,11.89,11.75,11.81,10527.31,12414.39,0.001318
2017-09-12,11.8,11.88,11.61,11.85,21076.56,24699.602,0.0026379999999999997
2017-09-13,11.83,11.83,11.63,11.63,21731.01,25367.981,0.00272
2017-09-14,11.65,11.76,11.4,11.53,30340.1,35097.304,0.003797
2017-09-15,11.51,11.7,11.41,11.54,18103.16,20866.468,0.002266
2017-09-18,11.53,11.6,11.37,11.41,21551.43,24680.143,0.0026969999999999997
2017-09-19,11.42,11.61,11.4,11.48,27670.0,31831.106,0.003463
2017-09-20,11.44,11.44,11.3,11.37,24275.18,27545.373,0.0030380000000000003
2017-09-21,11.36,11.36,11.13,11.15,28402.0,31928.999,0.003555
2017-09-22,11.18,11.24,11.01,11.15,16639.49,18490.794,0.002083
2017-09-25,11.15,11.15,10.85,11.04,16738.0,18418.997,0.002095
2017-09-26,11.04,11.1,10.75,11.03,20784.86,22635.05,0.002601
2017-09-27,10.91,11.04,10.86,11.02,16498.32,18053.799,0.002065
2017-09-28,11.09,11.09,10.92,11.03,14196.0,15598.365,0.001777
2017-09-29,11.02,11.05,10.94,11.04,17256.02,18955.165,0.00216
2017-10-09,11.08,11.18,10.99,11.04,20641.0,22811.467,0.002583
2017-10-10,11.03,11.06,10.97,11.04,17127.7,18847.888,0.002144
2017-10-11,11.05,11.05,10.89,10.97,24333.0,26616.085,0.003045
2017-10-12,10.94,10.97,10.85,10.95,12491.0,13631.194,0.001563
2017-10-13,10.96,10.98,10.81,10.84,16248.93,17659.898,0.002034
2017-10-16,10.81,10.85,10.1,10.69,29838.01,31639.968,0.003734
2017-10-17,10.59,10.64,10.39,10.57,30146.09,31640.11,0.0037730000000000003
2017-10-18,10.53,10.65,10.45,10.54,23134.0,24335.059,0.002895
2017-10-19,10.55,10.59,10.3,10.56,17715.61,18526.614,0.0022170000000000002
2017-10-20,10.52,10.62,10.48,10.59,26154.18,27574.069,0.003273
2017-10-23,10.57,10.63,10.53,10.62,14798.05,15657.126,0.0018520000000000001
2017-10-24,10.59,10.69,10.49,10.66,14755.21,15616.342,0.0018470000000000001
2017-10-25,10.65,10.71,10.6,10.69,11095.14,11827.602,0.001389
2017-10-26,10.67,10.78,10.67,10.7,18780.1,20148.402,0.0023499999999999997
2017-10-27,10.73,10.73,10.53,10.63,15364.0,16312.874,0.001923
2017-10-30,10.6,10.69,10.28,10.58,15258.0,15946.295,0.00191
2017-10-31,10.58,10.66,10.55,10.65,13655.0,14503.784,0.001709
2017-11-01,10.68,10.96,10.61,10.9,41880.26,45364.407,0.005242
2017-11-02,10.85,11.15,10.84,11.12,45402.91,50075.422,0.0056830000000000006
2017-11-03,11.14,11.14,10.93,11.03,25389.2,28063.602,0.0031780000000000003
2017-11-06,11.04,11.37,11.04,11.27,29485.21,33134.878,0.00369
2017-11-07,11.29,11.3,11.1,11.24,18553.0,20787.914,0.002322
2017-11-08,11.2,11.36,11.06,11.28,15374.23,17207.858,0.001924
2017-11-09,11.18,11.27,11.11,11.12,16918.0,18920.073,0.002117
2017-11-10,11.12,11.54,11.05,11.5,49923.04,56429.721,0.006248
2017-11-13,11.52,11.67,11.3,11.39,39018.09,44769.897,0.004883
2017-11-14,11.36,11.58,11.24,11.26,24922.86,28484.572,0.0031190000000000002
2017-11-15,11.3,11.44,11.08,11.14,18118.0,20342.891,0.002268
2017-11-16,11.08,11.23,11.0,11.06,13693.0,15231.769,0.001714
2017-11-17,11.05,11.15,10.52,10.78,19374.0,20982.252,0.002425
2017-11-20,10.78,10.8,10.1,10.65,31311.0,32648.369,0.003919000000000001
2017-11-21,10.54,10.72,10.32,10.51,23089.0,24193.482,0.0028899999999999998
2017-11-22,10.48,10.55,10.35,10.46,19483.79,20340.021,0.002439
2017-11-23,10.46,10.52,10.41,10.51,19031.52,19947.067,0.002382
2017-11-24,10.45,10.5,10.22,10.49,11112.32,11559.106,0.001391
2017-11-27,10.4,10.47,10.32,10.45,9956.24,10358.144,0.001246
2017-11-28,10.41,10.53,10.41,10.5,8063.93,8436.715,0.0010090000000000001
2017-11-29,10.48,10.49,10.41,10.47,8090.45,8452.933,0.001013
2017-11-30,10.51,10.52,10.4,10.47,6937.46,7248.803,0.0008680000000000001
2017-12-01,10.39,10.5,10.33,10.48,9739.14,10170.899,0.001219
2017-12-04,10.43,11.53,10.4,11.2,74007.0,82549.684,0.009263
2017-12-05,11.04,11.32,11.02,11.16,47608.73,53333.823,0.005959
2017-12-06,11.14,11.45,11.02,11.4,68132.22,76946.396,0.008527
2017-12-07,11.32,11.57,11.18,11.2,39849.74,45237.849,0.004988
2017-12-08,11.18,11.28,11.05,11.12,50564.24,56473.698,0.006329
2017-12-11,11.09,11.09,10.92,11.06,51601.53,56677.094,0.006458
2017-12-12,10.97,11.0,10.6,10.82,33119.24,35820.83,0.004144999999999999
2017-12-13,10.7,10.92,10.7,10.83,17360.84,18778.814,0.002173
2017-12-14,10.86,10.95,10.61,10.84,20156.04,21680.794,0.002523
2017-12-15,10.8,11.32,10.77,11.3,51903.47,58105.3,0.006495999999999999
2017-12-18,11.31,11.33,11.04,11.04,30148.87,33674.389,0.0037730000000000003
2017-12-19,10.97,11.25,10.97,11.09,30862.96,34308.669,0.0038629999999999997
2017-12-20,11.02,11.17,10.66,10.69,18809.04,20513.219,0.002354
2017-12-21,10.7,10.73,10.34,10.64,24154.14,25497.906,0.003023
2017-12-22,10.6,10.78,10.51,10.7,11330.01,12104.133,0.001418
2017-12-25,10.63,10.8,10.56,10.78,15547.01,16649.654,0.001946
2017-12-26,10.78,10.81,10.3,10.58,43188.0,45230.269,0.005405
2017-12-27,10.48,10.8,10.38,10.65,21809.66,23043.511,0.0027300000000000002
2017-12-28,10.59,11.0,10.53,10.9,24358.8,26174.267,0.003049
2017-12-29,11.01,11.2,10.83,11.1,32020.25,35341.772,0.004008
2018-01-02,11.07,11.16,11.03,11.08,14271.0,15810.505,0.001786
2018-01-03,11.1,11.28,11.01,11.15,32570.0,36471.659,0.004076
2018-01-04,11.2,11.22,10.84,10.9,21145.0,23286.553,0.002646
2018-01-05,10.96,11.15,10.86,11.06,27867.12,30721.515,0.0034879999999999998
2018-01-08,11.08,11.38,11.04,11.14,37375.0,41821.619,0.004678
2018-01-09,11.1,11.2,11.03,11.14,22725.0,25265.856,0.0028439999999999997
2018-01-10,11.25,11.25,10.96,11.02,22646.12,25048.98,0.0028339999999999997
2018-01-11,11.09,11.12,10.96,11.05,19769.0,21821.918,0.002474
2018-01-12,11.09,11.23,10.98,11.23,65784.24,73308.763,0.008233
2018-01-15,11.24,11.24,10.51,10.78,60478.5,65898.96,0.007569
2018-01-16,10.85,11.3,10.81,11.25,68058.64,75192.363,0.008518
2018-01-17,11.32,11.47,11.16,11.44,110816.29,125391.023,0.01387
2018-01-18,11.28,11.36,11.09,11.18,51910.06,58251.355,0.006497
2018-01-19,11.18,11.2,10.91,10.95,52446.8,57697.502,0.0065639999999999995
2018-01-22,11.04,11.04,10.73,10.81,36397.0,39321.173,0.004555
2018-01-23,10.81,10.84,10.5,10.59,66646.91,70921.273,0.008341
2018-01-24,10.58,10.63,10.42,10.6,42938.9,45188.813,0.005374
2018-01-25,10.6,10.61,10.41,10.54,50051.96,52538.439,0.006264
2018-01-26,10.56,10.85,10.44,10.75,83670.46,89139.617,0.010471999999999999
2018-01-29,10.7,10.78,10.47,10.51,34535.96,36681.639,0.0043219999999999995
2018-01-30,10.52,10.6,10.37,10.49,30623.66,32008.381,0.0038329999999999996
2018-01-31,10.48,10.49,10.11,10.13,36879.67,37898.797,0.004616
2018-02-01,10.15,10.22,9.47,9.87,32413.01,32067.695,0.004057
2018-02-02,9.84,9.9,9.6,9.82,20281.87,19804.981,0.0025380000000000003
2018-02-05,9.79,9.82,9.68,9.75,13267.0,12923.519,0.00166
2018-02-06,9.62,9.75,8.88,9.71,59987.62,56431.9,0.007508
2018-02-07,9.66,9.97,9.34,9.96,35048.0,33904.244,0.004386999999999999
2018-02-08,9.9,10.02,9.78,9.94,14857.1,14785.623,0.0018590000000000002
2018-02-09,9.75,9.98,9.51,9.95,18920.81,18377.114,0.0023680000000000003
2018-02-12,9.83,10.18,9.83,10.08,16396.0,16532.681,0.002052
2018-02-13,10.08,10.16,10.0,10.06,21409.97,21535.427,0.00268
2018-02-14,10.12,10.23,10.0,10.1,8177.8,8252.367,0.001024
2018-02-22,10.12,10.15,10.04,10.12,16109.91,16249.893,0.002016
2018-02-23,10.08,10.15,10.01,10.06,13879.0,13954.186,0.0017369999999999998
2018-02-26,10.08,10.08,9.89,10.03,21066.0,21046.572,0.002637
2018-02-27,10.06,10.07,9.88,9.96,20429.63,20338.45,0.002557
2018-02-28,9.94,9.94,9.78,9.92,26938.96,26546.261,0.003372
2018-03-01,9.82,9.94,9.81,9.92,22363.89,22099.174,0.002799
2018-03-02,9.86,9.97,9.72,9.9,25294.0,24912.77,0.003166
2018-03-05,9.9,10.06,9.87,10.05,18786.17,18707.709,0.0023510000000000002
2018-03-06,10.07,10.12,9.99,10.05,22340.01,22423.757,0.0027960000000000003
2018-03-07,10.07,10.09,9.94,9.98,21851.01,21822.976,0.002735
2018-03-08,9.95,10.03,9.88,9.95,29517.15,29364.943,0.0036940000000000002
2018-03-09,9.94,9.95,9.82,9.93,32715.96,32310.715,0.004095
2018-03-12,9.9,10.44,9.9,10.15,85301.94,86820.609,0.010676000000000001
2018-03-13,10.1,10.27,10.03,10.04,26681.03,27051.359,0.003339
2018-03-14,10.04,10.05,9.89,9.93,18571.89,18474.834,0.002324
2018-03-15,9.91,9.97,9.87,9.93,15896.0,15774.09,0.00199
2018-03-16,9.93,9.95,9.83,9.91,25325.96,25067.074,0.00317
2018-03-19,9.87,10.03,9.81,9.93,18585.87,18496.434,0.002326
2018-03-20,9.92,9.97,9.75,9.91,28024.28,27563.597,0.003507
2018-03-21,9.86,9.94,9.8,9.9,22389.0,22113.183,0.0028020000000000002
2018-03-22,9.85,9.92,9.82,9.9,20135.01,19898.009,0.00252
2018-03-23,9.79,9.79,9.2,9.46,31833.0,30268.799,0.003984
2018-03-26,9.11,9.54,9.11,9.5,24481.54,22825.351,0.003064
2018-03-27,9.52,9.6,9.36,9.58,44316.47,42081.676,0.005547
2018-03-28,9.43,9.54,9.25,9.45,38172.73,35841.39,0.004778
2018-03-29,9.36,9.48,9.2,9.45,29926.0,27997.328,0.003745
2018-03-30,9.5,9.66,9.45,9.5,39017.73,37153.708,0.004883
2018-04-02,9.55,9.59,9.45,9.49,20846.0,19845.045,0.002609
2018-04-03,9.45,9.45,9.28,9.4,18082.0,16875.092,0.002263
2018-04-04,9.41,9.43,9.34,9.39,12465.57,11708.749,0.00156
2018-04-09,9.33,9.51,9.25,9.41,22661.0,21310.506,0.002836
2018-04-10,9.45,9.45,9.36,9.41,16079.0,15112.132,0.002012
2018-04-11,9.45,9.62,9.41,9.58,30393.01,28994.245,0.003804
2018-04-12,9.58,9.58,9.25,9.4,24440.82,23101.608,0.003059
2018-04-13,9.43,9.44,9.28,9.32,16446.72,15351.667,0.002058
2018-04-16,9.29,9.3,8.92,9.16,31037.68,28205.998,0.003885
2018-04-17,9.14,9.15,8.93,9.09,34880.53,31500.142,0.004366
2018-04-18,9.1,9.15,8.98,9.12,22209.0,20118.361,0.0027800000000000004
2018-04-19,9.11,9.33,9.02,9.24,29098.01,26788.712,0.0036420000000000003
2018-04-20,9.21,9.24,8.96,9.1,26580.1,24088.457,0.003327
2018-04-23,9.03,9.08,8.96,9.07,19484.91,17570.046,0.002439
2018-04-24,9.08,9.15,9.01,9.12,15305.13,13937.458,0.001916
2018-04-25,9.06,9.14,9.02,9.08,15098.0,13694.189,0.00189
2018-04-26,9.09,9.86,9.07,9.65,96501.91,91917.533,0.012078
2018-04-27,9.43,9.55,9.16,9.31,69161.92,64232.769,0.008656
2018-05-02,9.24,9.27,8.98,9.09,48793.2,44416.882,0.0061070000000000004
2018-05-03,9.02,9.22,9.0,9.14,29280.17,26632.209,0.003665
2018-05-04,9.11,9.25,9.09,9.15,23130.0,21177.902,0.002895
2018-05-07,9.15,9.62,9.11,9.34,46277.4,43317.95,0.005792
2018-05-08,9.33,9.61,9.3,9.43,33970.94,32077.867,0.004252000000000001
2018-05-09,9.43,9.47,9.31,9.43,19596.52,18423.695,0.002453
2018-05-10,9.48,9.5,9.35,9.43,22994.91,21654.353,0.002878
2018-05-11,9.39,9.52,9.39,9.48,22935.75,21697.36,0.0028710000000000003
2018-05-14,9.48,9.49,9.31,9.4,17294.58,16275.012,0.002165
2018-05-15,9.38,9.39,9.26,9.35,17187.05,16004.594,0.002151
2018-05-16,9.32,9.32,9.14,9.22,17816.25,16410.837,0.00223
2018-05-17,9.22,9.22,9.13,9.18,12165.96,11160.121,0.0015229999999999998
2018-05-18,9.15,9.24,9.14,9.2,12195.2,11198.838,0.0015260000000000002
2018-05-21,9.25,9.54,9.25,9.41,23280.12,21878.422,0.002914
2018-05-22,9.47,9.52,9.39,9.46,18098.4,17098.866,0.002265
2018-05-23,9.47,9.49,9.29,9.3,28109.31,26362.149,0.003518
2018-05-24,9.3,9.36,9.2,9.26,26153.66,24225.589,0.003273
2018-05-25,6.48,6.57,6.35,6.47,24590.0,15883.393,0.003078
2018-05-28,6.4,6.49,6.23,6.36,45786.61,29052.705,0.004093
2018-05-29,6.3,6.43,6.22,6.4,32427.86,20599.411,0.002899
2018-05-30,6.33,6.39,6.17,6.35,37889.32,23730.303,0.003387
2018-05-31,6.34,6.38,6.26,6.37,21942.55,13885.962,0.001962
2018-06-01,6.31,6.38,6.26,6.33,23181.6,14631.454,0.002072
2018-06-04,6.3,6.34,6.2,6.22,17596.04,11014.643,0.001573
2018-06-05,6.39,6.47,6.28,6.35,37408.05,23853.468,0.0033439999999999998
2018-06-06,6.4,6.4,6.25,6.27,24659.79,15500.695,0.002205
2018-06-07,6.27,6.29,6.2,6.21,17900.8,11161.677,0.0016
2018-06-08,6.23,6.23,5.9,6.09,56100.04,33765.379,0.0050149999999999995
2018-06-11,6.03,6.1,5.93,6.09,29063.55,17528.433,0.0025979999999999996
2018-06-12,6.06,6.09,5.95,6.07,19174.8,11567.842,0.001714
2018-06-13,6.03,6.07,5.93,6.02,23695.23,14182.843,0.002118
2018-06-14,5.99,6.05,5.94,6.01,16431.95,9852.821,0.001469
2018-06-15,6.01,6.01,5.74,5.81,32172.45,18779.758,0.002876
2018-06-19,5.71,5.71,5.23,5.23,52053.94,28038.816,0.004654
2018-06-20,5.22,5.32,5.16,5.23,42344.34,22215.08,0.003786
2018-06-21,5.21,5.25,5.01,5.07,32359.26,16667.227,0.002893
2018-06-22,5.03,5.29,5.0,5.19,47511.86,24555.13,0.004247
2018-06-25,5.25,5.26,5.16,5.17,22799.43,11893.607,0.002038
2018-06-26,5.15,5.2,5.07,5.19,16155.59,8335.93,0.001444
2018-06-27,5.22,5.23,5.13,5.18,18189.91,9419.545,0.0016259999999999998
2018-06-28,5.11,5.25,5.11,5.17,15715.8,8144.504,0.0014050000000000002
2018-06-29,5.15,5.27,5.13,5.23,24769.16,12890.523,0.0022140000000000003
2018-07-02,5.24,5.26,5.1,5.15,30686.2,15897.584,0.0027429999999999998
2018-07-03,5.11,5.22,5.06,5.2,30565.97,15736.821,0.0027329999999999998
2018-07-04,5.15,5.19,5.11,5.16,15668.8,8066.45,0.0014010000000000001
2018-07-05,5.15,5.18,5.07,5.11,9745.61,4979.157,0.0008709999999999999
2018-07-06,5.09,5.11,4.95,5.1,19433.74,9821.377,0.0017369999999999998
2018-07-09,5.08,5.17,5.07,5.15,21741.98,11150.356,0.001944
2018-07-10,5.19,5.27,5.14,5.2,20978.59,10910.986,0.001875
2018-07-11,5.18,5.18,5.05,5.11,16373.36,8349.766,0.001464
2018-07-12,5.11,5.22,5.07,5.2,20964.73,10862.068,0.001874
2018-07-13,5.24,5.24,5.15,5.21,21508.72,11170.709,0.001923
2018-07-16,5.19,5.26,5.17,5.21,16029.95,8361.258,0.001433
2018-07-17,5.19,5.69,5.15,5.35,40777.33,21902.092,0.003645
2018-07-18,5.29,5.4,5.28,5.28,26774.13,14281.945,0.002394
2018-07-19,5.29,5.35,5.26,5.29,15166.4,8047.305,0.001356
2018-07-20,5.26,5.36,5.25,5.32,15829.97,8402.901,0.0014149999999999998
2018-07-23,5.35,5.42,5.3,5.39,25707.19,13768.531,0.002298
2018-07-24,5.43,5.63,5.42,5.51,41954.8,23217.91,0.003751
2018-07-25,5.51,6.0,5.51,5.81,89083.03,51732.387,0.007964
2018-07-26,5.81,5.92,5.71,5.76,49318.0,28524.129,0.004409
2018-07-27,5.81,5.85,5.56,5.58,40502.49,22854.949,0.0036209999999999997
2018-07-30,5.79,6.06,5.61,5.67,38624.0,22162.831,0.003453
2018-07-31,5.69,5.74,5.59,5.6,25219.2,14216.453,0.002255
2018-08-01,5.56,5.63,5.41,5.48,33651.2,18562.652,0.0030080000000000003
2018-08-02,5.48,5.49,5.17,5.32,39121.76,20665.676,0.003497
2018-08-03,5.23,5.3,5.22,5.27,16300.84,8568.295,0.001457
2018-08-06,5.26,5.26,5.08,5.14,21780.0,11241.6,0.0019470000000000002
2018-08-07,5.13,5.21,5.08,5.2,28475.3,14638.478,0.002546
2018-08-08,5.22,5.22,5.07,5.14,28926.58,14841.315,0.0025859999999999998
2018-08-09,5.1,5.2,5.08,5.16,28396.37,14633.949,0.002539
2018-08-10,5.11,5.25,5.11,5.2,20922.6,10868.539,0.00187
2018-08-13,5.18,5.22,5.07,5.19,24320.52,12537.145,0.002174
2018-08-14,5.17,5.36,5.15,5.27,31164.85,16361.819,0.0027860000000000003
2018-08-15,5.3,5.3,5.15,5.16,18334.17,9525.048,0.0016389999999999998
2018-08-16,5.12,5.17,5.05,5.15,16306.22,8350.207,0.001458
2018-08-17,5.16,5.21,5.05,5.11,16772.72,8574.646,0.0014990000000000001
2018-08-20,5.11,5.29,5.06,5.25,33847.75,17592.937,0.0030259999999999996
2018-08-21,5.21,5.26,5.12,5.22,27525.67,14268.564,0.002461
2018-08-22,5.18,5.2,5.13,5.14,17340.6,8937.766,0.00155
2018-08-23,5.16,5.16,5.09,5.11,14043.74,7197.428,0.001255
2018-08-24,5.11,5.15,5.11,5.11,11905.0,6105.982,0.0010639999999999998
2018-08-27,5.1,5.18,5.1,5.16,23314.26,12027.939,0.002084
2018-08-28,5.18,5.23,5.17,5.21,19510.2,10158.66,0.0017439999999999999
2018-08-29,5.25,5.25,5.18,5.19,15828.54,8227.425,0.0014149999999999998
2018-08-30,5.22,5.27,5.18,5.22,16597.41,8650.114,0.001484
2018-08-31,5.31,5.36,5.2,5.2,43125.6,22765.135,0.003855
2018-09-03,5.19,5.24,5.05,5.12,48084.76,24574.335,0.004299
2018-09-04,5.14,5.14,5.06,5.09,47309.82,24119.552,0.004229
2018-09-05,5.09,5.1,5.02,5.06,38464.4,19456.484,0.0034389999999999998
2018-09-06,5.0,5.03,4.86,4.91,54235.44,26738.399,0.004849
2018-09-07,4.92,4.95,4.84,4.92,35854.0,17559.922,0.003205
2018-09-10,4.88,4.92,4.78,4.78,22068.75,10708.056,0.001973
2018-09-11,4.8,4.87,4.71,4.76,26731.16,12715.719,0.0023899999999999998
2018-09-12,4.78,4.84,4.73,4.76,25160.94,12082.779,0.0022489999999999997
2018-09-13,4.79,4.83,4.74,4.8,15937.86,7636.579,0.0014249999999999998
2018-09-14,4.82,4.84,4.78,4.78,14159.54,6802.787,0.001266
2018-09-17,4.79,4.8,4.63,4.71,27075.96,12730.235,0.002421
2018-09-18,4.71,4.98,4.65,4.88,56939.16,27611.399,0.00509
2018-09-19,4.87,4.94,4.85,4.91,36307.96,17802.572,0.003246
2018-09-20,4.9,4.93,4.87,4.89,23697.8,11618.537,0.0021190000000000002
2018-09-21,4.93,5.06,4.9,5.01,38529.19,19180.433,0.003444
2018-09-25,4.99,5.06,4.94,5.04,26486.84,13321.226,0.0023680000000000003
2018-09-26,5.04,5.08,5.01,5.03,24049.51,12152.358,0.00215
2018-09-27,5.07,5.15,5.02,5.02,34969.71,17764.925,0.003126
2018-09-28,5.02,5.12,5.02,5.09,21269.43,10838.327,0.001901
2018-10-08,5.03,5.15,4.95,5.04,42809.4,21622.126,0.0038269999999999997
2018-10-09,5.08,5.09,4.87,4.94,34546.02,17187.538,0.003088
2018-10-10,4.98,5.09,4.94,5.07,31849.74,16044.595,0.002847
2018-10-11,4.98,5.06,4.76,4.86,62249.9,30599.164,0.005565
2018-10-12,4.84,4.84,4.5,4.62,43941.42,20490.012,0.003928
2018-10-15,4.66,4.66,4.52,4.64,33320.2,15341.551,0.002979
2018-10-16,4.56,4.67,4.44,4.57,35649.32,16298.756,0.0031869999999999997
2018-10-17,4.59,4.61,4.41,4.47,33484.91,14985.474,0.002994
2018-10-18,4.41,4.47,4.25,4.25,26469.8,11411.529,0.002366
2018-10-19,4.17,4.36,4.14,4.32,26148.47,11178.254,0.0023380000000000002
2018-10-22,4.33,4.74,4.32,4.58,49432.23,22508.834,0.004419
2018-10-23,4.55,4.75,4.55,4.65,49269.31,23061.396,0.004405
2018-10-24,4.65,4.69,4.58,4.65,21901.41,10154.743,0.001958
2018-10-25,4.51,4.71,4.48,4.68,33022.48,15177.76,0.002952
2018-10-26,4.7,4.91,4.68,4.83,44142.08,21342.369,0.003946
2018-10-29,4.79,4.91,4.74,4.76,31389.93,15092.856,0.0028060000000000003
2018-10-30,4.86,4.9,4.55,4.83,31830.31,15262.486,0.002846
2018-10-31,4.73,4.82,4.64,4.75,52118.47,24646.743,0.004659
2018-11-01,4.74,4.84,4.66,4.75,60693.88,28937.363,0.005425999999999999
2018-11-02,4.8,4.83,4.72,4.79,44348.89,21191.84,0.003965
2018-11-05,4.8,5.08,4.76,5.07,84550.85,41917.157,0.007559
2018-11-06,5.16,5.53,5.16,5.26,141258.12,74791.005,0.012627999999999999
2018-11-07,5.19,5.22,5.01,5.01,92913.53,47423.933,0.008306000000000001
2018-11-08,5.08,5.19,4.96,5.06,59789.28,30336.524,0.005345
2018-11-09,5.3,5.57,5.3,5.57,66435.94,36765.592,0.005939
2018-11-12,6.13,6.13,6.13,6.13,27786.63,17033.204,0.002484
2018-11-13,6.22,6.74,5.98,6.3,418567.96,261676.316,0.037419
2018-11-14,6.07,6.29,5.87,6.11,251767.38,153019.407,0.022508
2018-11-15,5.99,6.5,5.98,6.42,272729.22,172417.622,0.024382
2018-11-16,6.3,6.97,6.2,6.61,361368.39,238602.617,0.032306
2018-11-19,6.7,6.93,6.35,6.53,277382.23,184298.317,0.024798
2018-11-20,6.39,6.57,6.06,6.5,267629.09,168805.127,0.023926
2018-11-21,6.56,7.14,6.5,6.8,353549.06,240886.633,0.031606999999999996
2018-11-22,6.59,6.68,6.38,6.53,199068.29,129772.108,0.017796
2018-11-23,6.35,6.35,5.88,5.88,213864.28,129220.33,0.019119
2018-11-26,5.8,5.97,5.74,5.82,85727.4,50094.14,0.007664
2018-11-27,5.91,5.98,5.71,5.8,89305.21,51919.702,0.007984
2018-11-28,5.8,5.8,5.61,5.69,100245.86,56742.935,0.008962
2018-11-29,5.66,5.73,5.4,5.4,110852.58,61803.351,0.00991
2018-11-30,5.4,5.5,5.32,5.45,65584.36,35588.85,0.005863
2018-12-03,5.63,5.65,5.45,5.54,102182.95,56848.67,0.009134999999999999
2018-12-04,5.55,5.78,5.46,5.73,109775.29,62108.291,0.009814
2018-12-05,5.54,5.6,5.46,5.49,84379.8,46683.311,0.007542999999999999
2018-12-06,5.49,5.49,5.33,5.34,50466.0,27248.535,0.0045119999999999995
2018-12-07,5.36,5.41,5.31,5.35,34214.27,18283.368,0.003059
2018-12-10,5.33,5.42,5.28,5.42,38212.31,20501.108,0.003416
2018-12-11,5.42,5.46,5.35,5.38,34073.2,18439.364,0.0030459999999999997
2018-12-12,5.42,5.72,5.33,5.56,87093.3,48259.02,0.0077859999999999995
2018-12-13,5.6,5.81,5.55,5.74,109902.88,62855.362,0.009825
2018-12-14,5.75,5.75,5.55,5.58,63635.7,35733.702,0.005689
2018-12-17,5.59,5.65,5.41,5.57,45342.0,25129.881,0.0040539999999999994
2018-12-18,5.48,5.59,5.42,5.5,36724.6,20201.386,0.003283
2018-12-19,5.51,5.59,5.48,5.5,39120.17,21694.859,0.003497
2018-12-20,5.46,5.69,5.41,5.69,70781.51,39732.077,0.006328
2018-12-21,5.62,5.67,5.49,5.67,45388.88,25354.981,0.004058
2018-12-24,5.6,5.77,5.56,5.7,51477.53,29247.184,0.004602
2018-12-25,5.63,5.74,5.46,5.67,55237.68,30982.987,0.0049380000000000005
2018-12-26,5.67,6.0,5.55,5.94,96566.54,56206.679,0.008633
2018-12-27,5.99,6.0,5.7,5.71,79185.34,46278.56,0.007078999999999999
2018-12-28,5.74,6.18,5.71,6.11,107239.65,64016.881,0.009587
2019-01-02,6.08,6.12,5.88,6.02,93051.16,55852.77,0.008319
2019-01-03,5.97,5.99,5.42,5.42,143920.42,81605.942,0.012865999999999999
2019-01-04,5.3,5.57,5.21,5.49,72022.95,39135.398,0.006439
2019-01-07,5.51,5.62,5.42,5.57,64702.31,35810.648,0.005784
2019-01-08,5.55,5.57,5.44,5.46,46801.41,25723.568,0.004184
2019-01-09,5.5,5.68,5.47,5.52,63756.61,35469.877,0.005699999999999999
2019-01-10,5.52,5.59,5.41,5.42,45870.2,25252.931,0.0041010000000000005
2019-01-11,5.48,5.51,5.43,5.48,27775.48,15175.978,0.002483
2019-01-14,5.49,5.5,5.3,5.36,48180.62,25998.686,0.004307
2019-01-15,5.33,5.37,5.23,5.37,46391.21,24636.397,0.0041470000000000005
2019-01-16,5.36,5.44,5.32,5.38,37874.64,20404.528,0.003386
2019-01-17,5.38,5.59,5.3,5.56,68350.45,37454.593,0.00611
2019-01-18,5.51,5.53,5.3,5.4,71875.41,38804.872,0.006425999999999999
2019-01-21,5.38,5.39,5.3,5.38,34714.14,18577.401,0.0031030000000000003
2019-01-22,5.35,5.45,5.35,5.35,33174.61,17898.083,0.002966
2019-01-23,5.33,5.37,5.25,5.32,33709.17,17894.351,0.003014
2019-01-24,5.37,5.41,5.29,5.33,24095.97,12876.173,0.002154
2019-01-25,5.3,5.3,5.05,5.05,91499.55,46852.151,0.00818
2019-01-28,5.1,5.1,5.0,5.04,26043.0,13138.672,0.002328
2019-01-29,5.06,5.06,4.85,4.89,34641.84,17014.835,0.003097
2019-01-30,4.85,4.92,4.85,4.87,20200.76,9861.571,0.001806
2019-01-31,4.88,4.92,4.6,4.65,40454.43,19220.254,0.0036170000000000004
2019-02-01,4.7,4.91,4.65,4.89,40285.35,19387.36,0.0036009999999999996
2019-02-11,4.89,5.0,4.81,4.99,37138.15,18326.05,0.00332
2019-02-12,4.99,5.06,4.95,5.03,40652.25,20343.552,0.003634
2019-02-13,5.04,5.12,4.98,5.1,45644.7,23043.392,0.004081
2019-02-14,5.11,5.31,5.09,5.23,76078.31,39691.994,0.006801000000000001
2019-02-15,5.16,5.21,5.12,5.14,43326.76,22359.132,0.0038729999999999997
2019-02-18,5.19,5.26,5.13,5.26,88416.09,45971.987,0.007904
2019-02-19,5.24,5.33,5.19,5.23,76167.8,39962.485,0.006808999999999999
2019-02-20,5.23,5.28,5.16,5.21,75437.2,39397.887,0.006744
2019-02-21,5.21,5.35,5.12,5.18,121145.47,63303.253,0.01083
2019-02-22,5.17,5.61,5.15,5.5,208996.47,113082.179,0.018684
2019-02-25,5.66,6.04,5.52,5.95,207951.08,120163.301,0.018591
2019-02-26,5.99,5.99,5.67,5.71,181959.89,105041.956,0.016267
2019-02-27,5.75,5.84,5.67,5.8,152171.11,87588.402,0.013604
2019-02-28,5.81,5.82,5.62,5.66,112201.92,64017.639,0.010031000000000002
2019-03-01,5.67,5.72,5.57,5.68,70433.8,39682.69,0.0062970000000000005
2019-03-04,5.68,5.92,5.68,5.84,180861.74,104939.314,0.016169
2019-03-05,5.78,6.19,5.76,6.11,171375.35,102799.176,0.015321
2019-03-06,6.12,6.21,6.0,6.11,153414.36,93113.536,0.013715
2019-03-07,6.11,6.29,6.01,6.2,120181.16,74391.485,0.010744
2019-03-08,6.0,6.15,5.74,5.79,109484.51,65638.778,0.009788
2019-03-11,5.79,6.37,5.79,6.37,162079.1,99806.642,0.014490000000000001
2019-03-12,6.48,6.55,6.22,6.37,181709.34,116081.159,0.016245
2019-03-13,6.36,7.01,6.33,7.01,239757.28,164645.599,0.021434
2019-03-14,7.19,7.48,6.49,6.55,362658.84,250951.089,0.032421000000000005
2019-03-15,6.48,6.97,6.41,6.71,236998.98,159579.426,0.021187
2019-03-18,6.77,6.85,6.27,6.6,190285.6,123956.653,0.017011000000000002
2019-03-19,6.55,6.68,6.44,6.59,151629.01,99130.375,0.013555
2019-03-20,6.54,6.77,6.35,6.52,150396.83,98473.862,0.013445
2019-03-21,6.5,7.17,6.48,6.98,399971.46,278728.482,0.035757
2019-03-22,7.01,7.27,6.83,7.14,262835.12,185863.446,0.023497
2019-03-25,6.95,7.08,6.74,6.78,184965.57,127879.776,0.016536
2019-03-26,6.85,6.87,6.44,6.51,152755.26,100887.031,0.013656
2019-03-27,6.57,6.57,6.34,6.48,84764.87,54494.109,0.0075780000000000005
2019-03-28,6.54,6.57,6.34,6.34,63713.03,41163.876,0.005696
2019-03-29,6.35,6.61,6.23,6.58,99210.04,64064.541,0.008869
2019-04-01,6.59,6.91,6.59,6.83,111797.97,75761.936,0.009995
2019-04-02,6.86,7.05,6.71,6.72,177824.1,122322.162,0.015896999999999998
2019-04-03,6.68,6.84,6.58,6.76,100050.25,67185.751,0.008944
2019-04-04,6.85,6.9,6.7,6.81,102624.95,69648.63,0.009174999999999999
2019-04-08,6.81,6.83,6.48,6.57,110182.2,73170.807,0.00985
2019-04-09,6.57,6.8,6.55,6.71,88622.74,59217.56,0.007923
2019-04-10,6.66,6.87,6.64,6.78,81128.14,54840.698,0.007252999999999999
2019-04-11,7.0,7.35,6.79,6.83,182786.15,128882.96,0.016341
2019-04-12,6.86,6.97,6.65,6.72,82576.6,55929.311,0.007382
2019-04-15,6.77,6.83,6.5,6.58,64039.6,43142.8,0.005725
2019-04-16,6.58,6.64,6.4,6.64,77937.12,50920.985,0.006967
2019-04-17,6.69,6.94,6.65,6.84,111481.78,76090.417,0.009966000000000001
2019-04-18,6.87,6.87,6.66,6.71,69686.8,46872.985,0.00623
2019-04-19,6.5,6.54,6.36,6.43,128877.8,82925.036,0.011522
2019-04-22,6.46,6.53,6.34,6.34,79121.95,50864.119,0.007073
2019-04-23,6.34,6.45,6.3,6.37,49736.55,31757.305,0.004446
2019-04-24,6.36,6.39,6.17,6.25,67123.41,41895.801,0.006000999999999999
2019-04-25,6.24,6.26,5.96,5.98,55476.05,33963.866,0.004959
2019-04-26,6.03,6.07,5.92,5.97,40534.0,24282.963,0.003624
2019-04-29,6.01,6.02,5.82,5.86,43349.0,25668.638,0.003875
2019-04-30,5.76,6.08,5.76,6.02,36153.0,21599.396,0.003232
2019-05-06,5.7,5.9,5.42,5.46,67900.38,38563.337,0.00607
2019-05-07,5.51,5.61,5.46,5.55,30969.5,17173.168,0.0027689999999999998
2019-05-08,5.52,5.59,5.39,5.48,25588.44,14105.269,0.002288
2019-05-09,5.48,5.53,5.43,5.48,16522.8,9069.867,0.001477
2019-05-10,5.5,5.63,5.33,5.59,42363.23,23493.486,0.003787
2019-05-13,5.6,5.6,5.51,5.54,22368.17,12417.442,0.002
2019-05-14,5.5,5.64,5.48,5.51,27515.0,15332.895,0.00246
2019-05-15,5.57,5.6,5.52,5.58,32936.57,18319.431,0.002944
2019-05-16,5.57,5.63,5.54,5.6,31576.47,17642.582,0.002823
2019-05-17,5.6,5.63,5.33,5.33,39069.4,21369.938,0.003493
2019-05-20,5.39,5.39,5.0,5.12,67029.1,34348.271,0.005992
2019-05-21,5.11,5.28,5.04,5.25,65856.24,33984.681,0.005887
2019-05-22,5.23,5.26,5.08,5.12,50895.18,26247.405,0.00455
2019-05-23,5.12,5.19,4.98,5.05,57909.06,29337.274,0.005177
2019-05-24,5.06,5.07,4.95,5.01,36192.0,18131.105,0.003236
2019-05-27,5.04,5.14,4.97,5.14,42349.45,21414.497,0.003786
2019-05-28,5.14,5.42,5.13,5.26,86341.1,45700.146,0.007719
2019-05-29,5.42,5.79,5.41,5.49,116600.56,64680.563,0.010424
2019-05-30,5.31,5.41,5.26,5.33,70932.85,37660.489,0.006341
2019-05-31,5.3,5.49,5.23,5.39,74595.8,39980.242,0.0066690000000000004
2019-06-03,5.37,5.52,5.31,5.45,61467.63,33377.952,0.005495
2019-06-04,5.57,5.6,5.31,5.39,49820.56,27051.049,0.0044540000000000005
2019-06-05,5.35,5.36,5.08,5.13,45606.5,23641.674,0.004077
2019-06-06,5.13,5.2,4.98,5.1,39834.32,20178.715,0.0035610000000000004
2019-06-10,5.08,5.15,5.02,5.12,45012.61,22956.202,0.004024
2019-06-11,5.09,5.3,5.09,5.28,67550.87,35210.607,0.006039
2019-06-12,5.26,5.26,5.18,5.22,53132.37,27683.507,0.00475
2019-06-13,5.23,5.26,5.15,5.23,41978.3,21859.742,0.0037530000000000003
2019-06-14,5.22,5.24,5.06,5.12,38550.1,19793.127,0.0034460000000000003
2019-06-17,5.15,5.16,5.07,5.13,23232.4,11867.267,0.002077
2019-06-18,5.12,5.14,5.06,5.07,23805.05,12112.627,0.0021279999999999997
2019-06-19,5.15,5.19,5.1,5.13,36539.3,18759.884,0.003267
2019-06-20,5.13,5.23,5.1,5.19,59656.83,30830.42,0.005333
2019-06-21,5.24,5.31,5.18,5.28,72775.04,38216.054,0.006506
2019-06-24,5.27,5.27,5.21,5.24,31581.98,16538.428,0.002823
2019-06-25,5.23,5.24,5.08,5.16,39438.31,20278.784,0.003526
2019-06-26,5.1,5.14,5.08,5.11,24790.01,12672.226,0.002216
2019-06-27,5.11,5.17,5.11,5.15,32409.28,16657.618,0.0028970000000000003
2019-06-28,5.12,5.13,5.02,5.11,28592.26,14520.044,0.002556
2019-07-01,5.15,5.23,5.12,5.22,57075.95,29526.182,0.005103
2019-07-02,5.2,5.2,5.13,5.16,39225.96,20272.613,0.003507
2019-07-03,5.17,5.17,5.08,5.11,35358.21,18075.387,0.0031609999999999997
2019-07-04,5.12,5.16,5.11,5.12,29344.21,15064.638,0.002623
2019-07-05,5.12,5.13,5.09,5.11,25989.4,13289.621,0.002323
2019-07-08,5.11,5.11,4.92,4.95,40623.62,20263.331,0.0036320000000000002
2019-07-09,4.95,4.97,4.84,4.92,28348.44,13891.011,0.0025340000000000002
2019-07-10,4.88,4.96,4.81,4.83,28525.49,13868.918,0.00255
2019-07-11,4.86,4.9,4.79,4.79,33829.96,16359.78,0.003024
2019-07-12,4.81,4.83,4.76,4.8,26311.43,12608.179,0.002352
2019-07-15,4.8,4.84,4.67,4.84,34839.82,16614.465,0.003115
2019-07-16,4.8,4.91,4.79,4.83,26458.0,12806.875,0.002365
2019-07-17,4.84,4.86,4.81,4.83,24680.36,11932.375,0.002206
2019-07-18,4.82,4.82,4.75,4.76,21849.09,10433.774,0.001953
2019-07-19,4.8,4.86,4.76,4.82,21541.28,10372.995,0.001926
2019-07-22,4.81,4.83,4.64,4.67,44424.24,20869.522,0.003971
2019-07-23,4.68,4.72,4.64,4.69,17920.0,8392.512,0.0016020000000000001
2019-07-24,4.7,4.76,4.69,4.7,33057.0,15592.283,0.0029549999999999997
2019-07-25,4.71,4.71,4.6,4.66,27488.0,12813.171,0.002457
2019-07-26,4.67,4.69,4.61,4.65,25332.57,11745.281,0.002265
2019-07-29,4.62,4.65,4.59,4.61,28639.6,13205.424,0.00256
2019-07-30,4.63,4.65,4.6,4.61,28431.41,13147.303,0.002542
2019-07-31,4.61,4.62,4.51,4.55,47891.01,21800.274,0.004281
2019-08-01,4.53,4.54,4.51,4.52,15966.4,7225.455,0.0014269999999999999
2019-08-02,4.44,4.48,4.34,4.35,42141.09,18549.802,0.003767
2019-08-05,4.33,4.37,4.29,4.31,32702.63,14158.495,0.002924
2019-08-06,4.23,4.24,4.05,4.18,43645.37,18157.648,0.003902
2019-08-07,4.23,4.23,4.16,4.18,24299.21,10203.829,0.002172
2019-08-08,4.21,4.22,4.15,4.2,31275.07,13071.827,0.0027960000000000003
2019-08-09,4.21,4.26,4.1,4.12,31275.45,13050.438,0.0027960000000000003
2019-08-12,4.12,4.18,4.11,4.17,17972.4,7456.158,0.0016070000000000001
2019-08-13,4.15,4.16,4.14,4.15,12371.2,5131.907,0.001106
2019-08-14,4.21,4.22,4.17,4.18,17715.0,7439.176,0.0015840000000000001
2019-08-15,4.06,4.17,4.06,4.17,22615.4,9299.365,0.002022
2019-08-16,4.15,4.31,4.14,4.2,40829.82,17233.692,0.00365
2019-08-19,4.23,4.33,4.2,4.32,51625.35,22061.302,0.004615
2019-08-20,4.32,4.42,4.31,4.38,44089.4,19298.387,0.003942
2019-08-21,4.38,4.47,4.33,4.42,47590.84,20997.076,0.004255
2019-08-22,4.44,4.46,4.35,4.4,25331.22,11091.228,0.002265
2019-08-23,4.4,4.41,4.35,4.38,24639.0,10786.594,0.002203
2019-08-26,4.28,4.32,4.25,4.29,33332.0,14256.092,0.00298
2019-08-27,4.34,4.41,4.32,4.4,29650.73,12990.895,0.002651
2019-08-28,4.41,4.42,4.36,4.4,27125.2,11878.759,0.002425
2019-08-29,4.42,4.46,4.37,4.4,31323.0,13799.201,0.0028000000000000004
2019-08-30,4.4,4.44,4.27,4.28,44641.2,19319.459,0.003991
2019-09-02,4.28,4.38,4.25,4.37,30714.62,13300.149,0.002746
2019-09-03,4.4,4.55,4.35,4.43,52853.09,23373.513,0.004725
2019-09-04,4.38,4.45,4.37,4.44,43149.93,19043.308,0.003858
2019-09-05,4.44,4.55,4.44,4.49,57011.99,25737.672,0.005097000000000001
2019-09-06,4.51,4.56,4.5,4.54,36523.03,16542.153,0.003265
2019-09-09,4.59,4.66,4.53,4.65,67254.9,30834.246,0.006012
2019-09-10,4.62,4.67,4.58,4.62,41103.11,18998.547,0.003675
2019-09-11,4.64,4.64,4.57,4.6,38873.2,17874.765,0.003475
2019-09-12,4.6,4.64,4.56,4.63,28750.93,13247.535,0.0025700000000000002
2019-09-16,4.63,4.66,4.6,4.62,35173.6,16282.304,0.003144
2019-09-17,4.6,4.62,4.45,4.47,37725.7,17047.193,0.0033729999999999997
2019-09-18,4.49,4.49,4.42,4.43,22150.7,9863.87,0.00198
2019-09-19,4.45,4.5,4.43,4.49,24219.4,10790.916,0.002165
2019-09-20,4.49,4.53,4.44,4.51,18791.8,8453.488,0.00168
2019-09-23,4.49,4.49,4.37,4.39,28440.96,12527.983,0.002543
2019-09-24,4.41,4.49,4.39,4.44,28338.36,12601.865,0.002533
2019-09-25,4.42,4.44,4.37,4.39,20055.16,8826.089,0.0017929999999999999
2019-09-26,4.43,4.43,4.26,4.28,26811.2,11571.304,0.002397
2019-09-27,4.28,4.37,4.26,4.35,15998.81,6950.517,0.0014299999999999998
2019-09-30,4.33,4.38,4.31,4.33,11545.4,5022.122,0.001032
2019-10-08,4.33,4.38,4.26,4.29,22453.31,9687.432,0.002007
2019-10-09,4.29,4.29,4.23,4.28,18197.4,7742.503,0.0016270000000000002
2019-10-10,4.28,4.31,4.26,4.3,19275.2,8261.067,0.0017230000000000001
2019-10-11,4.31,4.33,4.24,4.31,27924.05,11969.62,0.002496
2019-10-14,4.36,4.41,4.32,4.36,37643.04,16425.966,0.0033650000000000004
2019-10-15,4.36,4.36,4.28,4.3,30873.74,13315.885,0.0027600000000000003
2019-10-16,4.32,4.35,4.23,4.24,23106.72,9894.788,0.002066
2019-10-17,4.24,4.26,4.21,4.23,17763.22,7529.653,0.001588
2019-10-18,4.23,4.25,4.12,4.15,28284.51,11836.917,0.002529
2019-10-21,4.14,4.17,4.08,4.15,27093.38,11166.434,0.002422
2019-10-22,4.14,4.17,4.12,4.17,17886.0,7414.6,0.001599
2019-10-23,4.16,4.19,4.14,4.18,18567.4,7731.768,0.00166
2019-10-24,4.2,4.23,4.16,4.21,26902.01,11292.633,0.002405
2019-10-25,4.22,4.32,4.2,4.32,36646.37,15596.781,0.003276
2019-10-28,4.34,4.4,4.29,4.4,37887.44,16478.357,0.003387
2019-10-29,4.42,4.5,4.31,4.37,54939.74,24275.01,0.004912000000000001
2019-10-30,4.31,4.4,4.2,4.27,34913.95,15036.239,0.003121
2019-10-31,4.19,4.29,4.12,4.14,32515.42,13594.979,0.0029070000000000003
2019-11-01,4.14,4.26,4.11,4.21,28287.39,11813.814,0.002529
2019-11-04,4.18,4.25,4.18,4.19,19765.16,8339.869,0.001767
2019-11-05,4.18,4.23,4.16,4.19,18184.61,7617.779,0.0016259999999999998
2019-11-06,4.29,4.59,4.26,4.35,114777.16,50737.565,0.010261
2019-11-07,4.31,4.38,4.29,4.31,43892.4,18949.466,0.003924
2019-11-08,4.32,4.34,4.18,4.23,40201.65,17100.947,0.003594
2019-11-11,4.2,4.22,4.11,4.13,32612.0,13552.236,0.0029149999999999996
2019-11-12,4.13,4.15,4.08,4.14,17397.0,7151.691,0.001555
2019-11-13,4.16,4.16,4.1,4.13,14747.42,6082.834,0.001318
2019-11-14,4.13,4.15,4.1,4.15,17144.06,7087.494,0.0015329999999999999
2019-11-15,4.15,4.16,4.1,4.11,13774.64,5687.451,0.001231
2019-11-18,4.12,4.16,4.1,4.14,13203.58,5448.442,0.0011799999999999998
2019-11-19,4.12,4.2,4.12,4.19,15863.96,6612.649,0.001418
2019-11-20,4.21,4.25,4.17,4.19,16970.61,7143.465,0.0015170000000000001
2019-11-21,4.2,4.22,4.15,4.2,10336.2,4339.187,0.0009239999999999999
2019-11-22,4.2,4.25,4.19,4.23,18920.74,7980.012,0.001691
2019-11-25,4.24,4.36,4.21,4.34,31522.87,13569.803,0.0028179999999999998
2019-11-26,4.35,4.36,4.26,4.29,19437.6,8369.303,0.0017380000000000002
2019-11-27,4.27,4.31,4.23,4.27,9185.01,3929.798,0.0008210000000000001
2019-11-28,4.27,4.3,4.23,4.26,9849.0,4201.737,0.0008799999999999999
2019-11-29,4.29,4.29,4.23,4.25,11629.48,4943.078,0.00104
2019-12-02,4.26,4.28,4.19,4.23,14559.94,6156.904,0.0013020000000000002
2019-12-03,4.2,4.26,4.15,4.26,10690.45,4497.435,0.000956
2019-12-04,4.22,4.27,4.22,4.25,9537.4,4053.782,0.000853
2019-12-05,4.24,4.3,4.24,4.29,12716.4,5432.543,0.001137
2019-12-06,4.29,4.3,4.26,4.29,7203.8,3085.951,0.000644
2019-12-09,4.3,4.42,4.28,4.37,25398.16,11039.388,0.002271
2019-12-10,4.35,4.36,4.29,4.36,19082.5,8258.258,0.001706
2019-12-11,4.35,4.37,4.32,4.35,13320.25,5782.096,0.001191
2019-12-12,4.35,4.36,4.27,4.27,12528.43,5387.249,0.0011200000000000001
2019-12-13,4.29,4.36,4.27,4.36,25735.6,11141.306,0.002301
2019-12-16,4.38,4.42,4.34,4.39,29850.72,13073.109,0.0026690000000000004
2019-12-17,4.39,4.49,4.36,4.44,32972.88,14674.206,0.002948
2019-12-18,4.45,4.56,4.41,4.48,35119.71,15692.382,0.00314
2019-12-19,4.54,4.54,4.43,4.47,28516.65,12737.298,0.002549
2019-12-20,4.46,4.55,4.43,4.52,40806.41,18335.746,0.003648
2019-12-23,4.52,4.76,4.5,4.61,105492.06,48901.133,0.009431
2019-12-24,4.63,4.82,4.58,4.75,94411.98,44448.395,0.00844
2019-12-25,4.74,4.75,4.63,4.72,62585.09,29309.215,0.005595
2019-12-26,4.66,4.8,4.62,4.69,41067.98,19250.1,0.003671
2019-12-27,4.67,5.05,4.63,4.89,112800.56,54431.678,0.010084
2019-12-30,4.99,5.38,4.9,5.38,183632.65,95277.007,0.016417
2019-12-31,5.45,5.6,5.22,5.28,204984.79,110613.589,0.018325
2020-01-02,5.34,5.45,5.2,5.32,105640.8,55905.118,0.009444000000000001
2020-01-03,5.27,5.4,5.18,5.26,86585.58,45642.517,0.0077410000000000005
2020-01-06,5.2,5.24,5.08,5.19,76982.42,39789.488,0.006882
2020-01-07,5.16,5.23,5.14,5.21,68721.04,35646.913,0.006143999999999999
2020-01-08,5.17,5.21,5.02,5.04,87456.65,44497.968,0.007819
2020-01-09,5.1,5.11,4.97,5.0,59208.31,29781.889,0.005293
2020-01-10,4.99,5.03,4.88,4.93,43089.15,21236.828,0.003852
2020-01-13,4.92,5.02,4.91,5.01,41897.17,20846.354,0.0037459999999999998
2020-01-14,5.02,5.25,5.01,5.17,79374.15,41015.292,0.007096
2020-01-15,5.16,5.21,5.04,5.08,41253.3,21026.16,0.0036880000000000003
2020-01-16,5.1,5.15,5.04,5.07,27628.6,14066.087,0.00247
2020-01-17,5.07,5.19,5.07,5.11,27163.39,13961.528,0.002428
2020-01-20,5.1,5.12,5.01,5.04,26253.0,13243.683,0.002347
2020-01-21,5.03,5.03,4.87,4.88,41421.73,20352.911,0.003703
2020-01-22,4.88,4.95,4.83,4.92,17620.68,8635.562,0.001575
2020-01-23,4.91,4.93,4.65,4.76,27341.0,13092.362,0.002444
2020-02-03,4.28,4.28,4.28,4.28,15303.0,6549.684,0.001368
2020-02-04,3.94,4.2,3.94,4.1,81634.65,33268.908,0.007298
2020-02-05,4.12,4.34,4.11,4.21,48745.4,20522.685,0.004358
2020-02-06,4.22,4.34,4.15,4.29,37010.02,15767.7,0.0033090000000000003
2020-02-07,4.33,4.4,4.26,4.38,40268.62,17570.235,0.0036
2020-02-10,4.36,4.52,4.32,4.46,48577.07,21409.768,0.0043430000000000005
2020-02-11,4.5,4.51,4.39,4.4,24294.0,10780.967,0.002172
2020-02-12,4.34,4.44,4.34,4.41,27210.16,11955.707,0.002433
2020-02-13,4.42,4.42,4.29,4.32,32023.2,13930.115,0.002863
2020-02-14,4.31,4.35,4.29,4.33,22815.03,9867.065,0.0020399999999999997
2020-02-17,4.35,4.47,4.31,4.47,47753.95,21085.422,0.004269
2020-02-18,4.48,4.59,4.45,4.53,33411.82,15074.281,0.002987
2020-02-19,4.5,4.59,4.46,4.47,40125.47,18136.872,0.0035870000000000003
2020-02-20,4.47,4.92,4.47,4.92,139981.99,66757.463,0.012514
2020-02-21,4.99,5.16,4.84,4.92,163762.6,81303.451,0.01464
2020-02-24,5.05,5.14,4.86,5.12,141164.23,70300.909,0.01262
2020-02-25,4.96,5.06,4.89,4.96,110614.07,54995.925,0.009889
2020-02-26,4.9,5.15,4.79,4.94,151584.71,74916.326,0.013551
2020-02-27,4.98,5.04,4.92,4.99,82061.26,40949.051,0.0073360000000000005
2020-02-28,4.7,4.89,4.68,4.7,78521.85,37522.684,0.007019999999999999
2020-03-02,4.72,4.91,4.72,4.84,58689.4,28394.921,0.005247000000000001
2020-03-03,4.88,4.97,4.81,4.87,58835.79,28760.141,0.00526
2020-03-04,4.83,4.97,4.81,4.92,42553.77,20787.644,0.003804
2020-03-05,5.03,5.05,4.88,5.01,79695.54,39657.151,0.007125
2020-03-06,4.96,4.99,4.88,4.89,54895.71,27001.935,0.004908
2020-03-09,4.85,4.85,4.7,4.71,67231.08,31906.799,0.00601
2020-03-10,4.69,4.78,4.64,4.77,47107.98,22243.262,0.0042109999999999995
2020-03-11,4.8,4.89,4.75,4.76,51395.27,24682.26,0.004595
2020-03-12,4.72,4.74,4.56,4.61,47199.47,21878.911,0.00422
2020-03-13,4.25,4.57,4.25,4.5,53572.76,23665.746,0.004789
2020-03-16,4.56,4.7,4.42,4.43,67274.32,30687.297,0.006014
2020-03-17,4.47,4.54,4.22,4.37,59812.89,26154.809,0.005346999999999999
2020-03-18,4.41,4.44,4.27,4.28,46119.9,20092.75,0.004123
2020-03-19,4.32,4.32,4.16,4.27,41202.6,17481.869,0.003683
2020-03-20,4.29,4.38,4.27,4.34,28586.6,12349.733,0.002556
2020-03-23,4.28,4.29,4.2,4.22,22992.6,9762.226,0.002056
2020-03-24,4.28,4.35,4.22,4.29,20393.8,8718.221,0.001823
2020-03-25,4.34,4.44,4.32,4.39,26966.26,11750.992,0.002411
2020-03-26,4.34,4.38,4.3,4.31,15732.8,6822.667,0.0014060000000000001
2020-03-27,4.38,4.42,4.34,4.39,29804.07,13057.046,0.002664
2020-03-30,4.31,4.33,4.25,4.31,17715.2,7604.111,0.0015840000000000001
2020-03-31,4.32,4.36,4.27,4.27,13125.0,5641.628,0.001173
2020-04-01,4.26,4.3,4.2,4.23,18936.64,8061.503,0.001693
2020-04-02,4.2,4.31,4.19,4.31,15018.2,6387.571,0.001343
2020-04-03,4.31,4.35,4.26,4.26,17466.49,7506.179,0.0015609999999999999
2020-04-07,4.33,4.38,4.28,4.38,25661.58,11147.667,0.002294
2020-04-08,4.37,4.43,4.33,4.39,24921.11,10929.002,0.002228
2020-04-09,4.43,4.48,4.38,4.41,21370.96,9445.745,0.001911
2020-04-10,4.42,4.42,4.3,4.31,20979.42,9118.131,0.0018759999999999998
2020-04-13,4.25,4.3,4.22,4.26,19630.4,8357.448,0.0017549999999999998
2020-04-14,4.26,4.33,4.26,4.32,17503.83,7535.997,0.001565
2020-04-15,4.35,4.35,4.24,4.24,19302.82,8244.545,0.001726
2020-04-16,4.25,4.27,4.2,4.25,15196.66,6436.839,0.001359
2020-04-17,4.27,4.31,4.25,4.29,17270.36,7397.9,0.001544
2020-04-20,4.32,4.51,4.28,4.48,53278.44,23498.931,0.004763
2020-04-21,4.42,4.59,4.39,4.45,46350.5,20818.484,0.004144
2020-04-22,4.45,4.58,4.41,4.54,43851.49,19822.391,0.00392
2020-04-23,4.55,4.56,4.46,4.46,23057.41,10385.103,0.002061
2020-04-24,4.46,4.49,4.4,4.41,18360.47,8144.584,0.0016409999999999999
2020-04-27,4.38,4.46,4.36,4.4,29915.14,13178.944,0.002674
2020-04-28,4.49,4.6,4.37,4.46,56644.68,25509.71,0.005064
2020-04-29,4.41,4.55,4.38,4.4,35895.98,15972.313,0.003209
2020-04-30,4.58,4.84,4.53,4.84,85939.71,40851.897,0.007683
2020-05-06,5.32,5.32,5.32,5.32,71228.93,37893.791,0.006368
2020-05-07,5.75,5.85,5.65,5.85,565551.03,328893.02,0.05056
2020-05-08,5.61,6.44,5.37,6.17,1022971.59,614289.405,0.091452
2020-05-11,6.02,6.54,5.75,6.13,942012.27,575436.061,0.084215
2020-05-12,5.85,5.95,5.57,5.7,622602.44,357582.202,0.05566
2020-05-13,5.58,5.79,5.46,5.76,425302.32,239995.687,0.038021
2020-05-14,5.63,6.12,5.56,5.85,547759.77,320302.439,0.048969
2020-05-15,5.85,5.92,5.61,5.72,386217.96,221706.109,0.034527
2020-05-18,5.59,5.66,5.22,5.25,478625.27,258979.103,0.04278800000000001
2020-05-19,5.32,5.54,5.25,5.5,413319.61,225316.245,0.03695
2020-05-20,5.43,5.6,5.31,5.39,298720.52,162113.136,0.026705
2020-05-21,5.39,5.93,5.36,5.93,779772.57,453552.103,0.069711
2020-05-22,5.87,6.09,5.6,5.66,634428.64,373152.818,0.056717000000000004
2020-05-25,5.66,6.23,5.66,6.07,734502.4,446994.045,0.065664
2020-05-26,5.85,6.17,5.78,6.09,547424.81,325604.9,0.048939
2020-05-27,6.22,6.47,5.78,5.97,690667.08,423876.091,0.061745
2020-05-28,5.81,5.87,5.56,5.63,369196.66,210235.011,0.033006
2020-05-29,5.58,6.05,5.58,5.85,400155.67,235164.729,0.035773
2020-06-01,5.79,6.15,5.75,5.99,430825.16,257710.419,0.038515
2020-06-02,6.04,6.22,5.86,5.87,457046.83,274426.276,0.040859
2020-06-03,5.92,5.99,5.66,5.77,369568.15,212892.746,0.033039
2020-06-04,5.8,5.85,5.52,5.59,346091.23,193626.19,0.03094
2020-06-05,5.55,5.74,5.51,5.66,268013.12,151126.554,0.02396
2020-06-08,5.78,5.78,5.52,5.56,189458.41,106334.16,0.016937
2020-06-09,5.58,5.59,5.43,5.54,126765.5,69820.758,0.011333
2020-06-10,5.52,5.59,5.44,5.49,105192.28,57800.817,0.009404000000000001
2020-06-11,5.49,5.76,5.49,5.65,267841.36,151214.428,0.023944999999999998
2020-06-12,5.46,5.62,5.4,5.49,160029.49,88398.885,0.014306000000000001
2020-06-15,5.43,5.59,5.38,5.5,150237.6,82447.332,0.013431
2020-06-16,5.52,5.65,5.5,5.59,120444.12,66977.328,0.010768
2020-06-17,5.56,5.59,5.48,5.52,96287.7,53115.167,0.008608
2020-06-18,5.52,5.75,5.5,5.63,187822.94,106023.686,0.016791
2020-06-19,5.61,5.68,5.54,5.57,136752.06,76378.982,0.012225
2020-06-22,5.53,5.55,5.45,5.46,151907.32,83408.7,0.013580000000000002
2020-06-23,5.44,5.48,5.37,5.39,104894.16,56627.086,0.009377
2020-06-24,5.39,5.47,5.39,5.4,84300.0,45778.587,0.007536
2020-06-29,5.44,5.58,5.39,5.53,134297.7,73707.879,0.012006
2020-06-30,5.55,6.04,5.48,5.97,429865.94,250982.794,0.038429000000000005
2020-07-01,5.95,6.11,5.84,5.97,329048.02,196824.807,0.029416
2020-07-02,5.97,6.15,5.89,6.09,295344.14,178285.456,0.026403
2020-07-03,5.96,5.98,5.81,5.84,209262.94,123003.201,0.018708
2020-07-06,5.92,6.26,5.9,6.2,320418.68,195021.688,0.028645
2020-07-07,6.32,6.38,6.03,6.07,346199.56,213611.095,0.030950000000000002
2020-07-08,6.02,6.16,6.0,6.13,223546.0,136109.537,0.019985
2020-07-09,6.07,6.18,6.02,6.16,299995.36,183113.603,0.026819000000000003
2020-07-10,6.13,6.78,6.06,6.78,545488.22,357973.854,0.048766
2020-07-13,6.85,7.41,6.6,7.17,717456.45,492498.884,0.06414
2020-07-14,7.02,7.07,6.7,6.88,398966.05,275326.674,0.035667
2020-07-15,6.84,6.94,6.57,6.68,251230.56,169521.589,0.02246
2020-07-16,6.69,6.8,6.48,6.48,255129.82,169713.791,0.022808000000000002
2020-07-17,6.53,6.59,6.22,6.29,211019.61,133739.955,0.018865
2020-07-20,6.39,6.53,6.28,6.5,175442.68,112451.747,0.015684
2020-07-21,6.48,6.83,6.48,6.63,200927.64,134135.908,0.017963
2020-07-22,6.66,6.67,6.48,6.54,174353.34,114575.546,0.015587
2020-07-23,6.46,6.49,6.24,6.37,168016.4,106612.19,0.01502
2020-07-24,6.34,6.6,6.08,6.12,196396.54,124933.576,0.017558
2020-07-27,6.16,6.2,6.02,6.07,101912.03,62078.817,0.009111000000000001
2020-07-28,6.11,6.19,6.07,6.14,69446.6,42497.958,0.006208
2020-07-29,6.14,6.32,6.07,6.32,105411.31,65644.091,0.009424
2020-07-30,6.28,6.36,6.21,6.22,92723.76,58021.452,0.008289
2020-07-31,6.2,6.29,6.12,6.27,87062.7,54161.995,0.007783
2020-08-03,6.31,6.46,6.27,6.46,128919.16,82365.291,0.011525
2020-08-04,6.55,6.79,6.51,6.56,245197.25,162975.141,0.021920000000000002
2020-08-05,6.8,6.85,6.6,6.69,201522.37,135550.388,0.018016
2020-08-06,6.62,6.65,6.49,6.57,172320.86,112875.605,0.015405
2020-08-07,6.51,6.55,6.23,6.3,155951.51,99324.968,0.013942000000000001
2020-08-10,6.31,6.38,6.27,6.37,95269.56,60231.852,0.008517
2020-08-11,6.33,6.35,6.11,6.13,116088.89,72452.174,0.010378
2020-08-12,6.12,6.27,6.06,6.27,88423.45,54226.806,0.007905
2020-08-13,6.26,6.29,6.18,6.18,73099.96,45499.275,0.006535
2020-08-14,6.25,6.26,6.14,6.22,53336.0,33048.416,0.004768
2020-08-17,6.22,6.33,6.18,6.31,108157.91,67869.569,0.009669
2020-08-18,6.3,6.39,6.26,6.33,94888.48,59953.92,0.008483000000000001
2020-08-19,6.33,6.33,6.18,6.23,75386.4,47223.269,0.006739
2020-08-20,6.16,6.21,6.11,6.13,65410.8,40218.555,0.005848
2020-08-21,6.18,6.22,6.11,6.18,59525.72,36654.739,0.005322
2020-08-24,6.15,6.25,6.13,6.19,52317.38,32410.414,0.004677
2020-08-25,6.2,6.22,6.11,6.13,52494.52,32309.015,0.004693
2020-08-26,6.1,6.17,6.04,6.05,66231.58,40448.636,0.005920999999999999
2020-08-27,6.06,6.24,6.03,6.22,72175.23,44438.69,0.006452
2020-08-28,6.21,6.27,6.15,6.26,92541.73,57605.013,0.008273
2020-08-31,6.25,6.33,6.2,6.21,63871.38,40020.72,0.00571
2020-09-01,6.2,6.23,6.13,6.19,46407.6,28616.963,0.004149
2020-09-02,6.2,6.23,6.11,6.13,51827.42,31822.132,0.004633
2020-09-03,6.13,6.15,6.05,6.08,57198.11,34759.628,0.0051129999999999995
2020-09-04,6.03,6.03,5.88,5.92,75607.06,44771.503,0.006758999999999999
2020-09-07,5.99,5.99,5.87,5.89,51376.26,30400.745,0.004593
2020-09-08,5.9,5.93,5.82,5.88,43075.01,25293.311,0.003851
2020-09-09,5.91,6.02,5.85,5.9,69490.75,41162.037,0.006212
2020-09-10,5.95,6.13,5.8,5.91,97980.67,58937.38,0.008759
2020-09-11,5.81,5.87,5.74,5.84,56544.6,32965.073,0.005055
2020-09-14,5.79,5.98,5.7,5.75,75099.86,43529.131,0.006714
2020-09-15,5.76,5.76,5.5,5.63,88902.96,49737.666,0.007948
2020-09-16,5.61,5.67,5.53,5.59,48720.45,27176.778,0.004356
2020-09-17,5.59,5.69,5.53,5.63,49212.01,27568.83,0.004399
2020-09-18,5.61,5.8,5.58,5.76,64747.55,37035.61,0.005788
2020-09-21,5.76,5.84,5.69,5.74,40662.4,23421.987,0.0036349999999999998
2020-09-22,5.73,5.78,5.65,5.67,28778.0,16442.079,0.0025729999999999998
2020-09-23,5.69,5.74,5.63,5.7,24930.4,14157.513,0.002229
2020-09-24,5.67,5.67,5.57,5.62,30467.9,17087.849,0.002724
2020-09-25,5.58,5.64,5.49,5.52,32319.0,17886.922,0.002889
2020-09-28,5.55,5.57,5.38,5.39,24619.76,13457.233,0.002201
2020-09-29,5.39,5.47,5.35,5.41,21827.0,11821.534,0.001951
2020-09-30,5.4,5.45,5.37,5.44,17474.01,9478.624,0.001562
2020-10-09,5.46,5.62,5.46,5.57,37988.13,21176.009,0.003396
2020-10-12,5.59,5.68,5.57,5.68,39123.09,22080.054,0.003498
2020-10-13,5.64,5.68,5.62,5.64,24991.84,14097.858,0.002234
2020-10-14,5.64,5.64,5.5,5.53,27447.8,15216.621,0.002454
2020-10-15,5.51,5.54,5.45,5.51,27652.0,15173.988,0.0024720000000000002
2020-10-16,5.48,5.53,5.43,5.48,20507.4,11187.88,0.001833
2020-10-19,5.49,5.53,5.42,5.43,25669.65,14055.519,0.002295
2020-10-20,5.44,5.46,5.39,5.46,21215.76,11505.634,0.001897
2020-10-21,5.45,5.47,5.36,5.39,28769.4,15567.976,0.0025719999999999996
2020-10-22,5.4,5.4,5.24,5.25,44451.0,23480.375,0.003974
2020-10-23,5.25,5.3,5.14,5.18,29967.42,15637.118,0.0026790000000000004
2020-10-26,5.14,5.17,5.05,5.11,21321.21,10883.143,0.001906
2020-10-27,5.12,5.14,5.06,5.14,19276.2,9830.551,0.0017230000000000001
2020-10-28,5.14,5.22,5.08,5.2,25258.8,13031.361,0.002258
2020-10-29,5.15,5.31,5.11,5.27,37238.45,19436.89,0.003329
2020-10-30,5.44,5.8,5.44,5.8,323766.58,186744.239,0.028944
2020-11-02,5.77,6.15,5.58,6.07,407548.58,238017.526,0.036434
2020-11-03,5.95,5.96,5.73,5.89,235277.37,137727.519,0.021033
2020-11-04,5.81,5.87,5.71,5.73,131317.36,75708.07,0.011739999999999999
2020-11-05,5.75,5.96,5.69,5.83,158720.09,92277.243,0.014189
2020-11-06,5.83,5.87,5.66,5.68,107988.82,61862.137,0.009654000000000001
2020-11-09,5.68,5.82,5.67,5.77,112115.68,64514.97,0.010022999999999999
2020-11-10,5.77,5.93,5.73,5.77,127309.8,74299.01,0.011380999999999999
2020-11-11,5.76,5.95,5.62,5.89,140619.95,80875.286,0.012571
2020-11-12,5.8,5.93,5.75,5.83,109230.97,63819.184,0.009765000000000001
2020-11-13,5.83,5.85,5.68,5.7,66956.67,38326.796,0.005986
2020-11-16,5.7,5.75,5.63,5.73,79845.72,45332.553,0.007138
2020-11-17,5.7,5.7,5.61,5.63,66432.16,37436.162,0.005939
2020-11-18,5.61,5.68,5.57,5.62,78122.65,44061.543,0.006984000000000001
2020-11-19,5.61,5.65,5.5,5.52,89307.85,49631.56,0.007984
2020-11-20,5.51,5.61,5.5,5.61,52305.4,29086.285,0.0046760000000000005
2020-11-23,5.62,5.67,5.57,5.64,100192.84,56274.947,0.008957
2020-11-24,5.76,6.16,5.75,5.96,243069.26,144303.117,0.02173
2020-11-25,5.95,6.05,5.85,5.85,159774.78,94919.862,0.014283999999999998
2020-11-26,5.82,5.94,5.81,5.81,83629.73,48979.814,0.007476
2020-11-27,5.83,6.39,5.81,6.27,410663.12,256496.465,0.036713
2020-11-30,6.2,6.25,6.07,6.14,290274.36,178804.734,0.02595
2020-12-01,6.09,6.22,6.03,6.1,169211.71,103549.703,0.015127
2020-12-02,6.12,6.19,5.96,6.06,139320.95,84560.928,0.012455
2020-12-03,6.01,6.07,5.96,5.97,95756.2,57485.044,0.00856
2020-12-04,5.97,6.05,5.88,5.97,89121.52,53132.49,0.007967
2020-12-07,5.97,5.99,5.85,5.85,71808.4,42364.693,0.00642
2020-12-08,5.88,6.06,5.85,6.0,107034.77,63984.601,0.009569
2020-12-09,6.02,6.09,5.85,5.85,95320.0,56800.58,0.008520999999999999
2020-12-10,5.8,5.8,5.52,5.53,136383.92,76956.543,0.012193
2020-12-11,5.52,5.61,5.43,5.57,76200.0,42054.779,0.006812
2020-12-14,5.57,5.64,5.53,5.61,44466.4,24803.046,0.003975
2020-12-15,5.57,5.6,5.46,5.5,48451.56,26691.726,0.004332
2020-12-16,5.49,5.51,5.44,5.46,40028.2,21908.781,0.003578
2020-12-17,5.46,5.6,5.36,5.56,52217.6,28519.368,0.004668
2020-12-18,5.56,5.6,5.51,5.58,44770.78,24896.16,0.004002
2020-12-21,5.57,5.62,5.52,5.6,46719.0,26051.855,0.004177
2020-12-22,5.56,5.62,5.52,5.56,57804.9,32172.659,0.005168000000000001
2020-12-23,5.55,5.57,5.46,5.51,45364.95,24972.938,0.004056000000000001
2020-12-24,5.49,5.54,5.35,5.37,43816.4,23809.693,0.003917
2020-12-25,5.36,5.44,5.34,5.41,32855.0,17737.986,0.0029370000000000004
2020-12-28,5.38,5.4,5.26,5.29,49298.0,26180.133,0.0044069999999999995
2020-12-29,5.3,5.37,5.29,5.35,34500.16,18450.619,0.003084
2020-12-30,5.33,5.4,5.32,5.38,31747.24,17038.391,0.002838
2020-12-31,5.38,5.43,5.34,5.41,53029.22,28529.101,0.004741
2021-01-04,5.38,5.4,5.27,5.3,72117.38,38284.73,0.0064470000000000005
2021-01-05,5.31,5.31,5.16,5.23,61238.21,31966.109,0.005475
2021-01-06,5.21,5.31,5.15,5.3,69114.66,36117.036,0.0061790000000000005
2021-01-07,5.25,5.27,5.1,5.12,56056.9,28935.028,0.005011
2021-01-08,5.1,5.2,5.03,5.13,45160.23,23170.717,0.004037
2021-01-11,5.15,5.17,4.86,4.89,97582.51,48658.935,0.008723999999999999
2021-01-12,4.86,4.93,4.78,4.83,61572.03,29725.995,0.005504
2021-01-13,4.8,4.84,4.6,4.64,83356.8,38996.535,0.007451999999999999
2021-01-14,4.65,4.86,4.65,4.75,82674.98,39452.548,0.007391
2021-01-15,4.75,5.22,4.71,5.04,141079.0,71488.226,0.012612000000000002
2021-01-18,4.99,5.02,4.86,4.98,64567.34,32026.415,0.005772
2021-01-19,4.98,5.29,4.95,5.1,99322.66,50684.945,0.008879
2021-01-20,5.07,5.16,5.05,5.12,45654.27,23292.222,0.004081
2021-01-21,5.16,5.17,5.02,5.05,54355.96,27555.527,0.004859
2021-01-22,5.03,5.07,4.9,4.93,51716.4,25664.078,0.0046229999999999995
2021-01-25,4.88,4.92,4.78,4.83,61018.26,29529.541,0.005455
2021-01-26,4.8,4.92,4.76,4.85,37139.64,18053.457,0.00332
2021-01-27,4.83,4.91,4.79,4.82,41392.81,20106.367,0.0037
2021-01-28,4.78,5.09,4.78,4.92,78026.48,38647.075,0.006975
2021-01-29,4.89,4.97,4.8,4.88,52096.02,25278.267,0.004657
2021-02-01,4.85,4.98,4.71,4.93,80880.22,39153.552,0.007231
2021-02-02,4.94,5.02,4.83,4.85,59354.0,29093.694,0.005306
2021-02-03,4.69,4.72,4.44,4.6,95524.68,43762.76,0.008539999999999999
2021-02-04,4.61,4.62,4.48,4.49,42576.4,19226.876,0.003806
2021-02-05,4.46,4.56,4.46,4.5,28088.82,12654.911,0.0025109999999999998
2021-02-08,4.49,4.94,4.46,4.81,91206.78,43285.315,0.008154
2021-02-09,4.71,4.86,4.71,4.79,59146.02,28405.263,0.005288
2021-02-10,4.78,4.84,4.72,4.74,45171.4,21492.837,0.004038
2021-02-18,4.85,4.97,4.7,4.93,64230.99,31195.21,0.005742000000000001
2021-02-19,4.91,5.04,4.91,5.03,60111.21,29977.732,0.005374
2021-02-22,5.03,5.12,5.0,5.02,67262.2,34044.584,0.006012999999999999
2021-02-23,5.04,5.05,4.95,4.98,45242.32,22596.32,0.004045
2021-02-24,4.98,5.19,4.96,5.08,82308.17,41846.733,0.007358
2021-02-25,5.08,5.27,5.08,5.17,88426.15,45942.51,0.007905
2021-02-26,5.14,5.17,5.05,5.13,46188.02,23579.423,0.004129
2021-03-01,5.1,5.15,5.08,5.12,41756.34,21365.741,0.003733
2021-03-02,5.13,5.13,5.03,5.07,33705.96,17112.322,0.003013
2021-03-03,5.08,5.09,4.98,5.06,44483.59,22385.622,0.003977
2021-03-04,5.05,5.17,5.0,5.07,45144.41,22992.361,0.0040360000000000005
2021-03-05,5.07,5.11,5.0,5.1,33763.0,17135.606,0.0030180000000000003
2021-03-08,5.1,5.14,5.02,5.05,38956.75,19833.503,0.003483
2021-03-09,5.01,5.17,4.88,5.11,63731.52,32207.632,0.005698
2021-03-10,5.08,5.11,5.0,5.03,37966.35,19199.142,0.003394
2021-03-11,5.04,5.09,5.0,5.07,32991.14,16664.608,0.002949
2021-03-12,5.08,5.22,5.03,5.15,54547.59,28035.338,0.004876
2021-03-15,5.13,5.24,5.06,5.2,47502.08,24599.458,0.004247
2021-03-16,5.2,5.29,5.19,5.23,47279.61,24821.531,0.004227
2021-03-17,5.23,5.29,5.15,5.25,50328.0,26261.455,0.004499
2021-03-18,5.23,5.28,5.18,5.25,35729.25,18710.941,0.0031940000000000002
2021-03-19,5.22,5.23,5.11,5.15,36243.66,18709.795,0.0032400000000000003
2021-03-22,5.15,5.19,5.14,5.17,30425.85,15719.966,0.00272
2021-03-23,5.18,5.19,5.09,5.15,35693.18,18298.691,0.003191
2021-03-24,5.13,5.16,5.05,5.06,32241.6,16377.976,0.002882
2021-03-25,5.07,5.16,5.01,5.05,34487.6,17551.424,0.0030830000000000002
2021-03-26,5.05,5.08,5.02,5.06,31757.8,16058.313,0.002839
2021-03-29,5.05,5.08,4.98,5.0,48304.6,24234.944,0.004318
2021-03-30,5.0,5.09,4.98,5.01,41655.81,20965.784,0.003724
2021-03-31,5.01,5.06,4.98,5.03,35456.57,17807.618,0.00317
2021-04-01,5.04,5.11,5.02,5.08,37249.4,18880.937,0.00333
2021-04-02,5.09,5.09,4.99,5.02,42783.14,21505.666,0.0038250000000000003
2021-04-06,5.02,5.05,4.99,5.02,29504.0,14820.235,0.0026379999999999997
2021-04-07,5.03,5.07,5.01,5.06,30328.74,15278.906,0.002711
2021-04-08,5.07,5.07,5.01,5.02,24480.89,12309.67,0.002189
2021-04-09,5.01,5.04,4.96,5.02,30664.2,15327.195,0.002741
2021-04-12,5.03,5.05,4.98,5.03,28882.47,14493.729,0.0025819999999999997
2021-04-13,5.0,5.01,4.94,4.95,29392.6,14644.767,0.0026279999999999997
2021-04-14,4.95,4.97,4.9,4.94,21797.8,10748.496,0.001949
2021-04-15,4.93,4.98,4.92,4.96,21999.0,10888.823,0.001967
2021-04-16,4.95,5.12,4.92,5.08,44843.29,22669.902,0.0040089999999999995
2021-04-19,5.08,5.18,5.08,5.12,37764.88,19358.003,0.003376
2021-04-20,5.12,5.17,5.1,5.13,27374.6,14089.843,0.002447
2021-04-21,5.11,5.17,5.11,5.15,27073.0,13914.457,0.00242
2021-04-22,5.19,5.2,5.11,5.15,28554.01,14675.549,0.002553
2021-04-23,5.14,5.14,4.87,4.87,107049.55,52991.269,0.00957
2021-04-26,4.94,4.94,4.78,4.81,44690.4,21665.328,0.003995
2021-04-27,4.8,4.83,4.7,4.8,32587.57,15517.869,0.0029130000000000002
2021-04-28,4.79,4.83,4.73,4.75,29809.62,14221.828,0.0026650000000000003
2021-04-29,4.73,4.81,4.71,4.74,34400.0,16388.037,0.003075
2021-04-30,4.5,4.59,4.27,4.27,144284.0,62300.367,0.012899
2021-05-06,4.12,4.32,4.12,4.23,74069.74,31171.133,0.006622
2021-05-07,4.24,4.25,4.11,4.13,55923.77,23204.742,0.005
2021-05-10,4.13,4.13,4.0,4.06,63838.15,25849.678,0.005707
2021-05-11,4.11,4.17,4.04,4.14,62846.35,25835.576,0.005618
2021-05-12,4.12,4.17,4.11,4.15,31935.6,13227.544,0.002855
2021-05-13,4.13,4.2,4.12,4.15,42290.24,17610.194,0.003781
2021-05-14,4.15,4.27,4.15,4.19,67573.33,28466.42,0.0060409999999999995
2021-05-17,4.19,4.2,4.11,4.12,58447.44,24166.185,0.005225
2021-05-18,4.11,4.17,4.11,4.15,32613.4,13528.394,0.002916
2021-05-19,4.14,4.16,4.08,4.1,45300.29,18635.283,0.004050000000000001
2021-05-20,4.1,4.11,4.05,4.08,30921.18,12610.169,0.002764
2021-05-21,4.07,4.1,4.05,4.09,26867.0,10946.431,0.002402
2021-05-24,4.1,4.12,4.06,4.08,34806.68,14179.57,0.0031119999999999997
2021-05-25,4.07,4.11,4.06,4.11,39195.58,16021.076,0.0035039999999999997
2021-05-26,4.1,4.2,4.08,4.17,64700.63,26802.61,0.005784
2021-05-27,4.17,4.18,4.13,4.15,42888.21,17792.317,0.003834
2021-05-28,4.15,4.17,4.09,4.1,35315.0,14553.45,0.0031569999999999997
2021-05-31,4.11,4.11,4.05,4.1,40397.62,16472.252,0.0036109999999999996
2021-06-01,4.09,4.12,4.07,4.1,33631.86,13765.855,0.003007
2021-06-02,4.09,4.13,4.08,4.11,53641.86,22001.531,0.004796
2021-06-03,4.11,4.23,4.1,4.18,94654.31,39380.747,0.008461999999999999
2021-06-04,4.16,4.18,4.12,4.12,67352.23,27872.449,0.0060209999999999994
2021-06-07,4.12,4.14,4.1,4.12,41057.71,16914.623,0.003671
2021-06-08,4.12,4.2,4.11,4.17,51830.79,21544.807,0.004634
2021-06-09,4.14,4.16,4.13,4.15,39977.07,16564.333,0.003574
2021-06-10,4.14,4.22,4.13,4.19,67925.62,28362.682,0.006071999999999999
2021-06-11,4.19,4.23,4.16,4.16,37780.0,15818.49,0.003377
2021-06-15,4.15,4.18,4.11,4.12,36312.2,15006.278,0.003246
2021-06-16,4.12,4.17,4.12,4.14,22184.4,9182.034,0.001983
2021-06-17,4.14,4.14,4.1,4.13,30397.21,12518.924,0.002717
2021-06-18,4.13,4.3,4.11,4.22,86974.22,36433.843,0.007775
2021-06-21,4.22,4.23,4.14,4.18,51217.25,21422.646,0.004579
2021-06-22,4.18,4.22,4.16,4.19,42532.07,17809.668,0.003802
2021-06-23,4.19,4.22,4.16,4.22,36301.79,15251.078,0.003245
2021-06-24,4.23,4.44,4.22,4.32,138115.34,60207.927,0.012346999999999999
2021-06-25,4.34,4.4,4.27,4.3,50540.82,21797.603,0.0045179999999999994
2021-06-28,4.3,4.37,4.28,4.3,51020.62,22077.68,0.004561
2021-06-29,4.32,4.32,4.21,4.24,33460.42,14278.999,0.0029909999999999997
2021-06-30,4.26,4.26,4.18,4.22,41454.15,17423.104,0.0037059999999999997
2021-07-01,4.25,4.27,4.2,4.21,32394.01,13735.083,0.002896
2021-07-02,4.22,4.24,4.16,4.18,36942.0,15480.974,0.003303
2021-07-05,4.08,4.12,4.05,4.07,33974.66,13858.481,0.003037
2021-07-06,4.05,4.14,4.03,4.09,27620.76,11275.332,0.0024690000000000003
2021-07-07,4.09,4.12,4.04,4.05,38421.27,15587.392,0.003435
2021-07-08,4.05,4.06,3.97,3.98,52134.6,20842.765,0.004661
2021-07-09,4.0,4.02,3.97,4.01,31261.67,12478.06,0.002795
2021-07-12,4.01,4.08,4.01,4.03,30884.07,12468.797,0.002761
2021-07-13,4.03,4.05,4.0,4.04,24406.95,9834.596,0.002182
2021-07-14,4.03,4.04,3.99,3.99,30378.4,12169.744,0.002716
2021-07-15,4.0,4.0,3.94,3.97,29939.2,11860.038,0.002677
2021-07-16,3.97,4.03,3.95,3.98,32569.48,12980.236,0.002912
2021-07-19,3.98,4.02,3.92,3.94,36272.1,14329.293,0.003243
2021-07-20,3.95,4.04,3.92,4.02,47822.08,19042.17,0.004275
2021-07-21,4.0,4.02,3.97,3.98,35126.18,14016.401,0.00314
2021-07-22,3.99,4.0,3.97,3.98,27716.6,11029.997,0.0024779999999999997
2021-07-23,3.97,4.01,3.95,3.95,26312.3,10456.893,0.002352
2021-07-26,3.95,3.97,3.8,3.8,60738.67,23446.991,0.005430000000000001
2021-07-27,3.8,3.83,3.72,3.73,53137.23,19988.591,0.00475
2021-07-28,3.74,3.75,3.55,3.59,54640.02,19730.414,0.004885
2021-07-29,3.63,3.85,3.63,3.76,82059.94,30689.757,0.0073360000000000005
2021-07-30,3.76,3.82,3.68,3.69,32974.9,12247.71,0.002948
2021-08-02,3.7,3.78,3.63,3.73,32918.33,12197.29,0.002943
2021-08-03,3.74,3.76,3.69,3.73,23853.28,8865.188,0.002132
2021-08-04,3.72,3.74,3.65,3.7,36502.03,13484.322,0.003263
2021-08-05,3.7,3.73,3.68,3.69,28502.47,10529.102,0.0025480000000000004
2021-08-06,3.69,3.71,3.63,3.71,41389.12,15179.958,0.0037
2021-08-09,3.71,3.75,3.69,3.74,38245.44,14237.066,0.0034189999999999997
2021-08-10,3.72,3.79,3.71,3.77,30525.8,11481.495,0.0027289999999999997
2021-08-11,3.77,3.84,3.74,3.79,38271.6,14581.231,0.003421
2021-08-12,3.81,3.81,3.73,3.79,33507.48,12656.005,0.002996
2021-08-13,3.76,3.8,3.76,3.78,15337.61,5796.335,0.001371
2021-08-16,3.77,3.81,3.76,3.77,20030.0,7581.991,0.001791
2021-08-17,3.76,3.81,3.72,3.73,22266.0,8386.903,0.001991
2021-08-18,3.71,3.78,3.68,3.73,25197.26,9370.006,0.002253
2021-08-19,3.71,3.73,3.67,3.67,26002.4,9615.441,0.0023250000000000002
2021-08-20,3.67,3.71,3.65,3.7,22557.0,8306.524,0.0020169999999999997
2021-08-23,3.73,3.74,3.69,3.71,20351.8,7565.864,0.001819
2021-08-24,3.71,3.73,3.7,3.71,17433.62,6472.872,0.001559
2021-08-25,3.71,3.74,3.68,3.74,22458.4,8350.791,0.0020080000000000002
2021-08-26,3.72,4.1,3.72,3.97,149644.86,59090.556,0.013378000000000001
2021-08-27,3.98,4.09,3.95,4.01,79314.91,31786.503,0.007090999999999999
2021-08-30,3.9,4.15,3.85,4.1,131681.53,52614.321,0.011772
2021-08-31,4.08,4.51,4.02,4.51,308438.37,135641.926,0.027574
2021-09-01,4.6,4.72,4.25,4.36,301454.18,134910.648,0.026949999999999998
2021-09-02,4.32,4.41,4.27,4.32,128372.06,55702.499,0.011476
2021-09-03,4.75,4.75,4.75,4.75,84404.0,40091.9,0.007546000000000001
2021-09-06,5.02,5.23,4.84,5.23,518195.16,264680.531,0.046326
2021-09-07,5.1,5.27,4.86,5.08,511491.76,256591.852,0.045727000000000004
2021-09-08,5.02,5.05,4.78,4.8,283880.65,138567.69,0.025379
2021-09-09,4.75,5.28,4.75,5.28,215393.47,110862.709,0.019256
2021-09-10,5.28,5.28,4.95,5.05,413846.46,210686.984,0.036997
2021-09-13,5.0,5.0,4.85,4.95,189738.87,93235.589,0.016961999999999998
2021-09-14,4.89,4.89,4.61,4.63,223609.46,106187.844,0.01999
2021-09-15,4.6,4.72,4.53,4.62,131702.96,60781.172,0.011774
2021-09-16,4.58,4.77,4.58,4.63,138925.15,64833.645,0.01242
2021-09-17,4.55,4.55,4.29,4.43,155496.7,68948.003,0.013900999999999998
2021-09-22,4.44,4.57,4.38,4.47,109773.21,49153.222,0.009814
2021-09-23,4.48,4.54,4.44,4.45,98810.06,44225.29,0.008833
2021-09-24,4.43,4.47,4.34,4.37,84978.8,37309.865,0.0075970000000000005
2021-09-27,4.42,4.56,4.2,4.23,122900.89,53722.857,0.010987
2021-09-28,4.18,4.26,4.15,4.22,84477.95,35435.644,0.007552
2021-09-29,4.2,4.26,4.1,4.12,73505.77,30608.203,0.0065710000000000005
2021-09-30,4.16,4.25,4.13,4.24,54660.21,22979.31,0.004887
2021-10-08,4.24,4.28,4.18,4.25,46328.0,19613.702,0.004142
2021-10-11,4.22,4.25,4.16,4.16,58227.0,24462.613,0.0052049999999999996
2021-10-12,4.2,4.22,4.04,4.09,51299.23,21058.895,0.004586
2021-10-13,4.09,4.13,4.0,4.05,35512.8,14357.693,0.003175
2021-10-14,4.05,4.09,3.98,4.07,31028.0,12533.729,0.002774
2021-10-15,4.09,4.15,3.98,3.99,33985.0,13665.318,0.0030380000000000003
2021-10-18,3.99,4.04,3.94,4.03,24900.41,9968.632,0.002226
2021-10-19,4.03,4.05,3.94,3.96,45976.98,18311.325,0.00411
2021-10-20,3.94,3.98,3.91,3.96,35361.01,13969.663,0.0031609999999999997
2021-10-21,3.97,4.31,3.96,4.12,131469.08,54119.883,0.011753
2021-10-22,4.1,4.18,4.0,4.02,80741.99,32813.907,0.007218
2021-10-25,4.0,4.0,3.81,3.9,76198.0,29485.945,0.006812
2021-10-26,3.92,3.92,3.85,3.86,37619.12,14615.4,0.0033629999999999997
2021-10-27,3.86,3.86,3.75,3.76,40455.06,15324.07,0.0036170000000000004
2021-10-28,3.76,3.78,3.7,3.72,28574.25,10673.233,0.0025540000000000003
2021-10-29,3.7,3.81,3.7,3.77,34318.8,12916.834,0.003068
2021-11-01,3.8,4.15,3.77,4.15,115864.22,46820.059,0.010358000000000001
2021-11-02,4.14,4.34,4.03,4.08,181214.9,75528.82,0.016200000000000003
2021-11-03,4.07,4.26,4.02,4.19,121098.6,50280.898,0.010826
2021-11-04,4.14,4.2,4.08,4.16,76418.25,31618.665,0.006832
2021-11-05,4.17,4.56,4.13,4.35,175751.6,76024.524,0.015712
2021-11-08,4.29,4.41,4.2,4.31,131538.36,56517.612,0.011758999999999999
2021-11-09,4.27,4.34,4.21,4.25,90812.41,38838.442,0.008119
2021-11-10,4.24,4.28,4.18,4.26,82045.88,34670.068,0.007335
2021-11-11,4.22,4.32,4.22,4.24,88933.4,38000.053,0.007951
2021-11-12,4.21,4.36,4.13,4.34,109585.61,46714.519,0.009797
2021-11-15,4.4,4.47,4.09,4.11,134787.07,56273.411,0.01205
2021-11-16,4.09,4.18,4.02,4.04,88641.5,36230.564,0.007924
2021-11-17,4.03,4.08,3.95,3.96,79745.17,31822.696,0.007129
2021-11-18,3.99,4.0,3.93,3.93,47024.29,18598.408,0.004204
2021-11-19,3.95,3.96,3.87,3.95,56159.29,21931.626,0.005021
2021-11-22,3.93,3.97,3.92,3.95,50624.81,19961.952,0.004526
2021-11-23,3.96,3.99,3.92,3.96,40574.13,16060.976,0.003627
2021-11-24,3.96,4.03,3.93,4.0,59975.2,23841.91,0.0053620000000000004
2021-11-25,3.99,4.03,3.89,3.9,56776.0,22448.786,0.005076000000000001
2021-11-26,3.91,3.91,3.84,3.87,43433.65,16827.405,0.0038829999999999997
2021-11-29,3.81,3.93,3.78,3.91,56561.44,21827.978,0.005057000000000001
2021-11-30,3.9,3.96,3.88,3.91,37975.2,14886.306,0.0033950000000000004
2021-12-01,3.92,3.95,3.87,3.93,46131.27,18029.706,0.004124
2021-12-02,3.92,3.96,3.88,3.89,44860.0,17524.266,0.0040100000000000005
2021-12-03,3.9,3.91,3.86,3.91,32880.2,12793.097,0.0029389999999999998
2021-12-06,3.91,3.91,3.81,3.82,59694.8,22967.073,0.005337
2021-12-07,3.85,3.89,3.81,3.84,40245.44,15467.377,0.003598
2021-12-08,3.86,3.86,3.81,3.85,39364.32,15091.666,0.003519
2021-12-09,3.84,3.9,3.83,3.88,46676.18,18046.199,0.004173
2021-12-10,3.86,3.92,3.86,3.9,37357.86,14541.109,0.00334
2021-12-13,3.92,3.96,3.88,3.93,59034.35,23161.064,0.005278000000000001
2021-12-14,3.93,3.93,3.88,3.92,47264.0,18462.649,0.004225
2021-12-15,3.92,4.02,3.92,4.0,81436.81,32422.801,0.00728
2021-12-16,3.98,4.16,3.96,4.08,83907.45,34062.773,0.007501
2021-12-17,4.09,4.14,4.05,4.12,79775.59,32663.769,0.0071319999999999995
2021-12-20,4.12,4.39,4.1,4.21,190864.12,81302.679,0.017063
2021-12-21,4.39,4.63,4.17,4.63,208106.96,94291.983,0.018604
2021-12-22,4.5,4.62,4.26,4.26,334421.86,147332.929,0.029897
2021-12-23,4.17,4.38,4.15,4.23,150125.4,63964.19,0.013421
2021-12-24,4.23,4.25,4.1,4.12,103667.8,43099.459,0.009268
2021-12-27,4.12,4.18,4.09,4.1,74514.22,30765.558,0.006661
2021-12-28,4.09,4.14,4.07,4.12,42823.33,17604.755,0.003828
2021-12-29,4.1,4.16,4.08,4.1,43932.31,18059.551,0.003927
2021-12-30,4.09,4.13,4.07,4.09,51255.47,21018.836,0.004582
2021-12-31,4.09,4.13,4.08,4.12,40650.38,16709.894,0.003634
2022-01-04,4.13,4.22,4.09,4.19,84860.2,35440.256,0.007586000000000001
2022-01-05,4.22,4.23,4.13,4.16,57912.0,24178.514,0.005177
2022-01-06,4.16,4.27,4.15,4.26,83999.4,35583.274,0.007509
2022-01-07,4.31,4.35,4.24,4.25,100305.67,43202.253,0.008967000000000001
2022-01-10,4.21,4.27,4.17,4.25,62226.02,26252.957,0.005563
2022-01-11,4.23,4.37,4.23,4.29,90929.2,39133.594,0.008128999999999999
2022-01-12,4.25,4.3,4.23,4.29,68385.2,29180.489,0.0061140000000000005
2022-01-13,4.28,4.4,4.26,4.33,103849.15,45186.304,0.009284
2022-01-14,4.33,4.35,4.17,4.18,78710.69,33370.799,0.007037
2022-01-17,4.16,4.28,4.16,4.24,45119.25,19095.142,0.004033999999999999
2022-01-18,4.23,4.43,4.21,4.24,88889.0,38174.031,0.007947
2022-01-19,4.24,4.41,4.19,4.39,138898.95,60182.395,0.012417000000000001
2022-01-20,4.39,4.41,4.21,4.22,91404.0,39243.77,0.008171000000000001
2022-01-21,4.2,4.27,4.17,4.24,48648.8,20518.521,0.0043490000000000004
2022-01-24,4.31,4.37,4.13,4.18,80110.6,33794.491,0.007161999999999999
2022-01-25,4.18,4.2,3.97,3.98,60373.4,24546.213,0.005397
2022-01-26,3.99,4.14,3.97,4.11,53507.6,21785.754,0.004784
2022-01-27,4.11,4.11,4.0,4.02,41649.0,16837.427,0.003723
2022-01-28,4.03,4.22,4.0,4.18,80647.48,33395.409,0.007209999999999999
2022-02-07,4.2,4.25,4.13,4.24,42810.66,18026.897,0.0038269999999999997
2022-02-08,4.23,4.32,4.21,4.31,52596.42,22528.279,0.0047020000000000005
2022-02-09,4.32,4.38,4.29,4.31,51979.0,22508.946,0.004647
2022-02-10,4.3,4.38,4.25,4.37,52754.0,22869.887,0.004716000000000001
2022-02-11,4.38,4.41,4.29,4.3,47574.6,20649.191,0.004253
2022-02-14,4.3,4.36,4.26,4.3,47057.4,20268.811,0.004207
2022-02-15,4.3,4.31,4.19,4.22,48650.94,20662.655,0.0043490000000000004
2022-02-16,4.24,4.32,4.23,4.29,39720.6,17035.961,0.0035510000000000003
2022-02-17,4.29,4.33,4.24,4.26,50107.34,21434.25,0.0044800000000000005
2022-02-18,4.24,4.38,4.22,4.38,72419.49,31302.716,0.006474
2022-02-21,4.39,4.44,4.33,4.42,80265.21,35205.619,0.007176
2022-02-22,4.38,4.42,4.32,4.42,69752.81,30496.038,0.006236
2022-02-23,4.42,4.86,4.41,4.66,340764.91,160263.883,0.030464
2022-02-24,4.52,4.62,4.33,4.37,230890.33,103840.442,0.020641
2022-02-25,4.42,4.81,4.38,4.81,312619.41,148826.089,0.027948
2022-02-28,4.72,5.04,4.59,4.63,453128.3,215016.244,0.040509
2022-03-01,4.63,4.66,4.52,4.55,220475.54,100692.454,0.019710000000000002
2022-03-02,4.51,4.58,4.46,4.54,123636.33,56059.979,0.011053
2022-03-03,4.54,4.64,4.48,4.58,150880.21,68641.903,0.013488
2022-03-04,4.51,4.53,4.39,4.41,123187.16,54635.389,0.011013
2022-03-07,4.39,4.45,4.35,4.4,64506.94,28445.16,0.0057669999999999996
2022-03-08,4.39,4.41,4.25,4.29,76567.6,33098.16,0.006845
2022-03-09,4.28,4.36,4.05,4.23,91458.24,38610.857,0.008176
2022-03-10,4.25,4.48,4.25,4.44,115388.41,50674.416,0.010316
2022-03-11,4.37,4.46,4.31,4.43,52946.0,23161.94,0.004733
2022-03-14,4.37,4.56,4.35,4.36,77384.19,34489.991,0.006918
2022-03-15,4.33,4.36,4.07,4.1,83942.77,35389.278,0.007503999999999999
2022-03-16,4.16,4.26,4.0,4.22,64777.34,26930.165,0.005790999999999999
2022-03-17,4.28,4.51,4.28,4.45,124558.94,55221.596,0.011134999999999999
2022-03-18,4.41,4.52,4.39,4.51,86329.0,38604.659,0.007718
2022-03-21,4.55,4.56,4.46,4.53,105213.6,47486.323,0.009406
2022-03-22,4.57,4.72,4.49,4.67,139133.6,64518.464,0.012438
2022-03-23,4.59,4.71,4.53,4.64,102978.0,47836.955,0.009205999999999999
2022-03-24,4.62,4.85,4.59,4.61,114162.98,53616.144,0.010206
2022-03-25,4.62,4.84,4.57,4.71,152294.6,71854.772,0.013614999999999999
2022-03-28,4.69,4.8,4.66,4.75,115194.0,54592.222,0.010298
2022-03-29,4.71,4.82,4.57,4.66,84251.8,39425.672,0.007532
2022-03-30,4.69,4.97,4.69,4.86,206258.2,99784.762,0.018439
2022-03-31,4.8,5.35,4.8,5.06,329970.45,167286.772,0.029499
2022-04-01,4.9,5.18,4.9,5.08,229576.95,115608.373,0.020524
2022-04-06,5.17,5.32,5.02,5.26,251861.89,130361.745,0.022515999999999998
2022-04-07,5.18,5.28,5.02,5.04,189201.4,96929.37,0.016914
2022-04-08,5.02,5.54,5.0,5.54,470020.5,253151.955,0.042019
2022-04-11,5.21,5.24,4.99,4.99,172787.0,87262.731,0.015446999999999999
2022-04-12,4.7,4.7,4.49,4.61,381680.62,175268.955,0.034122
2022-04-13,4.68,4.78,4.55,4.61,205602.69,96000.022,0.018381
2022-04-14,4.63,4.86,4.58,4.78,158055.63,75208.275,0.01413
2022-04-15,4.78,4.84,4.61,4.64,134183.0,63536.487,0.011996
2022-04-18,4.55,4.73,4.49,4.51,124159.4,57154.444,0.0111
2022-04-19,4.54,4.7,4.44,4.68,110821.41,50931.84,0.009907000000000001
2022-04-20,4.77,4.96,4.63,4.71,182733.45,87345.196,0.016336
2022-04-21,4.76,4.82,4.6,4.64,183866.71,86463.587,0.016437
2022-04-22,4.58,4.65,4.47,4.5,98256.11,44629.582,0.008784
2022-04-25,4.32,4.43,4.16,4.19,121818.8,52445.404,0.01089
2022-04-26,4.2,4.27,4.03,4.05,107884.2,44479.363,0.009645
2022-04-27,4.01,4.14,3.87,4.12,119377.4,47623.081,0.010672
2022-04-28,4.03,4.17,4.0,4.1,84570.59,34521.2,0.00756
2022-04-29,4.11,4.5,4.1,4.44,126762.42,54695.996,0.011332
2022-05-05,4.37,4.44,4.12,4.2,224610.8,94443.792,0.02008
2022-05-06,4.08,4.09,3.96,3.98,132319.4,52954.935,0.011829000000000001
2022-05-09,3.98,4.16,3.97,4.05,112519.8,45893.882,0.010059
2022-05-10,4.02,4.12,3.99,4.1,73731.21,30034.492,0.0065910000000000005
2022-05-11,4.12,4.24,4.07,4.11,108653.03,44923.519,0.009713000000000001
2022-05-12,4.1,4.17,4.02,4.07,94977.2,38886.668,0.008491
2022-05-13,4.08,4.2,4.0,4.17,115041.22,47444.176,0.010284999999999999
2022-05-16,4.26,4.37,4.17,4.32,134488.62,57342.304,0.012022999999999999
2022-05-17,4.28,4.35,4.18,4.23,103129.18,43664.609,0.00922
2022-05-18,4.23,4.26,4.19,4.2,70915.8,29928.047,0.00634
2022-05-19,4.17,4.32,4.12,4.28,84790.53,36130.06,0.00758
2022-05-20,4.3,4.34,4.24,4.25,73270.0,31301.511,0.00655
2022-05-23,4.24,4.3,4.22,4.25,64883.8,27567.629,0.005801
2022-05-24,4.26,4.29,4.07,4.08,87429.4,36213.643,0.007816
2022-05-25,4.05,4.14,4.05,4.13,51434.16,21124.071,0.004598
2022-05-26,4.14,4.22,4.12,4.17,69388.8,28898.862,0.006202999999999999
2022-05-27,4.17,4.25,4.14,4.2,65571.6,27503.964,0.005862000000000001
2022-05-30,4.22,4.23,4.16,4.21,51216.0,21488.561,0.004579
2022-05-31,4.21,4.39,4.19,4.34,102840.0,44233.52,0.009194
2022-06-01,4.33,4.37,4.21,4.27,89049.0,38205.808,0.007961000000000001
2022-06-02,4.27,4.29,4.19,4.23,50287.28,21299.622,0.004496
2022-06-06,4.22,4.27,4.2,4.26,65540.4,27771.877,0.005859
2022-06-07,4.26,4.3,4.21,4.29,68255.34,29084.805,0.006102
2022-06-08,4.28,4.31,4.17,4.23,59929.41,25368.874,0.005358000000000001
2022-06-09,4.22,4.27,4.13,4.17,54006.0,22626.632,0.004828
2022-06-10,4.15,4.19,4.13,4.18,51645.03,21492.413,0.004617
2022-06-13,4.17,4.17,4.05,4.1,66167.93,27070.404,0.005915
2022-06-14,4.07,4.14,4.01,4.13,62420.98,25433.669,0.005580000000000001
2022-06-15,4.13,4.24,4.11,4.19,67226.4,28162.271,0.00601
2022-06-16,4.17,4.23,4.12,4.14,61886.35,25669.757,0.005533
2022-06-17,4.12,4.14,4.04,4.09,65293.8,26699.381,0.005837
2022-06-20,4.09,4.15,4.09,4.13,53749.6,22180.993,0.004805
2022-06-21,4.14,4.21,4.09,4.12,66272.16,27484.463,0.005925000000000001
2022-06-22,4.12,4.15,4.06,4.06,45405.0,18619.464,0.004059
2022-06-23,4.07,4.14,4.04,4.12,47319.4,19381.844,0.00423
2022-06-24,4.12,4.15,4.08,4.12,51952.6,21369.397,0.004644
2022-06-27,4.14,4.16,4.11,4.12,49942.19,20622.182,0.004465
2022-06-28,4.11,4.19,4.09,4.16,53309.0,22128.914,0.004766
2022-06-29,4.15,4.21,4.12,4.13,52567.16,21900.134,0.004699
2022-06-30,4.16,4.2,4.14,4.16,65462.66,27302.301,0.005852
2022-07-01,4.17,4.26,4.12,4.18,67823.4,28454.912,0.006063
2022-07-04,4.16,4.19,4.11,4.14,63942.48,26429.405,0.005716
2022-07-05,4.15,4.17,4.05,4.09,61777.8,25343.789,0.005523
2022-07-06,4.08,4.11,4.01,4.02,55212.11,22313.962,0.004935999999999999
2022-07-07,4.03,4.08,4.01,4.05,38637.8,15656.374,0.003454
2022-07-08,4.05,4.11,4.03,4.1,38682.8,15792.718,0.003458
2022-07-11,4.09,4.1,4.0,4.02,63700.0,25716.261,0.005695
2022-07-12,3.99,4.03,3.96,4.02,47024.02,18841.215,0.004204
2022-07-13,4.0,4.07,3.98,4.04,43083.6,17370.938,0.003852
2022-07-14,4.3,4.34,4.16,4.23,238746.0,101252.771,0.021344
2022-07-15,4.3,4.48,4.27,4.3,228710.01,99975.185,0.020446
2022-07-18,4.35,4.51,4.27,4.45,189182.54,83574.193,0.016913
2022-07-19,4.46,4.56,4.39,4.5,126623.61,56635.811,0.011319999999999998
2022-07-20,4.49,4.64,4.48,4.62,120948.31,55416.205,0.010813
2022-07-21,4.6,4.66,4.54,4.58,97881.21,44869.911,0.00875
2022-07-22,4.57,4.59,4.48,4.53,69193.6,31379.239,0.0061860000000000005
2022-07-25,4.51,4.59,4.46,4.47,79930.8,36054.278,0.0071460000000000004
2022-07-26,4.5,4.59,4.48,4.57,93013.6,42121.844,0.008315
2022-07-27,4.57,4.6,4.46,4.47,71099.84,31981.366,0.0063560000000000005
2022-07-28,4.49,4.51,4.44,4.48,64020.0,28639.239,0.005723000000000001
2022-07-29,4.5,4.5,4.39,4.41,77646.0,34330.507,0.006941
2022-08-01,4.42,4.47,4.35,4.42,78976.8,34725.522,0.0070599999999999994
2022-08-02,4.4,4.41,4.21,4.26,86164.0,36898.124,0.007703
2022-08-03,4.17,4.32,4.17,4.18,65078.56,27618.48,0.005818
2022-08-04,4.22,4.27,4.17,4.24,58119.24,24497.114,0.005195999999999999
2022-08-05,4.24,4.35,4.19,4.35,60417.28,25884.31,0.005401
2022-08-08,4.32,4.41,4.3,4.33,80248.17,34792.816,0.007174000000000001
2022-08-09,4.31,4.34,4.24,4.28,67966.0,29043.82,0.006076000000000001
2022-08-10,4.28,4.28,4.19,4.24,60993.0,25775.824,0.005453
2022-08-11,4.26,4.66,4.23,4.66,308753.14,141824.783,0.027602
2022-08-12,4.6,4.97,4.6,4.67,329009.5,155297.387,0.029413
2022-08-15,4.71,4.75,4.6,4.66,210039.47,97791.194,0.018777
2022-08-16,4.67,4.72,4.63,4.69,129519.41,60580.53,0.011578999999999999
2022-08-17,4.7,4.78,4.67,4.7,95880.46,45174.672,0.008572
2022-08-18,4.68,4.71,4.58,4.62,95680.0,44258.085,0.008554
2022-08-19,4.64,4.81,4.62,4.75,139831.8,66143.919,0.012501
2022-08-22,4.72,4.89,4.68,4.87,190929.42,91935.252,0.017069
2022-08-23,4.87,4.91,4.79,4.86,84976.62,41119.864,0.0075970000000000005
2022-08-24,4.88,4.89,4.73,4.76,103554.2,49618.315,0.009257999999999999
2022-08-25,4.74,4.83,4.74,4.8,102861.4,49321.307,0.009196
2022-08-26,4.83,4.86,4.75,4.77,92035.0,44218.275,0.008228
2022-08-29,4.71,4.82,4.68,4.77,96005.84,45726.448,0.008583
2022-08-30,4.85,5.16,4.83,4.96,219600.0,108689.951,0.019632
2022-08-31,4.94,5.05,4.76,4.85,190813.06,93201.043,0.017058
2022-09-01,4.85,4.91,4.78,4.83,136064.23,65926.242,0.012164
2022-09-02,4.86,4.86,4.76,4.82,81355.69,39108.13,0.007272999999999999
2022-09-05,4.83,5.02,4.8,5.0,114615.4,56422.447,0.010246
2022-09-06,4.99,5.15,4.95,5.15,140237.44,71140.848,0.012537
2022-09-07,5.13,5.15,5.05,5.11,80280.27,40860.774,0.007177
2022-09-08,5.14,5.14,4.94,4.98,81264.0,40537.549,0.007265000000000001
2022-09-09,5.0,5.08,4.93,5.02,75164.6,37619.379,0.00672
2022-09-13,5.0,5.05,4.92,4.95,77507.04,38468.846,0.006928999999999999
2022-09-14,4.9,4.99,4.89,4.92,62702.0,30975.136,0.005605
2022-09-15,4.96,5.02,4.83,4.91,83905.83,41294.481,0.007501
2022-09-16,4.9,5.0,4.75,4.77,110388.03,53697.826,0.009869
2022-09-19,4.75,4.83,4.67,4.75,98551.83,47018.426,0.00881
2022-09-20,4.78,5.0,4.77,4.83,87447.0,42741.239,0.007818
2022-09-21,4.81,4.97,4.67,4.93,97937.2,47340.273,0.008754999999999999
2022-09-22,4.89,4.93,4.73,4.76,117973.18,56468.204,0.010546999999999999
2022-09-23,4.77,4.95,4.74,4.75,113611.8,54791.637,0.010157000000000001
2022-09-26,4.74,4.78,4.56,4.6,102862.06,47816.316,0.009196
2022-09-27,4.63,4.67,4.49,4.64,63155.0,28937.591,0.005646
2022-09-28,4.64,4.66,4.49,4.5,71550.83,32581.559,0.006397000000000001
2022-09-29,4.54,4.59,4.44,4.45,71581.0,32254.008,0.006399
2022-09-30,4.57,4.58,4.41,4.44,45697.96,20399.394,0.004085
2022-10-10,4.46,4.54,4.42,4.44,71238.0,31874.492,0.0063690000000000005
2022-10-11,4.54,4.54,4.33,4.38,56576.0,24797.131,0.005058
2022-10-12,4.45,4.46,4.3,4.44,43629.0,19083.15,0.0039000000000000003
2022-10-13,4.43,4.48,4.32,4.48,73158.59,32231.573,0.006540000000000001
2022-10-14,4.46,4.53,4.43,4.49,92589.0,41565.857,0.008277
2022-10-17,4.49,4.55,4.38,4.52,68316.4,30656.043,0.0061070000000000004
2022-10-18,4.54,4.57,4.45,4.48,65785.92,29658.134,0.005881
2022-10-19,4.47,4.5,4.4,4.43,47755.32,21194.359,0.004269
2022-10-20,4.41,4.5,4.38,4.45,53824.4,23896.704,0.004812
2022-10-21,4.44,4.53,4.37,4.4,64470.02,28689.559,0.005764
2022-10-24,4.4,4.44,4.21,4.27,66906.0,28847.747,0.005980999999999999
2022-10-25,4.24,4.3,4.16,4.21,55128.54,23236.782,0.004928
2022-10-26,4.22,4.26,4.2,4.22,42385.0,17922.142,0.0037890000000000003
2022-10-27,4.23,4.33,4.22,4.33,64505.79,27647.135,0.0057669999999999996
2022-10-28,4.29,4.31,4.07,4.11,126018.52,52534.873,0.011266
2022-10-31,3.89,3.94,3.7,3.7,266593.0,100944.321,0.023833000000000003
2022-11-01,3.72,3.75,3.61,3.69,203348.84,74587.088,0.018179
2022-11-02,3.7,3.83,3.66,3.8,178179.41,67046.471,0.015929
2022-11-03,3.75,3.81,3.69,3.75,133972.24,50118.741,0.011977
2022-11-04,3.73,3.82,3.73,3.81,108527.74,41119.495,0.009701999999999999
2022-11-07,3.8,3.86,3.78,3.85,113663.4,43558.916,0.010161
2022-11-08,3.85,3.88,3.83,3.85,84071.1,32311.96,0.007516
2022-11-09,3.87,3.96,3.85,3.9,105428.08,41298.471,0.009425
2022-11-10,3.93,3.94,3.86,3.92,87998.86,34320.664,0.007866999999999999
2022-11-11,3.96,4.18,3.95,4.1,174422.8,70884.947,0.015593
2022-11-14,4.17,4.25,4.1,4.13,157383.4,65431.518,0.014070000000000001
2022-11-15,4.13,4.24,4.1,4.21,116278.1,48704.601,0.010395000000000001
2022-11-16,4.21,4.25,4.15,4.18,98205.78,41171.765,0.008779
2022-11-17,4.17,4.24,4.15,4.21,74483.0,31312.355,0.006659000000000001
2022-11-18,4.24,4.24,4.11,4.13,80360.19,33497.952,0.007184
2022-11-21,4.1,4.11,3.99,4.06,90299.89,36464.635,0.008073
2022-11-22,4.09,4.12,3.97,4.0,86579.2,34905.216,0.00774
2022-11-23,4.01,4.06,3.97,4.0,67156.0,26879.353,0.006004000000000001
2022-11-24,4.05,4.09,3.98,4.01,84336.0,34066.821,0.00754
2022-11-25,4.01,4.16,4.01,4.13,114013.95,46827.813,0.010193
2022-11-28,4.04,4.15,4.02,4.15,86643.0,35546.261,0.007745999999999999
2022-11-29,4.56,4.56,4.17,4.35,313731.15,134774.22,0.028047
2022-11-30,4.38,4.46,4.32,4.36,261721.49,114776.292,0.023398
2022-12-01,4.37,4.42,4.25,4.28,171255.0,74132.271,0.015309999999999999
2022-12-02,4.32,4.32,4.17,4.25,127671.0,53880.018,0.011414
2022-12-05,4.27,4.33,4.25,4.29,122180.0,52462.803,0.010923
2022-12-06,4.29,4.3,4.21,4.23,84399.5,35833.496,0.007545
2022-12-07,4.23,4.24,4.15,4.2,79129.6,33173.769,0.007074
2022-12-08,4.2,4.28,4.18,4.22,88987.52,37598.275,0.007955
2022-12-09,4.21,4.3,4.19,4.25,128473.39,54509.276,0.011485
2022-12-12,4.2,4.22,4.08,4.1,100509.33,41590.777,0.008985
2022-12-13,4.11,4.16,4.07,4.13,74710.6,30805.271,0.006679000000000001
2022-12-14,4.16,4.16,4.04,4.07,66830.0,27296.676,0.005975
2022-12-15,4.09,4.12,4.03,4.1,53172.0,21690.866,0.0047539999999999995
2022-12-16,4.09,4.17,4.07,4.11,71605.01,29509.434,0.0064010000000000004
2022-12-19,4.11,4.16,3.99,4.03,68512.93,27810.764,0.006125
2022-12-20,4.01,4.05,3.94,4.0,71289.99,28515.12,0.006373
2022-12-21,3.99,4.02,3.93,3.94,49622.2,19695.288,0.004436
2022-12-22,3.96,4.05,3.92,3.94,82967.0,33181.194,0.007417
2022-12-23,3.93,4.0,3.91,3.98,57751.24,22927.377,0.005163
2022-12-26,3.98,3.99,3.9,3.91,67921.7,26663.928,0.006071999999999999
2022-12-27,3.92,3.96,3.91,3.93,54043.7,21269.844,0.004830999999999999
2022-12-28,3.92,3.96,3.84,3.91,69412.73,27134.152,0.0062050000000000004
2022-12-29,3.9,3.92,3.83,3.85,62624.4,24174.509,0.005599
2022-12-30,3.85,3.91,3.84,3.9,44305.8,17175.585,0.003961
2023-01-03,3.88,3.96,3.86,3.95,55812.0,21947.64,0.00499
2023-01-04,3.96,4.03,3.93,4.0,66274.14,26482.277,0.005925000000000001
2023-01-05,4.01,4.03,3.96,3.99,52388.13,20851.736,0.004683
2023-01-06,4.0,4.02,3.93,3.95,52418.0,20756.682,0.004686
2023-01-09,4.35,4.35,4.35,4.35,41758.12,18164.782,0.003733
2023-01-10,4.79,4.79,4.79,4.79,34897.8,16716.046,0.00312
2023-01-11,5.27,5.27,5.27,5.27,58505.86,30832.588,0.00523
2023-01-12,5.8,5.8,5.8,5.8,82327.06,47749.695,0.00736
2023-01-13,6.38,6.38,6.09,6.25,1881501.04,1191992.513,0.168204
2023-01-16,5.63,5.77,5.63,5.63,1090650.2,615316.114,0.09750299999999999
2023-01-17,5.38,5.38,5.07,5.08,1201013.97,625346.214,0.107369
2023-01-18,5.09,5.18,5.03,5.06,647842.7,329632.844,0.057915999999999995
2023-01-19,5.0,5.06,4.88,4.88,542398.22,268478.374,0.048490000000000005
2023-01-20,4.92,4.93,4.85,4.91,379829.9,185687.821,0.033956
2023-01-30,5.0,5.29,4.97,5.19,868342.66,447015.008,0.077629
2023-01-31,5.1,5.71,5.06,5.54,913734.86,485867.466,0.081687
2023-02-01,5.3,5.47,5.25,5.44,706812.62,378795.835,0.06318800000000001
2023-02-02,5.4,5.46,5.33,5.35,458971.8,246516.96,0.041031000000000005
2023-02-03,5.32,5.34,5.16,5.24,410855.05,215229.178,0.03673
2023-02-06,5.24,5.3,5.2,5.3,333976.47,175224.464,0.029857
2023-02-07,5.29,5.37,5.23,5.28,341652.34,181128.447,0.030543
2023-02-08,5.24,5.31,5.15,5.16,290399.2,151338.905,0.025960999999999998
2023-02-09,5.17,5.2,5.13,5.19,213726.6,110614.129,0.019107
2023-02-10,5.2,5.22,5.12,5.14,211213.4,109163.283,0.018882
2023-02-13,5.14,5.16,5.09,5.15,174411.11,89349.395,0.015592
2023-02-14,5.19,5.24,5.14,5.17,219196.72,113645.881,0.019596
2023-02-15,5.17,5.22,5.13,5.18,158494.8,81845.216,0.014169000000000001
2023-02-16,5.17,5.28,5.03,5.05,377897.92,195714.129,0.033784
2023-02-17,5.05,5.18,5.05,5.08,240971.13,123153.709,0.021542
2023-02-20,5.08,5.24,5.07,5.24,240454.35,124605.78,0.021496
2023-02-21,5.3,5.34,5.18,5.24,266157.3,139776.821,0.023794
2023-02-22,5.18,5.24,5.13,5.23,179528.2,93071.255,0.01605
2023-02-23,5.24,5.25,5.18,5.25,165040.94,86295.774,0.014754
2023-02-24,5.24,5.24,5.13,5.2,140790.12,72839.578,0.012586
2023-02-27,5.21,5.23,5.13,5.14,106827.79,55209.348,0.00955
2023-02-28,5.14,5.22,5.14,5.22,128151.83,66487.251,0.011457
2023-03-01,5.19,5.25,5.18,5.25,122039.4,63758.204,0.01091
2023-03-02,5.24,5.29,5.21,5.23,121284.8,63609.307,0.010843
2023-03-03,5.25,5.29,5.22,5.25,138561.92,72828.352,0.012386999999999999
2023-03-06,5.25,5.25,5.15,5.19,124915.0,64707.937,0.011167
2023-03-07,5.17,5.21,5.08,5.09,103080.56,53006.116,0.009215
2023-03-08,5.07,5.16,5.07,5.15,87916.01,45026.223,0.00786
2023-03-09,5.16,5.17,5.07,5.09,96507.0,49196.648,0.008628
2023-03-10,5.06,5.07,5.0,5.04,95944.36,48323.707,0.008577
2023-03-13,5.01,5.04,4.96,5.02,112394.0,56116.438,0.010048
2023-03-14,5.01,5.02,4.9,4.96,84790.0,42059.328,0.00758
2023-03-15,4.97,5.03,4.96,5.0,89483.6,44713.777,0.008
2023-03-16,4.98,5.01,4.91,4.91,95440.0,47325.41,0.008532
2023-03-17,4.94,5.02,4.94,5.01,90445.0,45140.037,0.008086
2023-03-20,5.02,5.38,5.01,5.27,490621.84,256506.556,0.043861
2023-03-21,5.27,5.3,5.16,5.24,221226.46,115282.662,0.019777
2023-03-22,5.21,5.24,5.17,5.22,168601.8,87616.529,0.015073000000000001
2023-03-23,5.2,5.22,5.16,5.22,127299.15,66104.166,0.01138
2023-03-24,5.21,5.22,5.14,5.19,140776.6,72833.162,0.012584999999999999
2023-03-27,5.2,5.2,5.12,5.14,136910.63,70572.564,0.01224
2023-03-28,5.12,5.32,5.05,5.2,280732.9,145532.431,0.025097
2023-03-29,5.15,5.18,5.01,5.03,208848.95,105526.675,0.018671
2023-03-30,5.03,5.03,4.93,4.97,107874.0,53630.673,0.009644
2023-03-31,4.97,5.1,4.95,5.08,121592.4,61397.569,0.01087
2023-04-03,5.06,5.31,5.05,5.28,282963.0,148296.084,0.025297
2023-04-04,5.27,5.38,5.17,5.22,217938.23,114743.836,0.019483
2023-04-06,5.2,5.27,5.11,5.25,143815.01,74985.352,0.012857
2023-04-07,5.25,5.43,5.22,5.37,275767.37,148409.248,0.024653
2023-04-10,5.37,5.65,5.35,5.38,341295.69,186957.744,0.030511
2023-04-11,5.38,5.53,5.31,5.5,213423.26,116376.758,0.01908
2023-04-12,5.51,5.58,5.45,5.53,201968.61,111216.506,0.018056000000000003
2023-04-13,5.49,5.54,5.45,5.47,142884.41,78375.515,0.012774
2023-04-14,5.48,5.51,5.42,5.45,121404.74,66241.788,0.010853
2023-04-17,5.42,5.59,5.36,5.57,188434.96,103546.721,0.016846
2023-04-18,5.6,5.6,5.41,5.43,141447.0,77324.09,0.012645
2023-04-19,5.43,5.45,5.38,5.4,93850.97,50793.595,0.00839
2023-04-20,5.38,5.56,5.36,5.53,146690.49,80505.308,0.013113999999999999
2023-04-21,5.48,5.49,5.19,5.21,230421.63,122731.592,0.020599
2023-04-24,5.3,5.43,5.24,5.3,197312.0,105122.623,0.017639000000000002
2023-04-25,5.31,5.43,5.1,5.19,158839.69,82927.053,0.014199999999999999
2023-04-26,5.17,5.25,5.06,5.21,87145.4,45082.63,0.007791
2023-04-27,5.2,5.28,5.11,5.14,108899.59,56561.898,0.009735
2023-04-28,5.14,5.35,5.11,5.34,130228.89,68751.549,0.011642
2023-05-04,5.55,5.85,5.45,5.73,439153.83,248417.143,0.03926
2023-05-05,5.75,5.98,5.65,5.88,419288.81,243597.991,0.037484
2023-05-08,5.92,5.92,5.7,5.84,265375.0,154158.718,0.023724
2023-05-09,5.81,6.15,5.78,5.94,399231.81,239282.474,0.035691
2023-05-10,5.92,6.13,5.78,5.85,316369.91,187194.545,0.028283
2023-05-11,5.85,5.94,5.71,5.74,247274.31,143286.601,0.022106
2023-05-12,5.71,5.95,5.7,5.72,182914.62,106183.032,0.016352
2023-05-15,5.71,5.82,5.58,5.72,164021.76,93302.319,0.014662999999999999
2023-05-16,5.7,5.83,5.63,5.65,149718.73,85566.228,0.013385000000000001
2023-05-17,5.61,5.71,5.55,5.62,114793.6,64557.362,0.010262
2023-05-18,5.62,5.7,5.5,5.6,138489.22,77475.007,0.012381
2023-05-19,5.61,5.61,5.42,5.44,150910.0,82567.582,0.013491
2023-05-22,5.48,5.49,5.37,5.43,104868.2,56878.335,0.009375
2023-05-23,5.41,5.59,5.41,5.43,183669.0,100521.318,0.01642
2023-05-24,5.44,5.48,5.29,5.33,146321.32,78470.042,0.013081
2023-05-25,5.31,5.33,5.16,5.26,130200.04,68038.951,0.01164
2023-05-26,5.23,5.25,5.11,5.22,90379.0,46807.448,0.00808
2023-05-29,5.2,5.27,5.19,5.22,78762.5,41178.182,0.0070409999999999995
2023-05-30,5.23,5.3,5.15,5.3,106312.8,55780.791,0.009504
2023-05-31,5.28,5.38,5.24,5.26,80338.4,42549.954,0.007181999999999999
2023-06-01,5.3,5.3,5.16,5.17,97036.2,50433.438,0.008675
2023-06-02,5.17,5.69,5.16,5.69,312075.44,172790.242,0.027898999999999997
2023-06-05,5.72,5.81,5.63,5.75,439053.7,251090.403,0.039251
2023-06-06,5.72,6.03,5.71,5.77,484957.19,283971.881,0.043355
2023-06-07,5.81,6.1,5.77,5.92,420741.08,250000.219,0.037614
2023-06-08,5.92,6.04,5.87,5.93,354855.19,211152.332,0.031724
2023-06-09,5.93,6.04,5.82,5.85,305024.2,179357.204,0.027269
2023-06-12,5.86,5.89,5.7,5.8,185449.4,107322.329,0.016579
2023-06-13,5.82,5.96,5.74,5.78,132002.6,76886.681,0.011800999999999999
2023-06-14,5.8,5.89,5.74,5.79,119636.77,69382.23,0.010695
2023-06-15,5.76,6.12,5.75,5.86,322301.0,191096.605,0.028813
2023-06-16,5.86,5.96,5.77,5.85,193275.8,112979.005,0.017279
2023-06-19,5.85,5.86,5.7,5.76,147170.0,84659.915,0.013157
2023-06-20,5.74,5.74,5.54,5.57,174206.0,97480.1,0.015574
2023-06-21,5.58,5.59,5.38,5.4,121934.0,66642.072,0.010901000000000001
2023-06-26,5.35,5.4,5.26,5.28,120348.0,63974.634,0.010759000000000001
2023-06-27,5.28,5.48,5.26,5.47,129933.0,70114.988,0.011616
2023-06-28,5.47,5.53,5.28,5.46,129219.41,69711.478,0.011552
2023-06-29,5.41,5.51,5.37,5.41,88984.01,48288.484,0.007955
2023-06-30,5.4,5.57,5.39,5.53,105857.91,58294.958,0.009464
2023-07-03,5.8,5.84,5.54,5.66,246267.81,139217.627,0.022016
2023-07-04,5.64,5.67,5.43,5.49,158336.0,87393.64,0.014155
2023-07-05,5.46,6.04,5.44,6.04,340787.47,200756.306,0.030466000000000003
2023-07-06,5.98,6.11,5.89,5.93,569022.31,338849.68,0.05087
2023-07-07,5.9,5.94,5.76,5.81,298652.37,174190.613,0.026699
2023-07-10,5.79,5.84,5.69,5.73,182228.15,104537.189,0.016291
2023-07-11,5.78,5.85,5.68,5.69,189049.15,108075.437,0.016901
2023-07-12,5.67,5.67,5.48,5.5,215407.85,119452.214,0.019257
2023-07-13,5.51,5.6,5.48,5.58,194692.8,107959.077,0.017405
2023-07-14,5.56,5.68,5.51,5.6,172367.0,96295.801,0.015408999999999999
2023-07-17,5.52,5.59,5.4,5.57,164649.0,90150.416,0.014719
2023-07-18,5.58,5.63,5.51,5.58,129219.02,72072.442,0.011552
2023-07-19,5.58,5.81,5.56,5.75,306015.0,175465.649,0.027357
2023-07-20,5.72,5.8,5.66,5.7,191457.83,109566.091,0.017116
2023-07-21,5.72,5.85,5.68,5.78,206287.0,119249.099,0.018442
2023-07-24,5.84,5.88,5.65,5.67,187783.0,107140.76,0.016788
2023-07-25,5.73,5.94,5.69,5.88,297968.0,174723.223,0.026638000000000002
2023-07-26,5.84,6.05,5.83,6.03,455015.2,271203.548,0.040678
2023-07-27,5.95,5.96,5.76,5.84,275276.69,161728.77,0.024609000000000002
2023-07-28,5.82,5.94,5.78,5.9,242653.2,142346.281,0.021692999999999997
2023-07-31,5.91,6.28,5.9,6.09,484298.82,296212.446,0.043296
2023-08-01,6.05,6.7,5.95,6.49,869446.48,561109.55,0.077727
2023-08-02,6.49,7.14,6.48,6.75,1068403.39,733641.239,0.09551399999999999
2023-08-03,6.72,6.79,6.42,6.65,692438.38,458647.441,0.061903
2023-08-04,6.77,6.81,6.5,6.56,462347.08,304489.11,0.041333
2023-08-07,6.44,6.45,6.13,6.17,462801.75,288630.621,0.041374
2023-08-08,6.15,6.24,6.02,6.02,249433.45,151874.454,0.022299000000000003
2023-08-09,6.06,6.14,5.9,5.91,241111.51,144550.259,0.021555
2023-08-10,5.91,6.04,5.91,5.98,191274.11,114404.088,0.0171
2023-08-11,6.02,6.09,5.8,5.87,248731.03,147011.951,0.022236
2023-08-14,5.77,5.82,5.61,5.81,196603.2,112847.483,0.017576
2023-08-15,5.8,5.82,5.67,5.71,136331.0,78046.324,0.012188000000000001
2023-08-16,5.7,5.88,5.61,5.79,206664.6,119038.205,0.018476
2023-08-17,5.76,5.83,5.67,5.78,142567.0,82014.914,0.012745
2023-08-18,5.76,5.91,5.62,5.62,192683.4,110711.279,0.017225999999999998
2023-08-21,5.62,5.7,5.59,5.59,111951.6,63192.529,0.010008
2023-08-22,5.6,5.65,5.5,5.62,128994.8,71923.46,0.011532
2023-08-23,5.59,5.63,5.42,5.44,117112.83,64280.449,0.01047
2023-08-24,5.48,5.53,5.35,5.45,117699.59,64011.877,0.010522
2023-08-25,5.44,5.46,5.33,5.35,133610.4,71878.25,0.011944999999999999
2023-08-28,5.72,5.75,5.53,5.58,271455.4,153574.95,0.024268
2023-08-29,5.55,5.8,5.51,5.8,223020.0,126771.592,0.019938
2023-08-30,5.69,5.7,5.31,5.34,439448.59,238247.517,0.039286
2023-08-31,5.31,5.33,4.98,5.0,317470.66,161197.98,0.028381
2023-09-01,5.02,5.08,4.94,4.96,165176.03,82476.962,0.014766999999999999
2023-09-04,5.03,5.12,5.01,5.07,224362.58,113624.472,0.020058
2023-09-05,5.02,5.04,4.91,4.92,181418.0,89756.434,0.016218999999999997
2023-09-06,4.91,5.0,4.86,4.97,137730.0,68051.37,0.012313000000000001
2023-09-07,4.94,5.03,4.9,4.91,127513.13,63221.256,0.011399999999999999
2023-09-08,4.88,4.89,4.82,4.86,103317.43,50132.832,0.009236
2023-09-11,4.86,4.89,4.81,4.88,79588.4,38651.483,0.007115
2023-09-12,4.87,4.94,4.84,4.91,88780.0,43591.385,0.007937
2023-09-13,4.89,4.94,4.83,4.86,82402.55,40217.74,0.007367
2023-09-14,4.85,4.85,4.75,4.79,93187.63,44713.571,0.008331
2023-09-15,4.83,4.86,4.79,4.85,94002.98,45427.465,0.008404
2023-09-18,4.84,4.87,4.8,4.85,83236.0,40227.286,0.007441
2023-09-19,4.83,4.9,4.82,4.83,76156.69,36978.091,0.006808
2023-09-20,4.82,4.88,4.8,4.84,55761.0,27008.477,0.004985
2023-09-21,4.84,4.87,4.76,4.76,73402.4,35227.949,0.006562
2023-09-22,4.71,4.84,4.71,4.84,73837.02,35424.813,0.006601
2023-09-25,4.82,4.84,4.71,4.73,96244.77,45713.332,0.008604
2023-09-26,4.72,4.74,4.66,4.67,69823.6,32775.657,0.006242
2023-09-27,4.66,4.72,4.65,4.66,54746.4,25693.738,0.004894
2023-09-28,4.68,4.74,4.67,4.73,61336.83,28838.792,0.005483
2023-10-09,4.71,4.71,4.57,4.59,87629.47,40457.199,0.007834
2023-10-10,4.59,4.63,4.53,4.55,73743.54,33596.094,0.006593
2023-10-11,4.55,4.58,4.53,4.56,55825.58,25431.586,0.004991
2023-10-12,4.56,4.64,4.54,4.63,75002.0,34417.439,0.006705
2023-10-13,4.63,4.63,4.48,4.49,79668.0,36073.408,0.007122000000000001
2023-10-16,4.49,4.51,4.42,4.44,86592.0,38501.638,0.0077410000000000005
2023-10-17,4.43,4.46,4.39,4.44,75069.0,33221.529,0.006711
2023-10-18,4.43,4.46,4.36,4.38,80098.68,35173.835,0.007161
2023-10-19,4.39,4.46,4.33,4.35,60305.84,26536.368,0.005391
2023-10-20,4.34,4.45,4.33,4.39,80622.13,35497.639,0.007208
2023-10-23,4.38,4.38,4.24,4.27,89616.36,38482.766,0.008012
2023-10-24,4.24,4.41,4.23,4.4,100801.48,43906.918,0.009012
2023-10-25,4.44,4.52,4.41,4.46,107609.73,48203.213,0.00962
2023-10-26,4.46,4.46,4.38,4.43,78599.0,34686.82,0.007027
2023-10-27,4.4,4.49,4.39,4.45,91446.0,40754.242,0.008175
2023-10-30,4.36,4.44,4.33,4.4,90162.6,39627.327,0.008060000000000001
2023-10-31,4.41,4.47,4.38,4.45,115738.0,51255.264,0.010347
2023-11-01,4.44,4.55,4.42,4.54,104535.0,47050.787,0.009345
2023-11-02,4.54,4.54,4.44,4.46,80951.0,36260.637,0.007237
2023-11-03,4.45,4.48,4.42,4.45,66288.32,29536.425,0.005926
2023-11-06,4.47,4.6,4.46,4.57,98784.73,44925.437,0.008831
2023-11-07,4.59,4.65,4.51,4.63,95095.41,43759.297,0.008501
2023-11-08,4.59,4.7,4.59,4.65,94618.2,43985.186,0.008459
2023-11-09,4.64,4.71,4.6,4.6,72825.47,33842.508,0.00651
2023-11-10,4.58,4.6,4.53,4.59,52440.15,23919.796,0.004688
2023-11-13,4.57,4.62,4.56,4.61,45568.15,20932.978,0.0040739999999999995
2023-11-14,4.61,4.69,4.59,4.68,73258.5,34140.049,0.006549
2023-11-15,4.68,4.73,4.63,4.64,69844.15,32627.906,0.0062439999999999996
2023-11-16,4.62,4.67,4.58,4.64,45352.0,20991.192,0.0040539999999999994
2023-11-17,4.62,4.68,4.58,4.66,57643.4,26673.976,0.005153
2023-11-20,5.13,5.13,5.13,5.13,81838.95,41983.381,0.0073160000000000005
2023-11-21,5.64,5.64,5.64,5.64,204318.53,115235.651,0.018266
2023-11-22,6.2,6.2,5.39,5.39,1297704.53,763666.65,0.116013
2023-11-23,5.29,5.43,5.03,5.26,874074.64,455586.291,0.078141
2023-11-24,5.18,5.34,5.0,5.01,646256.23,333675.05,0.057774
2023-11-27,4.98,4.99,4.79,4.85,464665.15,225724.313,0.04154
2023-11-28,4.85,4.92,4.83,4.88,283054.51,138204.511,0.025305
2023-11-29,4.88,4.9,4.77,4.81,219880.6,106087.367,0.019657
2023-11-30,4.78,4.86,4.77,4.82,184499.8,88743.704,0.016493999999999998
2023-12-01,4.94,5.13,4.86,4.98,568775.17,283590.288,0.050848000000000004
2023-12-04,4.94,5.04,4.92,4.96,311509.26,154963.913,0.027849
2023-12-05,4.98,5.07,4.91,4.97,309905.11,155160.989,0.027705
2023-12-06,4.95,5.05,4.92,5.03,251808.24,126188.477,0.022511
2023-12-07,5.03,5.06,4.96,5.06,219770.75,110347.551,0.019646999999999998
2023-12-08,5.01,5.03,4.86,4.87,235173.93,115887.744,0.021023999999999998
2023-12-11,4.83,4.92,4.79,4.91,171802.81,83497.05,0.015359000000000001
2023-12-12,4.88,5.04,4.88,5.02,190050.0,94819.029,0.01699
2023-12-13,5.01,5.03,4.95,4.96,155315.0,77480.691,0.013885000000000002
2023-12-14,4.98,5.02,4.95,4.96,126040.8,62845.655,0.011268
2023-12-15,5.02,5.08,4.96,4.98,162309.01,81345.13,0.01451
2023-12-18,4.97,5.03,4.87,4.88,112684.25,55555.679,0.010074000000000001
2023-12-19,4.89,4.91,4.78,4.82,114973.4,55584.72,0.010278
2023-12-20,4.82,4.84,4.72,4.75,104957.55,50237.928,0.009383
2023-12-21,4.71,4.77,4.65,4.73,116880.74,55035.841,0.010449
2023-12-22,4.72,4.75,4.58,4.59,109093.4,50603.965,0.009753
2023-12-25,4.59,4.59,4.53,4.56,81194.0,36976.061,0.007259
2023-12-26,4.57,4.58,4.47,4.48,77231.0,34823.306,0.006904
2023-12-27,4.49,4.55,4.46,4.51,77893.24,35145.738,0.006964000000000001
2023-12-28,4.51,4.58,4.47,4.53,147760.13,67059.754,0.01321
2023-12-29,4.54,4.56,4.46,4.47,217292.0,97360.713,0.019426000000000002
2024-01-02,4.48,4.49,4.39,4.42,151395.0,66944.883,0.013534999999999998
2024-01-03,4.42,4.48,4.4,4.44,133242.0,59174.776,0.011912
2024-01-04,4.44,4.45,4.37,4.41,103700.0,45647.742,0.009271
2024-01-05,4.4,4.46,4.34,4.36,126281.0,55634.368,0.011289
2024-01-08,4.37,4.4,4.29,4.29,94492.88,40980.61,0.008448
2024-01-09,4.31,4.37,4.29,4.34,83773.83,36315.21,0.007489
2024-01-10,4.32,4.35,4.27,4.29,65674.61,28269.387,0.0058709999999999995
2024-01-11,4.28,4.36,4.27,4.34,88757.0,38232.93,0.007935
2024-01-12,4.33,4.38,4.31,4.32,79357.61,34485.168,0.0070940000000000005
2024-01-15,4.31,4.37,4.27,4.35,78551.0,34003.935,0.0070220000000000005
2024-01-16,4.35,4.39,4.23,4.31,101141.8,43388.187,0.009042
2024-01-17,4.29,4.29,4.19,4.2,78727.0,33434.258,0.007038
2024-01-18,4.18,4.2,4.04,4.16,115195.4,47479.895,0.010298
2024-01-19,4.14,4.22,4.13,4.17,78463.0,32820.813,0.007014
2024-01-22,4.17,4.17,3.9,3.96,101421.6,40889.316,0.009066999999999999
2024-01-23,3.92,4.02,3.86,3.99,89194.6,35219.595,0.007974
2024-01-24,4.01,4.17,3.98,4.16,141695.2,57939.239,0.012667
2024-01-25,4.17,4.39,4.16,4.37,162731.7,69916.565,0.014548
2024-01-26,4.39,4.56,4.37,4.51,221283.96,99424.773,0.019782
2024-01-29,4.48,4.52,4.27,4.3,192149.3,84259.128,0.017178
2024-01-30,4.24,4.28,4.1,4.1,118860.4,49888.217,0.010626
2024-01-31,4.11,4.15,3.86,3.89,117278.0,46784.765,0.010484
2024-02-01,3.87,3.87,3.66,3.77,148998.4,56079.002,0.01332
2024-02-02,3.76,3.91,3.53,3.68,149356.0,55617.75,0.013352
2024-02-05,3.65,3.66,3.31,3.31,192129.0,64252.86,0.017176
2024-02-06,3.18,3.39,2.98,3.2,222607.13,69756.852,0.019901
2024-02-07,3.21,3.25,2.97,3.02,228538.0,70185.841,0.020430999999999998
2024-02-08,3.08,3.3,2.98,3.27,217782.05,68048.361,0.019469
2024-02-19,3.33,3.52,3.31,3.49,206591.2,70875.4,0.018469
2024-02-20,3.49,3.51,3.39,3.5,105874.0,36667.077,0.009465
2024-02-21,3.46,3.69,3.44,3.57,135110.83,48517.377,0.012079
2024-02-22,3.56,3.93,3.55,3.78,273609.57,103427.618,0.024460000000000003
2024-02-23,3.74,3.85,3.7,3.78,218194.0,82027.612,0.019506
2024-02-26,3.73,3.82,3.72,3.77,161146.0,60598.634,0.014406
2024-02-27,3.73,3.85,3.71,3.85,132343.07,50407.197,0.011831000000000001
2024-02-28,3.86,3.96,3.6,3.61,202762.07,76963.913,0.018127
2024-02-29,3.6,3.75,3.56,3.74,129783.0,47989.338,0.011602
2024-03-01,3.74,3.93,3.7,3.88,168120.28,63963.604,0.015029999999999998
2024-03-04,3.88,3.88,3.73,3.84,126040.14,47853.978,0.011268
2024-03-05,3.78,3.82,3.7,3.72,106812.8,39977.732,0.009549
2024-03-06,3.71,3.78,3.66,3.77,95854.4,35759.921,0.008569
2024-03-07,4.15,4.15,4.15,4.15,93136.8,38651.772,0.008326
2024-03-08,4.45,4.45,4.15,4.15,666440.35,286514.746,0.05957900000000001
2024-03-11,4.0,4.34,3.95,4.2,501932.81,207615.449,0.044871999999999995
2024-03-12,4.27,4.3,4.14,4.19,337462.8,141734.167,0.030169
2024-03-13,4.16,4.2,4.06,4.08,221088.88,90642.711,0.019764999999999998
2024-03-14,4.06,4.1,3.96,4.01,162310.6,65311.659,0.01451
2024-03-15,3.99,4.03,3.95,4.02,111935.14,44669.911,0.010006999999999999
2024-03-18,4.01,4.08,4.0,4.07,120516.74,48588.601,0.010773999999999999
2024-03-19,4.06,4.12,4.04,4.06,109599.13,44709.862,0.009798
2024-03-20,4.07,4.12,4.06,4.1,99428.3,40653.999,0.008889000000000001
2024-03-21,4.11,4.14,4.07,4.12,111876.01,45940.486,0.010002
2024-03-22,4.12,4.13,3.99,4.05,107366.01,43373.763,0.009598
2024-03-25,4.04,4.17,4.0,4.01,137089.26,55888.923,0.012256
2024-03-26,3.99,4.11,3.98,4.11,151043.97,61216.435,0.013503000000000001
2024-03-27,4.09,4.1,3.96,3.97,120618.57,48317.909,0.010783000000000001
2024-03-28,3.96,4.06,3.96,4.03,96821.64,38905.939,0.008656
2024-03-29,4.03,4.03,3.96,3.98,71112.8,28371.346,0.006357000000000001
2024-04-01,3.98,4.05,3.97,4.05,71562.7,28787.987,0.006398
2024-04-02,4.04,4.08,4.01,4.05,82705.0,33445.176,0.0073939999999999995
2024-04-03,4.04,4.04,3.96,4.0,69018.54,27558.452,0.00617
2024-04-08,3.99,3.99,3.87,3.88,77142.0,30274.036,0.006896
2024-04-09,3.85,3.92,3.82,3.89,60680.4,23524.779,0.005425
2024-04-10,3.89,3.89,3.72,3.75,110193.29,41616.04,0.009851
2024-04-11,3.72,3.78,3.7,3.7,79310.0,29630.192,0.00709
2024-04-12,3.72,3.74,3.64,3.65,59423.0,21891.425,0.005312
2024-04-15,3.68,3.69,3.45,3.51,89216.4,31555.518,0.007976
2024-04-16,3.48,3.49,3.28,3.28,95755.01,32074.671,0.00856
2024-04-17,3.3,3.49,3.3,3.48,80767.59,27761.51,0.007221
2024-04-18,3.48,3.5,3.41,3.42,74790.2,25824.902,0.006686
2024-04-19,3.41,3.46,3.35,3.37,50319.81,17071.35,0.004499
2024-04-22,3.34,3.4,3.3,3.37,59851.7,20110.124,0.005351
2024-04-23,3.37,3.49,3.36,3.4,63554.36,21720.426,0.005682
2024-04-24,3.4,3.44,3.39,3.43,50626.36,17291.171,0.004526
2024-04-25,3.42,3.5,3.41,3.48,55574.46,19296.24,0.004968
2024-04-26,3.49,3.62,3.45,3.6,91529.1,32510.654,0.008183000000000001
2024-04-29,3.53,3.83,3.5,3.8,156778.18,58572.771,0.014015999999999999
2024-04-30,3.82,3.88,3.74,3.78,163354.01,62083.897,0.014603999999999999
2024-05-06,3.88,3.95,3.8,3.81,108891.38,42009.365,0.009735
2024-05-07,3.81,3.88,3.76,3.87,97027.01,37085.625,0.008674
2024-05-08,3.87,4.04,3.82,3.89,169869.99,66303.557,0.015186
2024-05-09,3.88,3.95,3.85,3.89,149588.89,58240.051,0.013373
2024-05-10,3.91,3.99,3.84,3.96,153418.0,60241.114,0.013715
2024-05-13,3.9,3.95,3.87,3.88,113252.0,44195.643,0.010125
2024-05-14,3.88,3.93,3.85,3.88,77898.29,30233.78,0.006964000000000001
2024-05-15,3.88,3.97,3.85,3.91,122826.44,48224.486,0.010981000000000001
2024-05-16,3.9,4.07,3.9,4.04,178269.19,71436.693,0.015937
2024-05-17,4.06,4.22,3.99,4.21,324679.0,133525.239,0.029026
2024-05-20,4.18,4.18,4.07,4.1,219597.07,90394.333,0.019632
2024-05-21,4.08,4.16,4.06,4.08,121513.07,49772.974,0.010863000000000001
2024-05-22,4.06,4.21,4.06,4.13,212693.4,88365.785,0.019015
2024-05-23,4.08,4.12,3.99,4.02,161341.0,65192.598,0.014424
2024-05-24,4.02,4.05,3.94,3.96,116336.42,46498.249,0.0104
2024-05-27,3.95,4.0,3.87,3.95,87975.6,34382.437,0.007865
2024-05-28,3.95,3.99,3.87,3.87,79898.0,31317.046,0.007143
2024-05-29,3.89,3.99,3.87,3.92,71855.0,28271.475,0.006424
2024-05-30,3.88,3.9,3.78,3.81,76446.0,29265.388,0.006834
2024-05-31,3.84,3.89,3.79,3.86,66391.0,25517.472,0.005935
2024-06-03,3.84,3.87,3.67,3.72,103020.07,38515.499,0.009210000000000001
2024-06-04,3.72,3.74,3.62,3.69,73423.0,27019.254,0.0065639999999999995
2024-06-05,3.68,3.69,3.54,3.56,85027.4,30534.187,0.007601
2024-06-06,3.54,3.6,3.31,3.36,128185.51,43788.48,0.01146
2024-06-07,3.39,3.68,3.38,3.58,187914.45,66786.726,0.016798999999999998
2024-06-11,3.49,3.6,3.46,3.51,118480.2,41731.371,0.010591999999999999
2024-06-12,3.46,3.56,3.43,3.54,90823.27,32017.299,0.008119
2024-06-13,3.56,3.59,3.46,3.48,70655.46,24694.105,0.0063170000000000006
2024-06-14,3.45,3.57,3.44,3.56,86850.8,30573.795,0.007764
2024-06-17,3.53,3.53,3.43,3.49,93769.8,32505.234,0.008383
2024-06-18,3.46,3.52,3.46,3.49,70067.0,24413.535,0.006264
2024-06-19,3.5,3.5,3.44,3.46,58241.0,20182.152,0.005207000000000001
2024-06-20,3.45,3.46,3.36,3.37,66010.0,22481.085,0.005901
2024-06-21,3.37,3.42,3.35,3.36,44301.0,14977.406,0.00396
2024-06-24,3.32,3.34,3.2,3.21,89378.2,29056.384,0.00799
2024-06-25,3.23,3.34,3.2,3.27,95898.67,31341.842,0.008572999999999999
2024-06-26,3.27,3.39,3.24,3.38,70426.63,23427.351,0.006296
2024-06-27,3.38,3.43,3.31,3.33,65543.84,22027.442,0.00586
2024-06-28,3.32,3.38,3.28,3.29,66133.0,22063.907,0.005912
2024-07-01,3.29,3.44,3.29,3.42,87646.0,29674.425,0.007835
2024-07-02,3.42,3.56,3.41,3.48,81250.81,28457.38,0.0072640000000000005
2024-07-03,3.49,3.61,3.46,3.53,88693.01,31469.5,0.007929
2024-07-04,3.54,3.55,3.36,3.38,79043.63,27134.646,0.007066
2024-07-05,3.38,3.43,3.33,3.38,61707.0,20865.316,0.005516999999999999
2024-07-08,3.3,3.31,3.08,3.13,143132.45,45302.497,0.012796
2024-07-09,3.15,3.2,3.02,3.11,118081.4,36520.532,0.010556000000000001
2024-07-10,3.09,3.11,3.02,3.05,60214.4,18441.186,0.005383
2024-07-11,3.09,3.22,3.09,3.21,96259.0,30513.055,0.008605
2024-07-12,3.21,3.34,3.19,3.22,98839.0,32342.771,0.008836
2024-07-15,3.22,3.22,3.11,3.14,68865.0,21640.296,0.006156
2024-07-16,3.13,3.17,3.1,3.16,56605.0,17758.971,0.00506
2024-07-17,3.15,3.22,3.15,3.18,69004.0,22004.571,0.006169
2024-07-18,3.2,3.2,3.1,3.17,52720.55,16565.685,0.004713
2024-07-19,3.16,3.16,3.07,3.12,66461.55,20674.981,0.005941999999999999
2024-07-22,3.11,3.14,3.08,3.13,49900.21,15539.402,0.004461
2024-07-23,3.12,3.2,3.09,3.1,56658.0,17850.34,0.005064999999999999
2024-07-24,3.1,3.11,3.04,3.05,56442.0,17319.682,0.005046
2024-07-25,3.03,3.1,3.03,3.07,58800.42,18036.914,0.0052569999999999995
2024-07-26,3.08,3.14,3.07,3.1,67884.45,21073.432,0.006069
2024-07-29,3.1,3.14,3.04,3.1,49596.0,15319.493,0.0044340000000000004
2024-07-30,3.08,3.19,3.08,3.18,77392.0,24368.594,0.006919
2024-07-31,3.19,3.3,3.18,3.29,78941.09,25702.24,0.007057
2024-08-01,3.31,3.33,3.27,3.29,61569.0,20240.044,0.005504
2024-08-02,3.26,3.32,3.25,3.25,55644.0,18250.331,0.004974
2024-08-05,3.22,3.31,3.16,3.17,77255.0,25006.243,0.006906
2024-08-06,3.2,3.25,3.17,3.22,67699.0,21681.642,0.006051999999999999
2024-08-07,3.22,3.23,3.16,3.17,64902.8,20611.853,0.005802000000000001
2024-08-08,3.17,3.29,3.13,3.23,96394.2,30867.844,0.008618
2024-08-09,3.23,3.33,3.21,3.24,105698.0,34683.823,0.009448999999999999
2024-08-12,3.23,3.25,3.09,3.1,122983.0,38605.171,0.010995
2024-08-13,3.09,3.11,3.03,3.1,83414.48,25646.317,0.007457
2024-08-14,3.08,3.12,3.05,3.05,65553.09,20115.417,0.00586
2024-08-15,3.04,3.14,3.02,3.13,110633.67,34217.517,0.009891
2024-08-16,3.13,3.16,3.07,3.09,78940.0,24444.305,0.007057
2024-08-19,3.1,3.11,3.05,3.07,74856.09,23045.212,0.006692
2024-08-20,3.06,3.09,3.0,3.02,80888.58,24468.954,0.007231
2024-08-21,3.04,3.04,2.97,2.99,68303.5,20453.515,0.006106
2024-08-22,2.99,3.01,2.93,2.93,72892.44,21611.851,0.006515999999999999
2024-08-23,2.94,2.94,2.86,2.89,66486.0,19229.733,0.0059440000000000005
2024-08-26,2.89,3.01,2.87,2.95,80544.0,23788.508,0.007201
2024-08-27,2.94,2.94,2.82,2.84,99985.2,28597.092,0.008939
2024-08-28,2.86,2.88,2.79,2.83,60847.86,17243.313,0.00544
2024-08-29,2.84,2.86,2.8,2.85,50633.0,14350.985,0.004527
2024-08-30,2.82,3.04,2.82,2.96,138479.53,40929.164,0.01238
2024-09-02,2.98,3.0,2.91,2.92,83724.74,24667.249,0.007485
2024-09-03,2.9,2.98,2.89,2.96,60671.09,17871.271,0.005424
2024-09-04,2.95,3.02,2.91,2.91,75603.0,22332.755,0.006758999999999999
2024-09-05,2.92,3.05,2.92,3.0,83764.58,25160.852,0.007488
2024-09-06,2.97,3.04,2.97,2.98,64789.0,19422.707,0.005792
2024-09-09,2.98,3.04,2.92,3.03,84426.45,25381.462,0.007548
2024-09-10,3.04,3.04,2.93,2.97,82359.0,24420.011,0.007363
2024-09-11,2.94,2.98,2.92,2.94,50750.83,14967.393,0.004537
2024-09-12,2.96,3.03,2.94,2.99,76176.46,22847.297,0.00681
2024-09-13,3.29,3.29,3.29,3.29,75046.24,24690.213,0.0067090000000000006
2024-09-18,3.48,3.62,3.26,3.62,583703.52,200469.483,0.052182000000000006
2024-09-19,3.62,3.98,3.5,3.98,454007.74,173148.544,0.040588
2024-09-20,4.0,4.38,3.89,4.38,1296572.82,553240.131,0.115912
2024-09-23,4.05,4.69,3.94,3.97,1465444.67,608453.244,0.131009
2024-09-24,3.98,4.37,3.74,4.04,1259512.34,518593.388,0.112599
2024-09-25,3.8,4.31,3.8,4.29,1343131.27,549685.117,0.120074
2024-09-26,4.05,4.48,4.01,4.36,1222261.43,518277.671,0.109269
2024-09-27,4.38,4.44,4.2,4.31,850312.42,368010.87,0.076017
2024-09-30,4.59,4.67,4.19,4.66,1272814.32,571345.93,0.113788
2024-10-08,5.08,5.08,4.44,4.68,1141289.05,545454.202,0.10203
2024-10-09,4.47,4.5,4.21,4.21,500039.0,213255.003,0.044703
2024-10-10,4.07,4.18,3.9,4.1,424973.64,171938.436,0.037992
2024-10-11,4.08,4.17,3.95,4.0,273048.6,111456.934,0.024409999999999998
2024-10-14,4.08,4.19,4.02,4.17,308046.26,126856.062,0.027538999999999998
2024-10-15,4.1,4.46,4.04,4.24,479126.81,204931.107,0.042832999999999996
2024-10-16,4.35,4.39,4.22,4.34,427039.01,184043.028,0.038176999999999996
2024-10-17,4.3,4.33,4.12,4.13,399087.61,168286.628,0.035678
2024-10-18,4.09,4.3,4.01,4.24,405621.95,169624.752,0.036261999999999996
2024-10-21,4.21,4.65,4.2,4.49,610184.63,273876.767,0.05455
2024-10-22,4.48,4.61,4.37,4.51,388600.86,173666.934,0.03474
2024-10-23,4.5,4.92,4.45,4.71,600873.67,283004.193,0.053716999999999994
2024-10-24,4.67,5.18,4.64,5.18,818298.0,410323.414,0.073155
2024-10-25,5.35,5.7,5.3,5.7,989000.02,550778.361,0.088415
2024-10-28,5.81,6.27,5.56,6.27,1307163.59,778761.351,0.116859
2024-10-29,6.0,6.25,5.7,5.82,1135399.74,672162.186,0.101503
2024-10-30,5.55,5.6,5.37,5.47,838060.33,457259.317,0.074921
2024-10-31,5.41,5.74,5.41,5.55,742220.21,415913.752,0.066353
2024-11-01,5.48,5.6,5.0,5.08,773397.05,403673.543,0.06914100000000001
2024-11-04,4.97,5.06,4.88,5.03,360811.2,179356.263,0.032256
2024-11-05,4.99,5.19,4.97,5.09,459871.6,234405.843,0.041112
2024-11-06,5.06,5.15,4.99,5.06,446412.4,226395.349,0.039909
2024-11-07,5.06,5.28,4.98,5.24,491876.6,254954.262,0.043973000000000005
2024-11-08,5.26,5.33,5.09,5.13,540374.03,279244.676,0.048309
2024-11-11,5.14,5.3,5.06,5.27,470192.44,244144.775,0.042035
2024-11-12,5.27,5.27,5.02,5.08,392373.0,201101.185,0.035078
2024-11-13,5.05,5.12,4.94,5.1,270790.86,136026.158,0.024207999999999997
2024-11-14,5.19,5.23,4.83,4.85,313060.42,157051.585,0.027987
2024-11-15,4.79,4.85,4.55,4.58,316401.4,149025.746,0.028286
2024-11-18,4.7,5.04,4.7,5.04,377866.01,185675.252,0.033781
2024-11-19,5.05,5.05,4.65,4.85,514841.84,247909.425,0.046026
2024-11-20,4.78,4.92,4.67,4.89,325618.81,156568.487,0.02911
2024-11-21,4.84,5.02,4.81,4.89,258793.41,126778.049,0.023136
2024-11-22,4.85,4.93,4.68,4.69,239905.4,115444.28,0.021446999999999997
2024-11-25,4.75,5.02,4.68,4.78,338125.0,163796.869,0.030228
2024-11-26,4.76,5.0,4.72,4.95,400105.95,195596.223,0.035769
2024-11-27,4.9,4.92,4.65,4.85,314976.6,150613.26,0.028158
2024-11-28,4.93,5.34,4.91,5.29,1091932.39,574944.261,0.097617
2024-11-29,5.11,5.17,4.96,5.04,816547.47,413200.327,0.07299800000000001
2024-12-02,5.04,5.17,4.97,5.13,488884.53,249769.534,0.043705999999999995
2024-12-03,5.11,5.41,5.07,5.35,712892.2,375303.709,0.063732
2024-12-04,5.32,5.6,5.23,5.42,705803.4,383336.196,0.063098
2024-12-05,5.4,5.4,5.24,5.32,390719.6,206719.37,0.034929999999999996
2024-12-06,5.32,5.38,5.2,5.32,349671.0,184668.97,0.031259999999999996
2024-12-09,5.32,5.33,5.11,5.14,312815.1,161833.438,0.027965
2024-12-10,5.36,5.39,5.14,5.16,380146.08,200094.967,0.033985
2024-12-11,5.16,5.3,5.11,5.2,277497.28,145089.767,0.024808
2024-12-12,5.18,5.28,5.12,5.28,279634.62,146039.145,0.024998999999999997
2024-12-13,5.22,5.22,5.08,5.09,319052.82,163295.426,0.028523
2024-12-16,5.09,5.19,5.01,5.06,185703.22,94500.244,0.016602
2024-12-17,5.03,5.05,4.79,4.8,219510.2,107119.298,0.019624
2024-12-18,4.82,4.98,4.7,4.89,164497.0,80339.364,0.014705999999999999
2024-12-19,4.8,4.97,4.76,4.94,158845.28,77822.33,0.014200999999999998
2024-12-20,4.92,4.95,4.88,4.93,126157.0,61976.507,0.011278
2024-12-23,4.91,4.91,4.54,4.57,230049.0,107840.482,0.020566
2024-12-24,4.6,4.62,4.46,4.57,139864.8,63489.112,0.012504
2024-12-25,4.57,4.58,4.39,4.46,126783.0,56568.733,0.011334
2024-12-26,4.48,4.53,4.46,4.51,89719.91,40384.786,0.008021
2024-12-27,4.51,4.65,4.47,4.56,115892.7,53157.114,0.010361
2024-12-30,4.49,4.55,4.4,4.45,107236.0,47651.073,0.009587
2024-12-31,4.45,4.51,4.38,4.38,104455.0,46353.477,0.009337999999999999
2025-01-02,4.35,4.5,4.32,4.35,116000.4,51211.813,0.010369999999999999
2025-01-03,4.33,4.37,4.15,4.15,145580.4,61713.31,0.013015
2025-01-06,4.1,4.2,4.0,4.12,103553.0,42575.607,0.009257
2025-01-07,4.12,4.21,4.09,4.21,112102.18,46577.89,0.010022
2025-01-08,4.22,4.25,4.08,4.21,102870.6,42931.524,0.009196
2025-01-09,4.18,4.27,4.16,4.21,87790.62,37039.494,0.007848
2025-01-10,4.2,4.23,4.05,4.05,88505.0,36643.1,0.007912
2025-01-13,4.02,4.12,3.91,4.1,88668.0,35770.53,0.007927
2025-01-14,4.13,4.22,4.1,4.22,104852.4,43725.656,0.009374
2025-01-15,4.22,4.27,4.14,4.25,100272.0,42191.401,0.008964
2025-01-16,4.23,4.34,4.22,4.26,79300.0,33876.925,0.007089
2025-01-17,4.24,4.26,4.15,4.21,86874.0,36543.018,0.0077659999999999995
2025-01-20,3.98,4.24,3.95,4.17,186996.24,76650.945,0.016717
2025-01-21,4.17,4.24,4.04,4.05,156079.2,64496.144,0.013953
2025-01-22,4.02,4.06,3.95,3.98,110104.31,43917.775,0.009843
2025-01-23,4.03,4.12,3.98,3.98,116893.0,47307.777,0.01045
2025-01-24,3.98,4.02,3.93,3.98,102552.4,40843.501,0.009167999999999999
2025-01-27,4.0,4.1,3.93,3.93,94137.8,37678.248,0.008416
2025-02-05,3.95,4.06,3.95,4.05,99879.02,40174.016,0.008929
2025-02-06,4.04,4.08,3.94,4.07,122378.1,49223.9,0.01094
2025-02-07,4.08,4.21,4.06,4.17,153138.0,63744.281,0.01369
2025-02-10,4.25,4.43,4.2,4.4,216614.42,94182.164,0.019365
2025-02-11,4.42,4.47,4.27,4.46,192840.0,83953.507,0.01724
2025-02-12,4.91,4.91,4.69,4.71,607484.29,292780.315,0.054307999999999995
2025-02-13,4.55,5.18,4.46,5.18,764302.85,376762.027,0.068328
2025-02-14,5.18,5.5,4.96,4.99,941739.97,488464.843,0.08419
2025-02-17,4.8,4.89,4.69,4.76,533012.74,254641.006,0.047651000000000006
2025-02-18,4.82,4.83,4.6,4.62,347909.0,163579.383,0.031103000000000002
2025-02-19,4.58,4.71,4.58,4.69,263425.55,122092.635,0.02355
2025-02-20,4.62,4.66,4.6,4.63,181726.4,84073.358,0.016246
2025-02-21,4.64,4.71,4.53,4.66,192868.55,89154.61,0.017242
2025-02-24,4.64,4.73,4.62,4.66,172867.34,80823.032,0.015454
2025-02-25,4.62,4.71,4.58,4.67,187642.15,87696.931,0.016774999999999998
2025-02-26,4.67,4.74,4.63,4.69,172435.01,80893.246,0.015415000000000002
2025-02-27,4.71,4.79,4.6,4.69,249720.0,117698.381,0.022324999999999998
2025-02-28,4.66,4.66,4.4,4.41,288210.0,129550.344,0.025766
2025-03-03,4.41,4.5,4.38,4.41,157185.0,69744.078,0.014052
2025-03-04,4.39,4.42,4.35,4.4,143800.41,63074.501,0.012856000000000001
2025-03-05,4.42,4.42,4.25,4.35,167597.25,72247.233,0.014983
2025-03-06,4.37,4.71,4.34,4.51,300781.6,135504.804,0.026889
2025-03-07,4.45,4.48,4.35,4.36,210549.2,92388.744,0.018823
2025-03-10,4.39,4.42,4.32,4.37,109975.0,47960.852,0.009832
2025-03-11,4.32,4.66,4.28,4.49,340717.2,153170.036,0.030459999999999997
2025-03-12,4.45,4.68,4.45,4.57,373139.61,170484.665,0.033358
2025-03-13,4.56,4.57,4.45,4.49,155128.21,69834.637,0.013868
2025-03-14,4.5,4.56,4.46,4.53,175835.81,79388.951,0.015719
2025-03-17,4.53,4.57,4.49,4.51,135725.7,61335.003,0.012134
2025-03-18,4.52,4.52,4.44,4.46,105355.0,47052.717,0.009419
2025-03-19,4.45,4.5,4.38,4.4,115146.0,50845.755,0.010294000000000001
2025-03-20,4.38,4.44,4.35,4.39,95485.2,41973.416,0.008536
2025-03-21,4.35,4.4,4.29,4.35,171793.0,74438.984,0.015358
2025-03-24,4.32,4.35,4.08,4.15,165215.44,69012.962,0.01477
2025-03-25,4.14,4.22,4.1,4.19,92914.0,38639.871,0.008306000000000001
2025-03-26,4.19,4.28,4.16,4.25,84614.0,35955.467,0.0075639999999999995
2025-03-27,4.25,4.25,4.15,4.17,61777.0,25860.86,0.005523
2025-03-28,4.15,4.19,4.13,4.19,66944.4,27889.224,0.005985000000000001
2025-03-31,4.15,4.17,4.05,4.09,86127.15,35374.442,0.0077
2025-04-01,4.1,4.17,4.1,4.13,44883.83,18560.474,0.004013
2025-04-02,4.13,4.14,4.09,4.1,50404.2,20728.286,0.004506
2025-04-03,4.05,4.15,4.05,4.11,68630.0,28180.618,0.006135000000000001
2025-04-07,3.94,3.94,3.7,3.7,125409.48,47134.577,0.011211
2025-04-08,3.58,3.69,3.5,3.62,161393.0,58097.622,0.014428000000000002
2025-04-09,3.59,3.81,3.37,3.74,174047.94,63408.322,0.015560000000000001
2025-04-10,3.8,3.93,3.78,3.87,140016.0,54232.845,0.012517
2025-04-11,3.88,3.95,3.85,3.92,112971.0,44089.447,0.010099
2025-04-14,3.94,4.03,3.92,4.0,90242.0,36065.673,0.008067999999999999
2025-04-15,4.05,4.05,3.92,3.95,74054.2,29349.751,0.00662
2025-04-16,3.94,4.01,3.82,3.89,96464.0,37608.914,0.008624
2025-04-17,3.88,4.02,3.86,3.9,129907.74,51390.466,0.011614
2025-04-18,3.92,4.0,3.85,3.99,99288.0,38962.853,0.008876
2025-04-21,3.99,4.07,3.92,4.06,109105.0,43804.497,0.009754
2025-04-22,4.03,4.15,4.03,4.11,130341.79,53484.973,0.011652000000000001
2025-04-23,4.11,4.14,4.03,4.04,110871.94,45142.149,0.009911999999999999
2025-04-24,4.06,4.1,3.96,4.0,101447.0,40777.372,0.009069
2025-04-25,3.99,4.08,3.95,3.97,146799.81,58895.636,0.013124
2025-04-28,3.97,4.01,3.87,3.95,166975.0,65707.725,0.014927
2025-04-29,3.98,4.01,3.92,3.94,74743.0,29670.081,0.0066820000000000004
2025-04-30,3.95,4.07,3.95,4.05,111533.83,45046.95,0.009971
2025-05-06,4.06,4.46,4.05,4.34,429381.49,184611.222,0.038386
2025-05-07,4.34,4.38,4.2,4.24,254164.0,108638.778,0.022722000000000003
2025-05-08,4.21,4.29,4.17,4.2,257789.85,108955.045,0.023046
2025-05-09,4.19,4.21,4.1,4.14,122515.0,50660.584,0.010953
2025-05-12,4.16,4.23,4.12,4.18,129049.8,53967.099,0.011536999999999999
2025-05-13,4.22,4.3,4.2,4.24,242933.0,103244.195,0.021718
2025-05-14,4.24,4.24,4.05,4.19,222555.01,92751.022,0.019896
2025-05-15,4.16,4.21,4.13,4.16,100337.0,41827.166,0.00897
2025-05-16,4.14,4.19,4.1,4.14,88891.2,36788.345,0.007947
2025-05-19,4.38,4.55,4.38,4.55,344017.02,155923.802,0.030754999999999998
2025-05-20,4.78,5.01,4.64,4.73,1161452.92,563135.276,0.10383200000000001
2025-05-21,4.62,4.8,4.44,4.44,712865.73,326348.56,0.063729
2025-05-22,4.5,4.57,4.35,4.35,429401.22,190740.496,0.038388
2025-05-23,4.37,4.39,4.2,4.2,334215.34,142835.249,0.029878000000000002
2025-05-26,4.26,4.32,4.2,4.3,236954.98,100799.92,0.021183
2025-05-27,4.28,4.61,4.23,4.52,527113.36,232131.707,0.047123
2025-05-28,4.48,4.51,4.4,4.41,302961.6,134971.266,0.027084
2025-05-29,4.4,4.45,4.36,4.42,166124.8,73265.363,0.014851000000000001
2025-05-30,4.41,4.86,4.36,4.62,923190.0,438374.359,0.082532
2025-06-03,4.56,4.73,4.49,4.64,719274.8,332063.78,0.064302
2025-06-04,4.69,4.72,4.54,4.59,331578.0,151911.332,0.029643000000000003
2025-06-05,4.59,4.66,4.56,4.62,243200.0,111821.069,0.021741999999999997
2025-06-06,4.72,4.84,4.61,4.73,440888.4,207317.349,0.039415
2025-06-09,4.85,4.85,4.69,4.72,342516.9,162845.709,0.030621
2025-06-10,4.69,4.72,4.5,4.56,390470.0,179320.595,0.034907
2025-06-11,4.53,4.63,4.53,4.61,205600.62,94361.765,0.01838
2025-06-12,4.58,5.07,4.57,5.07,712955.93,350365.954,0.063737
2025-06-13,5.0,5.0,4.77,4.83,686779.49,333643.812,0.06139700000000001
2025-06-16,4.8,4.92,4.8,4.88,329041.0,159755.498,0.029416
2025-06-17,4.9,4.96,4.84,4.88,301965.61,147903.301,0.026995
2025-06-18,4.86,4.87,4.66,4.71,315469.5,149051.789,0.028203
2025-06-19,4.69,4.74,4.52,4.54,253092.74,117016.382,0.022626
2025-06-20,4.52,4.55,4.42,4.46,198737.0,89182.981,0.017766999999999998
2025-06-23,4.38,4.53,4.35,4.53,142574.4,63887.059,0.012746
2025-06-24,4.51,4.6,4.5,4.58,168756.0,76907.612,0.015087
2025-06-25,4.57,4.62,4.51,4.61,189116.0,86400.668,0.016907000000000002
2025-06-26,4.6,4.66,4.54,4.56,175414.3,80713.825,0.015682
2025-06-27,4.56,4.64,4.54,4.58,128999.0,59251.673,0.011532
2025-06-30,4.58,4.66,4.56,4.6,133200.9,61350.842,0.011908
2025-07-01,4.6,4.72,4.57,4.64,182336.5,84814.72,0.016301
2025-07-02,4.61,4.63,4.51,4.6,186473.8,85091.812,0.016671000000000002
2025-07-03,4.58,4.64,4.55,4.6,122157.4,56065.19,0.010921
2025-07-04,4.58,4.62,4.5,4.5,162726.6,73857.264,0.014548
2025-07-07,4.5,4.57,4.46,4.53,93181.0,42302.831,0.008329999999999999
2025-07-08,4.52,4.59,4.5,4.59,116057.6,52923.11,0.010375
2025-07-09,4.61,4.62,4.56,4.58,114551.14,52553.784,0.010241
2025-07-10,4.57,4.79,4.57,4.75,315748.94,148953.164,0.028228
2025-07-11,4.76,4.84,4.72,4.77,258163.0,123309.117,0.023079000000000002
2025-07-14,4.77,4.77,4.63,4.68,189349.4,88455.6,0.016928000000000002
2025-07-15,4.61,4.64,4.43,4.51,256194.79,115152.616,0.022902999999999996
2025-07-16,4.48,4.57,4.48,4.56,140693.81,63820.458,0.012578
2025-07-17,4.55,4.58,4.43,4.46,242836.2,108577.26,0.021709
2025-07-18,4.45,4.58,4.45,4.55,218954.19,98706.753,0.019574
2025-07-21,4.53,4.64,4.53,4.62,193482.39,88734.977,0.017297
2025-07-22,4.63,4.71,4.56,4.66,215388.1,99717.863,0.019255
2025-07-23,4.66,4.7,4.52,4.54,250044.4,115123.217,0.022354
2025-07-24,4.52,4.67,4.52,4.63,227727.48,105264.619,0.020359
2025-07-25,4.64,4.8,4.57,4.68,370395.73,172805.483,0.033113000000000004
2025-07-28,4.57,4.78,4.55,4.76,318594.49,148907.232,0.028481999999999997
2025-07-29,4.75,4.82,4.69,4.77,206134.41,97851.113,0.018428
2025-07-30,4.77,4.91,4.73,4.87,331503.54,159315.219,0.029636
2025-07-31,4.88,5.17,4.82,4.95,770738.94,384288.527,0.06890299999999999
2025-08-01,4.95,5.34,4.91,5.16,733627.56,375749.833,0.065585
2025-08-04,5.05,5.13,4.94,5.0,451189.66,226612.364,0.040336
2025-08-05,5.0,5.09,4.95,5.0,304683.2,152498.476,0.027238000000000002
2025-08-06,4.98,5.07,4.96,5.06,284334.85,142445.431,0.025419
2025-08-07,5.06,5.42,5.03,5.27,574352.19,301928.987,0.051345999999999996
2025-08-08,5.25,5.28,5.13,5.18,288549.4,149603.61,0.025796
2025-08-11,5.24,5.28,5.14,5.22,246992.62,128722.669,0.022081
2025-08-12,5.5,5.74,5.41,5.74,1250752.83,713664.992,0.111816
2025-08-13,6.28,6.31,6.07,6.31,524135.33,329814.835,0.046856999999999996
2025-08-14,6.78,6.94,6.3,6.94,2543289.1,1719938.52,0.22736699999999999
2025-08-15,6.8,6.97,6.47,6.84,2063244.28,1391015.268,0.184451
2025-08-18,6.91,7.44,6.58,7.01,2418498.41,1711626.525,0.216211
2025-08-19,6.8,7.71,6.6,7.71,1630924.95,1202136.144,0.145802
2025-08-20,8.0,8.48,7.78,8.48,1745993.46,1415926.427,0.156089
2025-08-21,8.2,8.9,7.63,8.43,2021136.7,1662926.089,0.180687
2025-08-22,8.4,8.73,7.59,7.59,1747093.24,1398413.679,0.156188
2025-08-25,7.55,7.66,6.94,7.1,1627738.86,1180294.794,0.145518
2025-08-26,7.04,7.23,6.7,6.87,1462935.07,1014090.394,0.130784
2025-08-27,6.79,6.88,6.6,6.61,1068448.35,718889.951,0.095518
2025-08-28,6.65,6.94,6.48,6.69,816567.33,546314.335,0.073
2025-08-29,6.81,6.81,6.31,6.31,777834.1,501711.894,0.069537
2025-09-01,6.44,6.53,6.31,6.42,609897.29,392472.32,0.054523999999999996
2025-09-02,6.41,6.43,6.03,6.12,737259.6,455633.094,0.06591
2025-09-03,6.21,6.67,6.02,6.25,963729.44,605680.583,0.08615600000000001
2025-09-04,6.22,6.27,5.74,6.12,686136.08,418852.923,0.061340000000000006
2025-09-05,6.1,6.3,6.01,6.21,476989.6,293734.225,0.042642
2025-09-08,6.27,6.28,6.03,6.09,397056.0,243484.808,0.035496
2025-09-09,6.09,6.17,5.98,6.0,312747.01,189497.119,0.027959
2025-09-10,5.98,6.2,5.98,6.1,351001.56,213849.913,0.031379000000000004
2025-09-11,6.09,6.24,6.01,6.24,410414.74,252910.627,0.036691
2025-09-12,6.38,6.38,6.17,6.18,382611.03,238428.133,0.034205
2025-09-15,6.2,6.2,6.03,6.07,321646.6,195848.821,0.028755000000000003
2025-09-16,6.08,6.33,6.07,6.23,418687.84,259476.411,0.03743
2025-09-17,6.26,6.85,6.17,6.85,1069856.04,706892.657,0.09564399999999999
2025-09-18,6.8,6.87,6.38,6.51,1252739.02,832670.077,0.111993
2025-09-19,6.4,7.07,6.38,6.83,1157841.63,779195.655,0.10350899999999999
2025-09-22,6.72,6.77,6.51,6.59,606570.33,400266.223,0.054227
2025-09-23,6.53,6.58,5.93,5.93,780948.59,473983.316,0.069816
2025-09-24,5.93,6.35,5.86,6.18,610174.35,374905.539,0.054549
2025-09-25,6.16,6.27,5.95,6.08,608897.0,370712.278,0.054435000000000004
2025-09-26,6.09,6.09,5.7,5.71,498777.0,293729.369,0.04459
2025-09-29,5.75,5.75,5.44,5.52,560849.0,309880.817,0.050138999999999996
2025-09-30,5.55,5.62,5.49,5.55,266770.0,148275.96,0.023849
2025-10-09,5.5,5.57,5.37,5.49,374800.81,205258.407,0.033506999999999995
2025-10-10,5.47,5.6,5.45,5.53,261916.6,145216.502,0.023415
2025-10-13,5.26,5.53,5.24,5.52,260691.0,141650.591,0.023305
2025-10-14,5.51,5.65,5.46,5.48,287886.94,159739.563,0.025737
2025-10-15,5.48,5.58,5.45,5.55,234445.0,129061.82,0.020959
2025-10-16,5.55,5.65,5.5,5.53,269915.4,150532.512,0.02413
2025-10-17,5.51,5.6,5.37,5.4,216541.0,118488.27,0.019358
2025-10-20,5.44,5.54,5.41,5.5,197932.01,108496.485,0.017695000000000002
2025-10-21,5.5,5.81,5.45,5.78,468880.42,267198.223,0.041917
2025-10-22,5.76,5.96,5.72,5.86,439844.6,258032.693,0.039321999999999996
2025-10-23,5.89,6.0,5.8,6.0,456006.35,269629.899,0.040766
2025-10-24,6.17,6.18,5.74,5.76,532437.0,312874.706,0.047599
2025-10-27,5.77,5.82,5.68,5.74,295310.4,,0.0264
2025-10-28,5.8,6.31,5.69,6.31,667296.57,,0.05965499999999999
2025-10-29,6.51,6.74,6.25,6.45,1250612.6,,0.11180300000000001
2025-10-30,6.27,6.49,6.13,6.29,769840.83,,0.068823
2025-10-31,6.25,6.45,6.18,6.36,653868.8,,0.05845500000000001
2025-11-03,6.29,6.4,6.13,6.38,430475.2,,0.038484
2025-11-04,6.32,6.41,6.22,6.34,342838.42,,0.030649000000000003
2025-11-05,6.27,6.54,6.23,6.26,400953.65,,0.035844999999999995
2025-11-06,6.26,6.26,6.03,6.05,452488.6,,0.040452
2025-11-07,6.08,6.13,5.95,5.97,302117.4,,0.027009
