Date,Open,High,Low,Close,Volume,Amount,TurnoverRate
2020-09-22,29.5,35.01,28.78,31.58,605045.39,1870045.042,0.758694
2020-09-23,33.35,37.64,31.7,35.58,420560.08,1444816.039,0.5273599999999999
2020-09-24,34.0,35.0,32.06,34.35,312518.43,1050335.415,0.391881
2020-09-25,34.0,35.65,32.26,32.4,183518.92,622610.579,0.230123
2020-09-28,31.68,32.9,30.66,30.71,122308.05,388401.317,0.153368
2020-09-29,30.86,33.68,30.8,32.78,132813.28,431119.032,0.166541
2020-09-30,32.85,33.27,31.77,32.1,78569.7,254675.036,0.098522
2020-10-09,32.9,33.95,32.6,33.79,92536.21,308897.766,0.116035
2020-10-12,34.09,34.86,33.31,34.29,119495.67,405737.66,0.149841
2020-10-13,34.3,38.38,33.82,37.0,133860.93,487515.772,0.167854
2020-10-14,37.09,39.5,36.63,38.08,112909.16,431442.965,0.141582
2020-10-15,38.0,39.74,36.91,37.06,76840.34,294067.89,0.09635400000000001
2020-10-16,36.88,40.27,36.73,39.89,80342.03,312728.46,0.100745
2020-10-19,40.16,41.3,38.82,40.76,72296.13,290198.857,0.090655
2020-10-20,40.22,41.4,39.13,40.9,47430.1,191046.0,0.059475
2020-10-21,40.94,42.09,39.8,40.21,37797.52,154693.874,0.047396
2020-10-22,39.69,39.75,38.19,38.77,38722.49,150230.343,0.048556
2020-10-23,39.06,39.37,36.65,37.1,39368.04,148733.249,0.049365
2020-10-26,37.23,38.45,37.0,37.64,29833.64,112414.599,0.03741
2020-10-27,37.44,40.6,37.1,40.14,49669.53,196050.563,0.062283
2020-10-28,40.01,40.99,39.41,40.29,31850.04,127686.184,0.039938
2020-10-29,39.8,40.25,38.83,40.12,27830.68,110330.072,0.034898
2020-10-30,41.7,43.5,39.9,39.99,76573.47,319974.019,0.09601900000000001
2020-11-02,40.4,43.5,40.15,43.05,43911.26,184731.792,0.055062
2020-11-03,43.0,46.88,42.58,45.05,54605.02,244725.637,0.068472
2020-11-04,45.34,46.6,45.11,45.63,27904.27,127920.708,0.03499
2020-11-05,45.75,47.26,44.31,45.49,27631.25,125989.38,0.034648
2020-11-06,46.09,46.2,43.08,43.28,30103.53,132546.714,0.037748
2020-11-09,43.7,44.99,42.45,43.75,38759.05,170042.557,0.048602
2020-11-10,43.71,44.49,42.61,44.06,19549.29,85222.455,0.024514
2020-11-11,44.3,44.3,42.13,42.5,23409.57,100260.15,0.029354
2020-11-12,42.0,43.49,42.0,43.1,17855.72,76675.05,0.02239
2020-11-13,43.09,45.25,42.3,43.97,30014.57,132477.189,0.037637000000000004
2020-11-16,44.0,46.52,44.0,46.17,36727.71,167942.496,0.046055
2020-11-17,46.68,47.26,43.67,44.05,29036.19,131201.449,0.03641
2020-11-18,43.76,44.74,43.08,43.73,18779.32,82029.807,0.023548
2020-11-19,43.7,45.89,43.4,45.09,23711.27,106804.616,0.029733
2020-11-20,45.69,45.69,43.85,44.8,21767.27,96917.816,0.027295
2020-11-23,44.9,48.88,44.46,48.08,42966.87,202445.504,0.053878
2020-11-24,49.78,51.11,47.12,48.51,52190.83,257521.324,0.065444
2020-11-25,48.36,50.4,46.68,47.04,32713.91,158497.511,0.041021
2020-11-26,47.04,47.96,45.91,47.54,25284.01,118823.271,0.031705000000000004
2020-11-27,47.74,49.86,47.12,49.7,42527.84,208815.019,0.053328
2020-11-30,49.31,50.0,46.73,47.5,44236.43,211457.329,0.05547
2020-12-01,46.75,48.2,46.75,47.65,17658.23,84075.758,0.022142
2020-12-02,47.65,47.9,45.89,46.8,34864.82,162149.609,0.043719
2020-12-03,46.56,46.8,45.61,45.61,18794.55,86323.139,0.023567
2020-12-04,45.11,45.62,44.02,44.41,31198.83,139691.321,0.039122
2020-12-07,44.15,46.2,44.14,45.1,23044.71,104385.499,0.028897
2020-12-08,45.2,46.2,44.51,45.5,17228.23,78424.706,0.021602999999999997
2020-12-09,45.75,45.77,43.3,43.31,24011.04,106409.542,0.030109
2020-12-10,43.2,44.09,42.31,43.23,17167.85,74398.421,0.021528000000000002
2020-12-11,43.69,43.69,40.4,42.04,36608.41,153010.75,0.045904999999999994
2020-12-14,42.11,44.8,41.45,44.38,28117.59,122634.618,0.035258
2020-12-15,44.77,46.64,43.95,45.9,27369.52,124910.701,0.034319999999999996
2020-12-16,45.9,46.3,44.88,45.22,17263.22,78457.322,0.021647
2020-12-17,45.8,45.8,44.56,45.06,12349.86,55639.036,0.015486
2020-12-18,45.44,45.44,43.01,43.69,21635.96,94496.89,0.02713
2020-12-21,43.5,43.88,41.53,41.86,36659.67,155847.415,0.045968999999999996
2020-12-22,42.12,43.5,40.77,42.3,37476.52,158574.627,0.046994
2020-12-23,42.39,42.5,40.12,41.04,28844.31,117972.525,0.036169
2020-12-24,41.21,41.72,40.0,40.0,23793.99,97935.184,0.029836
2020-12-25,40.0,41.25,39.33,41.08,23275.82,93492.177,0.029186999999999998
2020-12-28,40.71,42.19,40.29,41.4,22188.45,92066.484,0.027823
2020-12-29,42.16,43.66,40.01,40.06,39761.57,166883.0,0.049859
2020-12-30,40.05,42.48,39.8,41.78,26083.31,108154.053,0.032707
2020-12-31,41.79,42.29,40.92,41.6,19678.99,81913.947,0.024676
2021-01-04,41.5,45.96,41.35,44.31,65598.81,290958.626,0.082257
2021-01-05,44.45,44.81,40.07,42.72,84946.43,355865.884,0.106518
2021-01-06,42.1,42.51,40.73,41.49,33351.76,138154.705,0.041821000000000004
2021-01-07,41.08,42.18,38.3,39.3,52752.88,210518.704,0.066149
2021-01-08,39.0,39.22,36.86,36.95,44702.18,168317.019,0.05605400000000001
2021-01-11,36.83,38.75,36.81,38.5,35408.36,133660.969,0.0444
2021-01-12,38.32,38.32,36.8,37.47,22946.8,85944.809,0.028774
2021-01-13,37.5,38.08,35.38,36.14,27233.81,99387.919,0.03415
2021-01-14,35.95,38.5,35.71,37.77,22185.52,82841.772,0.027818999999999997
2021-01-15,37.58,40.44,37.58,38.41,32408.35,127442.71,0.040637999999999994
2021-01-18,38.08,39.44,37.32,37.7,47178.72,180570.019,0.059160000000000004
2021-01-19,37.7,40.9,37.7,40.0,48442.96,193648.168,0.06074499999999999
2021-01-20,40.06,43.86,40.0,43.78,51872.81,219954.859,0.06504599999999999
2021-01-21,45.0,45.8,42.42,44.94,37747.48,169204.077,0.047333
2021-01-22,46.0,47.63,41.48,45.23,63098.34,280287.704,0.079122
2021-01-25,44.23,44.77,42.2,42.88,43390.24,188604.922,0.054409
2021-01-26,42.5,43.14,40.94,41.17,45012.93,188626.144,0.056444
2021-01-27,41.0,42.9,41.0,41.34,21026.73,88077.118,0.026366
2021-01-28,40.24,41.67,39.7,40.2,19832.17,79890.219,0.024868
2021-01-29,40.2,41.1,37.13,38.08,32836.43,126765.082,0.041174999999999996
2021-02-01,37.71,40.82,37.71,38.79,29826.55,116691.888,0.037401
2021-02-02,38.98,40.39,38.7,39.74,19252.2,76697.848,0.024141
2021-02-03,39.99,40.38,37.8,38.33,36435.39,141707.506,0.045688000000000006
2021-02-04,38.8,39.39,36.31,36.94,34229.15,127828.545,0.042922
2021-02-05,36.9,38.11,36.5,36.6,23515.9,87882.603,0.029488
2021-02-08,36.63,36.73,34.71,35.66,34417.5,122775.266,0.043158
2021-02-09,35.66,37.68,35.17,37.28,24653.47,90165.293,0.030914
2021-02-10,37.48,38.79,36.37,37.35,24282.55,91386.201,0.030449
2021-02-18,37.9,38.48,36.53,36.94,21898.0,81596.94,0.027458999999999997
2021-02-19,36.52,39.5,36.52,38.86,33097.75,126147.089,0.041503
2021-02-22,38.41,39.45,37.88,38.05,35572.57,136562.18,0.04460600000000001
2021-02-23,37.35,40.7,36.69,39.4,44794.62,174875.493,0.05617
2021-02-24,39.51,39.51,36.82,37.64,33666.75,127302.689,0.042216
2021-02-25,38.0,38.0,36.85,37.13,21277.04,79384.693,0.026680000000000002
2021-02-26,37.3,38.32,36.83,37.58,37005.32,139545.014,0.046403
2021-03-01,37.59,40.12,37.59,39.7,34938.77,137818.987,0.043811
2021-03-02,39.6,40.13,38.5,38.66,26944.75,105360.064,0.033787
2021-03-03,38.66,39.07,38.09,38.9,17849.19,69017.974,0.022382
2021-03-04,38.7,38.79,37.6,38.0,19381.88,73698.43,0.024304000000000003
2021-03-05,38.0,39.99,37.5,39.0,25349.75,99197.32,0.031787
2021-03-08,39.15,39.68,38.52,38.55,27424.59,106954.756,0.034388999999999996
2021-03-09,38.17,38.76,36.53,36.94,20938.04,78248.722,0.026255
2021-03-10,37.41,37.41,36.0,36.21,17258.49,62961.583,0.021641
2021-03-11,36.2,36.56,35.8,36.14,14353.51,51993.28,0.017999
2021-03-12,36.39,36.4,35.25,35.85,16423.37,58594.8,0.020594
2021-03-15,36.0,36.23,34.32,35.0,12393.15,43424.438,0.01554
2021-03-16,35.5,35.5,33.0,33.6,24511.66,83390.773,0.030736
2021-03-17,33.88,34.79,33.5,33.85,14263.19,48738.748,0.017884999999999998
2021-03-18,33.85,34.1,33.03,33.31,19959.75,66744.365,0.025028
2021-03-19,33.06,35.95,32.5,33.91,45047.17,156397.972,0.056486999999999996
2021-03-22,34.12,36.37,33.05,35.69,57681.29,202550.207,0.06866799999999999
2021-03-23,35.83,37.88,35.7,36.06,33633.02,123714.497,0.040039
2021-03-24,36.02,36.78,35.4,36.13,17551.44,63345.782,0.020895
2021-03-25,35.9,38.27,35.9,37.76,29554.99,110442.084,0.035185
2021-03-26,37.33,37.7,36.9,37.5,21064.24,78462.732,0.025076
2021-03-29,37.31,37.95,36.51,36.89,16851.0,62655.067,0.020061
2021-03-30,36.97,37.09,35.88,36.18,15223.37,55034.346,0.018123
2021-03-31,36.29,36.41,35.53,35.88,13235.83,47481.264,0.015757
2021-04-01,35.88,36.64,35.15,35.7,11799.76,42305.629,0.014047
2021-04-02,35.84,37.57,35.42,37.47,27036.32,100005.819,0.032186
2021-04-06,37.55,40.08,37.2,39.7,38639.11,151369.862,0.045999
2021-04-07,39.36,40.66,39.3,40.21,26615.91,106744.983,0.031686
2021-04-08,40.4,42.48,40.21,41.65,31793.74,132706.777,0.03785
2021-04-09,42.02,42.03,40.24,41.0,29246.34,120908.929,0.034817
2021-04-12,40.66,41.12,38.99,39.3,20838.73,82664.653,0.024808
2021-04-13,39.68,40.36,38.86,38.92,13606.38,53733.773,0.016198
2021-04-14,39.48,40.27,38.7,39.15,13566.48,53564.071,0.016151
2021-04-15,39.39,40.02,38.65,40.0,9773.6,38501.909,0.011635
2021-04-16,40.0,40.79,38.81,39.2,17383.16,68592.488,0.020694
2021-04-19,39.2,40.2,38.9,39.83,15627.83,61761.685,0.018605
2021-04-20,39.83,41.2,39.0,39.88,20009.74,80154.074,0.023821
2021-04-21,40.08,42.38,39.8,41.83,34086.49,140202.684,0.040579000000000004
2021-04-22,42.0,42.2,40.27,41.22,41373.94,169244.524,0.04925500000000001
2021-04-23,41.2,42.9,40.81,42.5,31207.0,131373.832,0.037151
2021-04-26,43.5,44.38,42.12,43.38,53237.58,230838.816,0.06337799999999999
2021-04-27,43.0,43.0,39.91,42.2,64000.13,267086.139,0.07619100000000001
2021-04-28,41.96,42.85,40.73,40.81,29051.52,120329.904,0.034585
2021-04-29,40.7,42.69,40.7,41.74,26237.24,110229.584,0.031235
2021-04-30,41.61,42.17,41.05,41.46,14632.46,60766.562,0.01742
2021-05-06,41.99,42.65,40.18,40.9,30751.5,127273.494,0.036608999999999996
2021-05-07,40.55,40.78,38.43,38.89,33307.73,130106.872,0.039652
2021-05-10,38.99,40.99,38.53,40.47,30555.06,122092.695,0.036375000000000005
2021-05-11,40.08,40.26,39.03,39.72,13196.32,52176.199,0.01571
2021-05-12,39.9,40.35,39.2,39.73,14800.59,58799.773,0.01762
2021-05-13,39.2,39.6,38.5,38.87,15121.89,58948.355,0.018002
2021-05-14,38.9,40.15,38.6,39.29,18331.21,72272.654,0.021823000000000002
2021-05-17,39.45,40.08,38.9,39.22,28120.08,110416.86,0.033476
2021-05-18,39.07,39.51,38.58,38.97,19179.99,74854.596,0.022833000000000003
2021-05-19,39.05,39.37,36.92,37.02,46792.54,176165.757,0.055705
2021-05-20,37.49,38.88,37.15,38.53,27604.41,105328.854,0.032862
2021-05-21,38.35,39.74,38.06,39.4,20634.3,80232.314,0.024565
2021-05-24,39.4,39.4,38.11,38.11,19113.48,73647.801,0.022754
2021-05-25,38.45,39.23,38.23,39.08,15747.6,61274.427,0.018747
2021-05-26,39.4,39.9,38.72,39.53,17763.26,70131.977,0.021147
2021-05-27,39.21,40.36,39.21,40.08,15584.65,62351.282,0.018553
2021-05-28,39.8,40.29,39.01,39.21,10276.43,40719.23,0.012234
2021-05-31,39.21,40.8,39.03,40.54,19818.95,79730.514,0.023594
2021-06-01,41.6,41.6,39.05,39.31,37443.61,149226.478,0.044576000000000005
2021-06-02,39.3,39.3,37.89,38.35,23950.32,92084.481,0.028512
2021-06-03,38.13,39.99,38.01,39.5,25275.27,99353.352,0.03009
2021-06-04,39.5,40.05,38.95,39.31,14931.88,58971.436,0.017776
2021-06-07,39.43,44.5,39.4,43.76,62477.01,265541.451,0.074377
2021-06-08,43.94,45.99,43.11,45.45,62151.23,280174.493,0.07399
2021-06-09,45.45,46.18,43.98,44.31,40223.73,179862.44,0.047885
2021-06-10,44.31,44.5,42.72,42.9,25976.95,112712.264,0.030924999999999998
2021-06-11,43.02,43.62,40.31,41.05,27935.01,117077.428,0.033256
2021-06-15,41.0,42.4,40.62,40.92,18670.79,77222.492,0.022227
2021-06-16,40.92,41.33,39.72,39.99,22349.93,89858.387,0.026607
2021-06-17,39.9,40.5,38.4,39.06,29989.24,117278.438,0.035701000000000004
2021-06-18,39.19,39.82,38.46,38.82,25657.52,99982.789,0.030545
2021-06-21,38.95,39.8,38.54,39.42,19522.53,76780.167,0.023241
2021-06-22,39.52,39.69,36.61,37.1,57438.64,215006.524,0.06837900000000001
2021-06-23,36.8,37.1,35.65,35.89,31755.79,114762.144,0.037805
2021-06-24,36.0,36.0,34.7,35.26,34346.95,120299.933,0.040888999999999995
2021-06-25,35.31,35.77,34.75,35.26,26787.13,94423.901,0.031889
2021-06-28,35.52,36.6,35.25,36.17,33284.65,120176.39,0.039625
2021-06-29,36.55,36.55,34.4,34.74,42823.94,149735.755,0.050981
2021-06-30,34.71,36.48,34.71,36.22,40252.52,144979.669,0.04792
2021-07-01,36.25,36.5,35.55,36.24,24976.43,89891.228,0.029733999999999997
2021-07-02,36.24,36.24,34.91,35.44,21354.84,75741.507,0.025421999999999997
2021-07-05,35.05,35.4,34.42,34.5,24500.12,85090.076,0.029167000000000002
2021-07-06,34.56,34.74,33.5,33.93,25130.26,85040.409,0.029917
2021-07-07,33.9,34.71,33.77,34.6,15897.24,54451.975,0.018925
2021-07-08,34.5,34.7,33.6,33.85,20104.64,68263.554,0.023934
2021-07-09,33.84,34.04,33.35,33.72,11332.73,38137.657,0.013491
2021-07-12,34.13,34.13,33.6,33.76,15937.37,53847.537,0.018973
2021-07-13,33.69,34.57,33.6,34.31,16888.59,57608.659,0.020104999999999998
2021-07-14,34.19,35.35,34.0,34.41,16960.66,58870.838,0.020191
2021-07-15,34.22,35.1,34.1,34.8,18963.84,65956.321,0.022576
2021-07-16,34.9,34.91,32.22,32.6,46154.4,153596.661,0.054946
2021-07-19,32.53,32.69,31.0,31.71,28402.88,89893.709,0.033813
2021-07-20,31.71,32.15,31.06,31.15,16853.02,52841.931,0.020063
2021-07-21,31.15,31.75,30.65,30.83,21304.31,66028.519,0.025362
2021-07-22,30.91,31.41,30.3,31.19,16452.46,50924.441,0.019586
2021-07-23,31.1,31.1,29.1,29.64,35361.57,105170.358,0.042096999999999996
2021-07-26,29.77,30.09,28.95,29.45,19641.24,57881.058,0.023382
2021-07-27,29.45,29.86,28.66,29.01,19900.39,58110.142,0.023691
2021-07-28,28.81,29.1,27.7,28.01,24589.96,69081.7,0.029274
2021-07-29,28.28,29.23,28.28,28.76,17779.73,51425.503,0.021166
2021-07-30,28.96,28.99,27.82,28.42,18291.96,51677.808,0.021776
2021-08-02,28.5,29.1,27.82,29.04,26019.82,74386.844,0.030976
2021-08-03,28.77,30.39,28.77,29.98,31238.1,93022.126,0.037188
2021-08-04,30.0,30.37,29.09,29.62,18631.81,54896.041,0.022181000000000003
2021-08-05,29.48,29.57,28.9,28.9,16665.79,48590.369,0.01984
2021-08-06,29.12,29.12,28.01,28.22,14329.24,40512.463,0.017059
2021-08-09,28.29,30.29,28.23,29.9,35647.6,105314.298,0.042438000000000003
2021-08-10,29.88,30.16,29.38,29.86,19147.99,56934.732,0.022795
2021-08-11,29.8,30.1,29.07,29.46,21582.17,63635.867,0.025693
2021-08-12,29.2,29.72,29.12,29.4,13646.72,40180.099,0.016246
2021-08-13,29.21,30.68,29.21,30.29,30048.87,90808.556,0.035772
2021-08-16,29.8,31.68,29.8,31.06,23744.76,73815.765,0.028268
2021-08-17,31.3,31.94,30.53,30.85,25796.43,80792.499,0.03071
2021-08-18,30.92,31.08,30.0,30.49,16013.28,48940.258,0.019063
2021-08-19,31.05,31.05,30.12,30.68,12105.12,37026.487,0.014411
2021-08-20,30.4,30.53,29.54,30.07,17831.17,53160.213,0.021227999999999997
2021-08-23,30.21,30.49,29.75,29.81,21104.59,63343.907,0.025125
2021-08-24,29.83,30.04,29.13,29.46,21422.83,63293.41,0.025503
2021-08-25,29.51,30.85,29.47,30.58,28510.14,87004.87,0.033941
2021-08-26,30.27,30.59,28.98,29.56,31891.12,93952.69,0.037966
2021-08-27,30.0,30.0,28.15,28.4,39458.42,112384.662,0.046974
2021-08-30,28.36,28.8,27.8,28.03,27982.75,78554.222,0.033313
2021-08-31,27.76,28.49,27.15,27.49,26123.13,71897.716,0.031099
2021-09-01,27.5,27.85,27.01,27.53,15962.2,43706.344,0.019003000000000003
2021-09-02,27.76,27.79,27.02,27.31,11567.24,31537.035,0.013771
2021-09-03,27.1,28.32,27.09,27.87,15284.15,42678.358,0.018195
2021-09-06,27.92,28.44,27.24,28.25,28342.96,78720.283,0.033742
2021-09-07,28.12,28.34,27.72,28.02,20094.88,56100.054,0.023922
2021-09-08,28.02,28.53,27.95,28.36,16247.9,46018.076,0.019343
2021-09-09,28.35,28.36,27.85,27.9,13279.36,37204.064,0.015809
2021-09-10,27.88,28.2,27.61,27.88,11933.48,33253.001,0.014207000000000001
2021-09-13,27.73,27.87,27.35,27.65,14346.22,39430.315,0.017079
2021-09-14,27.68,27.93,27.51,27.58,10460.63,28973.87,0.012453
2021-09-15,27.58,27.92,27.09,27.18,13275.76,36139.065,0.015804
2021-09-16,27.2,27.9,27.06,27.27,18817.78,51705.336,0.022402000000000002
2021-09-17,27.5,27.78,27.11,27.47,13751.95,37610.202,0.016371
2021-09-22,27.32,27.45,26.02,26.06,28168.74,74918.429,0.023544
2021-09-23,26.25,27.47,26.06,27.45,22344.59,60086.709,0.018675999999999998
2021-09-24,27.44,27.96,27.03,27.67,14802.56,40786.195,0.012372000000000001
2021-09-27,27.51,28.63,27.48,28.08,20694.04,58195.214,0.017296
2021-09-28,28.0,28.11,27.45,27.62,12487.13,34542.918,0.010437
2021-09-29,27.0,27.45,26.88,27.18,11447.5,31023.326,0.009568
2021-09-30,27.21,28.82,27.21,28.09,26050.38,73728.58,0.021772999999999997
2021-10-08,28.0,29.09,27.85,29.0,25596.26,73359.998,0.021393
2021-10-11,29.02,29.36,28.54,28.6,20037.47,57923.933,0.016747
2021-10-12,28.6,28.85,27.7,27.87,22365.49,63036.258,0.018693
2021-10-13,27.98,28.49,27.23,28.16,18797.47,52270.572,0.015711
2021-10-14,28.05,28.6,27.63,27.63,13707.58,38371.233,0.011457
2021-10-15,27.5,27.78,27.26,27.36,12261.94,33642.639,0.010249
2021-10-18,27.35,27.48,26.85,27.0,15633.34,42315.927,0.013066
2021-10-19,26.91,28.43,26.91,28.15,19718.56,54929.625,0.016481
2021-10-20,28.07,28.13,27.21,27.35,19106.35,52815.371,0.015969
2021-10-21,27.28,27.47,26.96,27.33,13993.1,37975.112,0.011696
2021-10-22,27.33,27.33,27.03,27.05,6939.13,18798.216,0.0058
2021-10-25,27.2,27.43,26.9,27.05,10714.67,28978.227,0.008955
2021-10-26,27.03,27.03,26.53,26.76,13621.22,36412.627,0.011385000000000001
2021-10-27,26.7,26.7,25.75,26.21,14717.08,38395.823,0.012301
2021-10-28,26.0,26.0,24.81,25.07,24155.27,60906.916,0.020189
2021-10-29,25.38,25.65,25.0,25.15,11411.72,28908.645,0.009538
2021-11-01,25.01,25.68,25.0,25.42,7583.09,19296.904,0.006338
2021-11-02,25.45,25.64,25.29,25.39,9904.53,25189.24,0.008278
2021-11-03,25.45,26.09,25.28,25.85,9966.91,25719.964,0.008329999999999999
2021-11-04,25.85,26.43,25.75,26.21,10446.81,27352.292,0.008731
2021-11-05,26.26,26.53,26.01,26.15,8646.68,22663.283,0.007227
2021-11-08,26.15,26.15,25.3,25.74,14663.25,37679.391,0.012256
2021-11-09,25.85,26.05,25.63,25.87,8780.6,22681.605,0.007339
2021-11-10,25.72,26.18,25.62,25.91,6203.37,16052.165,0.0051849999999999995
2021-11-11,26.08,26.35,25.72,26.22,9656.21,25298.647,0.008071
2021-11-12,26.36,26.4,26.1,26.27,6894.16,18126.545,0.005762000000000001
2021-11-15,26.25,27.08,26.25,26.88,16009.05,42952.02,0.013380000000000001
2021-11-16,27.11,27.11,26.38,26.55,12210.91,32552.602,0.010206
2021-11-17,26.4,26.72,26.16,26.38,10310.06,27108.24,0.008617
2021-11-18,26.32,26.59,26.1,26.26,10148.31,26705.96,0.008482
2021-11-19,26.27,26.35,25.7,26.33,10505.46,27336.976,0.008781
2021-11-22,26.36,26.75,26.23,26.39,11859.17,31438.655,0.009911999999999999
2021-11-23,26.59,26.59,26.03,26.28,9615.31,25175.911,0.008036999999999999
2021-11-24,26.4,26.92,26.03,26.62,15562.46,41431.24,0.013007
2021-11-25,26.58,26.88,26.56,26.75,9709.43,25961.489,0.008115
2021-11-26,26.88,26.98,26.23,26.37,11505.79,30459.839,0.009617
2021-11-29,26.09,26.46,26.03,26.2,11765.14,30801.231,0.009833
2021-11-30,26.05,26.37,26.05,26.19,7847.6,20573.132,0.006559000000000001
2021-12-01,26.08,26.39,26.01,26.39,8622.29,22637.735,0.007207
2021-12-02,26.2,26.78,26.15,26.42,11882.4,31403.017,0.009931
2021-12-03,26.4,27.03,26.16,26.99,20997.67,56073.136,0.01755
2021-12-06,27.5,27.65,26.82,27.0,19497.03,52981.263,0.016295999999999998
2021-12-07,26.74,26.98,26.28,26.39,12782.84,33929.917,0.010684
2021-12-08,26.48,26.53,26.25,26.42,8882.42,23444.127,0.007423999999999999
2021-12-09,26.5,27.15,26.32,26.67,14935.23,40118.046,0.012483
2021-12-10,26.68,26.82,26.26,26.36,22447.28,59490.559,0.018762
2021-12-13,26.31,26.57,26.06,26.25,29467.36,77467.087,0.024628999999999998
2021-12-14,26.24,26.3,25.81,25.82,31060.01,80782.503,0.02596
2021-12-15,25.83,25.85,25.16,25.17,29131.4,74087.014,0.024348
2021-12-16,25.11,25.39,25.1,25.32,10807.0,27272.364,0.009033
2021-12-17,25.32,25.38,25.0,25.19,19101.32,47992.838,0.015965
2021-12-20,25.22,25.6,25.1,25.58,25227.55,63977.29,0.021085
2021-12-21,25.61,25.68,25.31,25.54,9940.27,25350.235,0.008308
2021-12-22,25.56,25.85,25.4,25.5,15657.23,40091.609,0.013086
2021-12-23,25.44,25.56,25.19,25.22,15308.5,38791.447,0.012795
2021-12-24,25.3,26.13,24.81,25.97,38451.68,98146.251,0.032138
2021-12-27,26.09,28.32,25.82,27.78,81444.56,222363.521,0.068072
2021-12-28,27.66,28.58,27.52,27.87,45865.81,128660.307,0.038335
2021-12-29,27.8,27.92,27.19,27.35,23853.55,65602.674,0.019937
2021-12-30,27.4,27.8,27.2,27.55,24138.87,66329.932,0.020175000000000002
2021-12-31,27.56,27.68,27.08,27.53,23961.61,65822.455,0.020027
2022-01-04,27.59,28.45,27.59,27.97,38615.45,108706.062,0.032275
2022-01-05,28.55,33.28,27.86,32.26,152192.4,470317.203,0.127203
2022-01-06,32.26,32.94,31.11,31.34,80751.08,256912.321,0.067492
2022-01-07,31.75,31.91,29.9,30.02,58338.48,178869.073,0.048760000000000005
2022-01-10,30.65,31.56,30.0,30.95,53992.94,166640.829,0.045128
2022-01-11,31.0,31.2,28.7,28.93,67665.33,201022.386,0.056555
2022-01-12,29.17,29.65,28.79,29.31,36622.44,106991.145,0.030609
2022-01-13,29.52,30.66,28.85,28.99,40397.8,119817.649,0.033765
2022-01-14,28.8,29.54,28.59,29.05,35648.98,103558.034,0.029796
2022-01-17,29.33,29.49,28.11,29.26,48838.91,141031.035,0.040819999999999995
2022-01-18,29.09,29.19,28.03,28.18,42453.64,120828.236,0.035483
2022-01-19,28.29,28.47,27.94,28.23,17503.45,49331.752,0.014629000000000001
2022-01-20,28.33,28.98,27.73,27.73,37669.46,106747.823,0.031484
2022-01-21,27.25,27.87,26.68,26.7,32194.96,87429.26,0.026909000000000002
2022-01-24,26.22,26.98,26.22,26.61,23327.72,62097.76,0.019497
2022-01-25,26.3,26.94,25.98,25.99,23351.54,61562.318,0.019517
2022-01-26,25.99,26.45,25.64,25.91,13068.37,33873.95,0.010923
2022-01-27,26.29,26.29,25.0,25.04,15981.46,40657.951,0.013357
2022-01-28,25.49,25.67,24.98,25.2,13360.54,33972.231,0.011167
2022-02-07,25.18,25.89,25.17,25.68,10685.52,27336.033,0.008931
2022-02-08,25.83,26.1,25.37,25.92,13105.76,33776.999,0.010953999999999998
2022-02-09,25.84,26.44,25.82,26.25,10311.12,27105.254,0.008618
2022-02-10,25.88,26.39,25.72,25.86,19397.81,50544.025,0.016212999999999998
2022-02-11,25.76,25.87,24.7,24.7,26128.16,65556.912,0.021838000000000003
2022-02-14,24.71,24.8,24.22,24.42,11771.47,28849.872,0.009839
2022-02-15,24.46,24.48,23.5,23.97,22007.22,52700.616,0.018394
2022-02-16,24.13,24.82,24.13,24.36,13097.8,31985.109,0.010947
2022-02-17,24.4,24.5,23.88,24.0,12230.05,29526.116,0.010222
2022-02-18,24.0,24.3,23.63,24.1,10481.09,25158.802,0.00876
2022-02-21,24.1,24.75,24.04,24.55,15815.12,38744.37,0.013218
2022-02-22,24.42,24.57,24.01,24.11,10123.54,24473.411,0.008461
2022-02-23,24.47,24.6,24.13,24.55,15865.2,38751.825,0.013260000000000001
2022-02-24,24.5,24.8,23.65,23.95,23272.18,56428.449,0.019451
2022-02-25,24.19,24.65,24.02,24.15,14252.46,34711.559,0.011912
2022-02-28,26.11,27.29,24.97,26.96,85872.34,225677.482,0.071773
2022-03-01,27.19,27.7,26.8,27.33,46922.66,127622.114,0.039218
2022-03-02,27.13,27.5,26.61,27.5,29550.29,80563.172,0.024698
2022-03-03,27.73,27.86,27.1,27.73,30932.38,85274.63,0.025853
2022-03-04,27.63,27.93,27.11,27.11,20018.06,55013.081,0.016731
2022-03-07,26.92,27.47,26.21,26.47,23832.07,63823.359,0.019919
2022-03-08,26.03,26.68,25.0,25.2,24473.35,62878.863,0.020455
2022-03-09,25.4,25.48,23.1,23.94,30054.99,72853.466,0.02512
2022-03-10,24.51,26.27,24.28,25.43,33996.57,86823.877,0.028415
2022-03-11,25.0,25.69,24.52,25.48,25047.05,63036.289,0.020933999999999998
2022-03-14,25.0,25.8,24.73,24.73,28155.61,71203.646,0.023533
2022-03-15,24.38,25.29,24.38,24.39,29433.86,73288.578,0.024601
2022-03-16,24.85,25.1,23.93,24.87,21155.9,51849.599,0.017682
2022-03-17,25.34,25.82,25.0,25.21,24216.1,61466.964,0.02024
2022-03-18,24.95,26.15,24.95,25.79,21518.62,54961.99,0.017985
2022-03-21,25.86,26.57,25.81,26.05,24461.64,63925.297,0.020445
2022-03-22,26.33,26.33,25.56,25.9,18974.39,48924.098,0.015859
2022-03-23,25.9,26.36,25.3,26.21,18196.77,47144.586,0.015208999999999999
2022-03-24,26.0,26.49,25.62,25.72,12980.93,33504.38,0.01085
2022-03-25,25.67,26.34,25.59,25.84,14192.76,37021.586,0.011862
2022-03-28,25.84,25.93,25.25,25.28,13893.83,35572.5,0.011613
2022-03-29,25.26,26.18,25.25,25.58,13713.35,35170.77,0.011462000000000002
2022-03-30,25.66,25.66,25.14,25.31,18382.73,46549.964,0.015364
2022-03-31,25.31,25.7,24.88,25.18,12278.17,31027.353,0.010262
2022-04-01,25.0,25.11,24.5,24.78,18794.43,46342.088,0.015708
2022-04-06,24.74,25.79,24.68,25.12,20961.09,53145.374,0.017519
2022-04-07,25.12,25.28,24.38,24.5,13890.66,34449.763,0.01161
2022-04-08,24.52,24.79,23.88,24.11,14421.99,34773.021,0.012054
2022-04-11,24.04,24.6,23.64,23.73,14949.23,36104.65,0.012495000000000001
2022-04-12,23.8,24.01,23.34,23.9,12164.1,28860.297,0.010166999999999999
2022-04-13,23.91,23.91,23.1,23.36,15739.46,36728.66,0.013154999999999998
2022-04-14,23.28,23.64,22.8,23.33,16515.21,38210.631,0.013803000000000001
2022-04-15,23.35,23.44,22.68,23.22,12644.9,29125.335,0.010569
2022-04-18,22.9,23.96,22.83,23.65,14744.59,34720.709,0.012324
2022-04-19,21.34,22.28,21.31,21.63,73948.55,159574.765,0.061807
2022-04-20,21.33,21.62,20.19,20.38,44985.64,94171.28,0.037599
2022-04-21,20.21,20.34,18.82,18.9,38060.12,74201.527,0.031811
2022-04-22,18.85,18.96,18.26,18.29,24745.55,46118.055,0.020682
2022-04-25,18.0,18.29,16.8,16.84,30156.08,52754.844,0.025205
2022-04-26,17.04,17.23,16.0,16.01,25790.54,42569.988,0.021556000000000002
2022-04-27,15.82,17.8,15.26,17.28,32619.28,53577.332,0.027263000000000003
2022-04-28,17.58,17.75,16.75,17.31,22352.6,38577.498,0.018682
2022-04-29,17.47,18.35,17.13,18.08,25602.35,46070.615,0.021398999999999998
2022-05-05,18.08,18.88,17.79,18.6,18786.56,34805.171,0.015702
2022-05-06,18.17,19.1,18.17,18.91,21498.14,40651.594,0.017967999999999998
2022-05-09,18.92,19.52,18.77,19.48,17807.94,34304.882,0.014884
2022-05-10,19.1,21.19,19.09,20.76,29654.74,60814.732,0.024786000000000002
2022-05-11,20.59,21.16,20.23,20.45,21774.46,44930.147,0.018199
2022-05-12,20.59,20.9,20.15,20.71,16018.49,33160.886,0.013388
2022-05-13,20.96,21.09,20.2,20.55,14746.96,30302.803,0.012325999999999998
2022-05-16,21.0,21.0,20.06,20.42,15057.16,30853.634,0.012584999999999999
2022-05-17,20.46,22.49,20.11,21.4,35980.5,77448.587,0.030073
2022-05-18,21.15,22.54,21.0,22.06,26419.34,57756.116,0.022081
2022-05-19,21.99,22.63,21.22,22.14,31156.51,68800.834,0.026040999999999998
2022-05-20,22.11,22.47,21.64,22.32,11005.75,24478.435,0.009199
2022-05-23,21.81,22.66,21.81,22.44,9565.35,21434.126,0.007995
2022-05-24,22.99,22.99,21.33,21.36,14545.93,31908.217,0.012158
2022-05-25,21.14,21.79,20.58,21.19,25745.44,54212.58,0.021518000000000002
2022-05-26,20.81,21.56,20.55,21.14,14647.82,30861.867,0.012242999999999999
2022-05-27,20.97,21.24,20.72,20.81,13288.39,27806.024,0.011107
2022-05-30,20.93,22.1,20.72,21.93,18634.38,39830.759,0.015575
2022-05-31,21.93,22.21,20.95,21.67,16109.57,34793.495,0.013464
2022-06-01,21.95,21.95,21.12,21.9,9877.42,21308.142,0.008256
2022-06-02,21.5,22.06,21.3,21.98,9022.05,19661.766,0.007541
2022-06-06,22.27,22.61,21.82,22.13,13380.0,29735.212,0.011183
2022-06-07,22.3,22.78,21.98,22.25,10617.02,23723.214,0.008874
2022-06-08,22.33,22.67,21.61,21.93,10656.51,23424.78,0.008907
2022-06-09,21.63,22.12,21.2,21.71,13678.02,29509.512,0.011432
2022-06-10,21.84,22.31,21.32,21.76,12251.6,26882.859,0.01024
2022-06-13,21.99,23.0,21.71,22.89,20533.76,46179.937,0.017162
2022-06-14,22.65,24.38,22.3,24.15,36306.38,85506.127,0.030345
2022-06-15,24.15,25.36,23.72,24.7,31246.85,77096.924,0.026116
2022-06-16,24.8,25.99,24.61,25.48,32342.23,82954.447,0.027031999999999997
2022-06-17,25.59,26.15,25.3,25.85,20927.9,53934.841,0.017492
2022-06-20,26.05,27.39,25.74,27.12,39856.06,106323.16,0.033312
2022-06-21,27.18,27.36,25.86,25.98,34723.43,91592.094,0.029022000000000003
2022-06-22,26.15,27.1,25.98,26.36,31744.6,84476.942,0.026532
2022-06-23,26.74,27.45,26.01,27.01,32840.0,88112.911,0.027448
2022-06-24,27.56,27.58,26.51,27.13,26541.81,71375.538,0.022184
2022-06-27,27.05,27.3,26.41,26.65,24217.25,64772.836,0.020241
2022-06-28,26.25,26.76,25.17,25.69,28000.9,71956.279,0.023403
2022-06-29,25.64,26.25,24.77,25.49,24793.78,63279.814,0.020723
2022-06-30,25.44,26.95,25.06,25.99,21611.44,56058.808,0.018063
2022-07-01,26.52,26.54,25.5,26.03,19103.33,49736.813,0.015967
2022-07-04,26.58,27.44,25.72,27.24,19874.58,52959.586,0.016611
2022-07-05,27.23,27.4,25.6,27.25,27037.31,71789.751,0.022597999999999997
2022-07-06,26.61,27.17,25.65,25.8,16389.37,42892.432,0.013697999999999998
2022-07-07,26.15,26.49,25.69,26.22,11402.99,29817.745,0.009531
2022-07-08,26.44,26.77,25.65,25.84,13311.71,34543.389,0.011126
2022-07-11,25.78,26.7,25.4,25.78,13477.19,35247.903,0.011264000000000001
2022-07-12,25.65,26.25,24.9,24.93,16770.94,42523.044,0.014017
2022-07-13,24.7,25.3,24.5,25.08,8104.77,20153.128,0.006774
2022-07-14,24.73,25.57,24.31,24.47,13852.27,34241.118,0.011578
2022-07-15,24.31,25.4,23.88,25.2,23088.69,57538.958,0.019298
2022-07-18,25.25,25.98,24.7,24.98,10184.19,25712.496,0.008511999999999999
2022-07-19,24.76,25.29,24.66,25.27,6801.7,17032.4,0.005685
2022-07-20,25.44,25.44,24.71,24.84,8280.77,20680.018,0.006921
2022-07-21,24.99,25.35,24.6,24.75,7793.98,19373.13,0.006514
2022-07-22,25.05,25.4,24.0,24.11,11221.39,27414.275,0.009379
2022-07-25,24.11,24.98,24.0,24.48,9408.27,23130.469,0.007863
2022-07-26,24.47,24.75,23.88,24.18,7445.66,17937.95,0.006222999999999999
2022-07-27,23.91,24.43,23.91,24.22,6048.77,14649.694,0.005056000000000001
2022-07-28,24.49,25.98,24.31,24.71,24149.51,60632.913,0.020184
2022-07-29,25.02,25.63,24.25,24.42,19053.7,47209.18,0.015925
2022-08-01,24.41,25.14,24.04,24.86,11242.68,27824.105,0.009396999999999999
2022-08-02,24.61,25.36,24.2,24.94,18849.94,46674.455,0.015754999999999998
2022-08-03,25.2,25.49,24.72,25.15,16464.59,41553.558,0.013761
2022-08-04,25.35,26.86,25.35,26.7,36404.21,96236.777,0.030427
2022-08-05,26.74,27.3,25.98,26.95,21308.99,56417.522,0.01781
2022-08-08,26.72,26.91,26.11,26.32,10443.71,27619.728,0.008729
2022-08-09,26.47,26.58,25.71,26.29,13056.15,33916.169,0.010912
2022-08-10,26.03,26.1,25.27,25.46,9617.05,24683.635,0.008038
2022-08-11,25.6,26.1,25.38,25.8,6861.61,17657.09,0.0057350000000000005
2022-08-12,25.62,25.98,25.23,25.36,6808.84,17363.706,0.005691000000000001
2022-08-15,25.0,25.72,24.49,25.4,19360.91,48480.448,0.016182000000000002
2022-08-16,25.39,25.87,25.02,25.58,10808.3,27653.836,0.009034
2022-08-17,25.77,25.77,24.82,24.86,9985.45,24969.538,0.008346
2022-08-18,24.61,24.89,24.15,24.54,13599.35,33178.653,0.011366000000000001
2022-08-19,24.54,24.63,23.92,24.0,12113.54,29221.683,0.010125
2022-08-22,24.0,24.98,23.5,24.96,11752.81,29047.412,0.009823
2022-08-23,25.0,25.15,24.55,25.05,6810.46,16999.357,0.005692
2022-08-24,25.45,25.45,24.2,24.36,7635.66,18719.755,0.006382
2022-08-25,24.88,25.38,23.87,24.14,10447.62,25489.952,0.008732
2022-08-26,24.03,25.08,23.7,23.95,14891.74,35962.837,0.012447
2022-08-29,23.84,24.66,23.76,24.06,10349.79,25004.111,0.00865
2022-08-30,24.24,25.1,22.66,24.75,37672.28,90732.188,0.031487
2022-08-31,24.82,25.0,23.13,24.28,26801.4,63789.538,0.022401
2022-09-01,24.28,26.3,24.06,24.88,36098.38,91999.949,0.030171
2022-09-02,25.18,25.18,24.31,24.38,14865.41,36628.696,0.012424999999999999
2022-09-05,24.26,24.6,22.8,23.38,25453.21,59626.585,0.021274
2022-09-06,23.7,26.97,23.34,26.0,101317.82,260824.84,0.084682
2022-09-07,25.88,26.0,25.06,25.16,30936.2,78580.768,0.025857
2022-09-08,25.16,25.64,22.36,23.52,83060.5,196804.541,0.069422
2022-09-09,23.02,23.5,22.72,22.78,20124.55,46006.678,0.016819999999999998
2022-09-13,22.78,24.18,21.37,23.66,64806.89,147072.527,0.054166
2022-09-14,23.87,23.87,22.65,22.82,28237.43,65127.125,0.023601
2022-09-15,22.3,23.07,22.3,22.73,16031.36,36480.484,0.013399000000000001
2022-09-16,22.77,24.87,22.6,23.31,40943.44,97721.755,0.034221
2022-09-19,23.06,23.85,22.19,23.44,24620.94,56936.7,0.020578
2022-09-20,23.21,23.78,22.72,22.97,12251.86,28259.552,0.01024
2022-09-21,22.96,23.37,22.2,23.13,14607.93,33285.663,0.012209000000000001
2022-09-22,23.21,23.87,22.8,23.46,18099.29,42261.626,0.014614
2022-09-23,23.23,23.78,22.55,22.71,14776.37,33846.753,0.011931
2022-09-26,22.8,22.8,21.3,21.85,26648.6,58730.923,0.021518000000000002
2022-09-27,21.58,22.3,21.58,22.15,13427.02,29454.996,0.011189
2022-09-28,22.03,22.35,21.08,21.09,15857.06,34149.205,0.013213999999999998
2022-09-29,21.3,21.86,20.97,21.15,12130.92,26013.434,0.010109
2022-09-30,21.31,21.6,20.72,20.75,9524.63,20022.746,0.007934
2022-10-10,20.88,22.21,20.82,21.65,26212.47,56954.875,0.021834
2022-10-11,21.7,21.93,20.8,21.4,12290.0,26268.453,0.010237000000000001
2022-10-12,21.4,22.34,21.11,22.18,14882.06,32491.506,0.012396
2022-10-13,22.1,22.94,21.9,22.53,11713.26,26440.429,0.009757
2022-10-14,22.67,23.34,22.41,22.9,12679.4,29100.044,0.010562
2022-10-17,22.9,24.8,22.81,24.29,26604.09,63825.081,0.022160000000000003
2022-10-18,24.02,25.6,24.02,24.61,25443.97,63401.312,0.021006
2022-10-19,24.2,24.85,23.82,23.92,14543.25,35126.913,0.012007
2022-10-20,23.68,24.7,23.62,24.05,10935.89,26499.802,0.009028000000000001
2022-10-21,24.05,25.14,24.05,24.6,39084.11,96290.898,0.032267000000000004
2022-10-24,24.36,24.88,23.8,23.84,14212.08,34384.794,0.011733
2022-10-25,23.84,24.26,23.15,23.44,16775.36,39458.128,0.013849
2022-10-26,23.4,24.5,23.3,23.46,19660.71,46839.14,0.016232
2022-10-27,23.3,23.6,22.8,23.21,29880.51,68908.681,0.024669
2022-10-28,23.22,23.42,22.37,22.62,12862.91,29338.518,0.010619
2022-10-31,22.88,25.55,22.61,24.07,78698.06,191426.152,0.064972
2022-11-01,24.2,25.1,23.81,24.07,40271.44,98297.628,0.033247
2022-11-02,24.21,25.47,24.13,24.91,40111.44,100214.746,0.033115
2022-11-03,25.24,26.1,24.36,25.4,43541.93,110836.643,0.035947
2022-11-04,25.84,26.26,25.0,25.74,63555.06,163442.722,0.052469999999999996
2022-11-07,25.5,26.3,24.9,25.35,60508.72,154072.826,0.049955
2022-11-08,25.38,25.8,24.92,25.17,27510.04,69423.477,0.022712
2022-11-09,25.03,25.77,24.9,25.51,26224.77,66874.31,0.021650999999999997
2022-11-10,25.56,26.26,25.35,25.92,27882.46,72123.105,0.023018999999999998
2022-11-11,26.0,26.94,25.18,25.3,33958.42,88037.845,0.028035
2022-11-14,25.6,26.16,24.9,25.74,22753.98,58261.971,0.018785
2022-11-15,25.8,26.2,25.5,25.93,17473.53,45266.048,0.014426000000000001
2022-11-16,26.1,26.1,25.52,25.77,11964.1,30812.61,0.009877
2022-11-17,25.86,26.82,25.44,26.45,38037.79,100119.209,0.031403
2022-11-18,26.34,27.1,25.2,25.32,33453.36,86645.771,0.027618
2022-11-21,25.02,26.76,24.88,26.11,48213.3,125923.219,0.039804
2022-11-22,26.1,26.85,25.08,25.17,22261.26,57309.298,0.018378000000000002
2022-11-23,25.31,25.97,24.31,25.34,31698.22,79265.448,0.026168999999999998
2022-11-24,25.26,25.26,24.26,24.84,26266.69,65007.336,0.021685
2022-11-25,24.99,26.35,24.79,25.98,28155.25,72430.289,0.023243999999999997
2022-11-28,25.8,26.0,24.98,25.26,19431.13,49229.075,0.016042
2022-11-29,25.08,26.05,25.08,25.83,17949.97,45967.338,0.014819
2022-11-30,25.65,26.2,25.43,25.97,17928.2,46475.889,0.014801
2022-12-01,26.35,26.5,25.67,26.2,26221.88,68720.267,0.021648
2022-12-02,26.2,26.8,25.56,25.82,16255.88,42240.348,0.013421
2022-12-05,25.85,26.59,25.62,25.98,15106.06,39409.674,0.012471000000000001
2022-12-06,26.12,26.12,25.6,25.75,9099.01,23489.843,0.007512
2022-12-07,25.51,26.28,25.08,25.88,22556.76,57895.987,0.018622
2022-12-08,25.88,26.24,25.41,25.68,11867.22,30435.33,0.009797
2022-12-09,25.49,25.8,24.7,25.4,27286.47,68528.241,0.022527
2022-12-12,25.42,25.54,25.01,25.14,8779.13,22141.44,0.007248
2022-12-13,25.31,25.31,24.95,25.07,7402.56,18557.934,0.006111
2022-12-14,24.81,25.08,24.2,24.27,16207.4,39779.884,0.013381
2022-12-15,24.27,24.52,24.08,24.32,6736.73,16420.243,0.005562
2022-12-16,24.4,24.55,24.12,24.3,13085.53,31872.024,0.010803
2022-12-19,24.21,24.48,22.71,22.85,26637.43,61683.883,0.021991
2022-12-20,22.85,23.07,22.2,22.48,21653.04,48471.61,0.017876
2022-12-21,22.5,22.6,22.1,22.26,7751.47,17287.117,0.006399
2022-12-22,22.56,22.69,22.02,22.06,12639.33,28201.987,0.010435000000000002
2022-12-23,22.07,22.26,21.74,21.94,9899.1,21802.106,0.008173
2022-12-26,21.94,22.73,21.94,22.6,10768.33,24290.504,0.00889
2022-12-27,22.59,22.8,22.25,22.59,12343.94,27701.175,0.010190999999999999
2022-12-28,22.83,23.07,22.05,22.09,11120.12,25120.615,0.009181
2022-12-29,22.04,22.41,21.8,22.24,6051.77,13442.143,0.004996
2022-12-30,22.24,22.59,22.0,22.4,14525.58,32586.681,0.011992000000000001
2023-01-03,22.4,22.91,22.13,22.81,14963.07,33881.97,0.012353000000000001
2023-01-04,22.8,22.8,21.62,22.06,39742.13,87719.814,0.03281
2023-01-05,22.3,22.34,21.97,22.3,16006.87,35458.062,0.013215
2023-01-06,22.25,22.27,21.42,21.69,40776.44,88537.973,0.033664
2023-01-09,21.54,22.15,21.43,21.95,34376.95,74675.691,0.028381
2023-01-10,22.14,22.86,21.89,22.55,26638.11,59760.791,0.021991999999999998
2023-01-11,22.42,23.81,22.31,23.35,41067.31,95711.023,0.033904000000000004
2023-01-12,23.13,23.74,23.0,23.47,27683.85,64921.236,0.022855
2023-01-13,23.79,24.05,23.25,23.96,25847.93,61585.361,0.021339999999999998
2023-01-16,24.01,25.2,23.63,24.35,24078.81,59075.249,0.019879
2023-01-17,24.58,24.69,24.01,24.49,20644.16,50221.708,0.017043
2023-01-18,24.6,25.12,24.3,24.95,21519.3,53543.01,0.017766
2023-01-19,25.0,25.19,24.43,24.89,11493.11,28528.214,0.009488
2023-01-20,24.73,25.2,24.62,24.91,10723.86,26826.671,0.008853
2023-01-30,25.32,25.32,24.5,24.66,10205.09,25259.678,0.008425
2023-01-31,24.8,24.9,24.13,24.26,15827.49,38588.406,0.013067
2023-02-01,24.42,26.36,24.06,26.04,44944.96,114561.013,0.037106
2023-02-02,26.03,27.88,26.03,27.35,47892.09,130947.235,0.039539
2023-02-03,27.2,30.7,27.2,29.85,137827.34,404335.253,0.113788
2023-02-06,30.09,31.84,29.33,31.68,96486.86,296189.471,0.07965799999999999
2023-02-07,31.5,31.68,30.32,30.41,55739.71,172581.635,0.046017999999999996
2023-02-08,30.64,31.25,29.87,30.29,39242.45,119553.769,0.032397999999999996
2023-02-09,30.6,31.02,29.89,30.3,37538.71,114321.074,0.030991
2023-02-10,30.41,31.66,30.4,30.97,37582.73,116268.518,0.031027999999999997
2023-02-13,31.03,31.49,30.35,30.99,17259.87,53190.979,0.014249000000000001
2023-02-14,30.6,31.41,30.22,30.85,28379.72,86901.753,0.02343
2023-02-15,31.19,31.19,29.49,30.22,44119.98,132389.974,0.036425
2023-02-16,29.96,30.33,29.28,29.49,27659.77,82227.356,0.022835
2023-02-17,29.83,30.3,29.27,29.4,20164.51,60039.552,0.016647000000000002
2023-02-20,29.52,29.65,28.76,29.42,26465.88,77063.055,0.02185
2023-02-21,29.61,30.39,28.64,29.79,35897.29,106141.356,0.029636
2023-02-22,29.33,31.58,29.33,30.25,35256.87,108208.375,0.029106999999999997
2023-02-23,30.09,30.76,29.43,29.8,20809.9,62193.973,0.01718
2023-02-24,29.62,30.83,29.59,29.92,31572.88,95373.104,0.026066
2023-02-27,30.09,30.92,29.92,30.53,51940.65,157813.768,0.042881
2023-02-28,30.1,32.0,29.96,31.3,46233.42,145142.48,0.038169
2023-03-01,31.21,31.35,30.0,30.22,36045.48,110096.386,0.029758
2023-03-02,29.92,30.39,29.03,29.3,36130.87,106730.466,0.029828999999999998
2023-03-03,29.3,29.3,28.42,28.6,25877.81,74293.164,0.021364
2023-03-06,28.72,29.66,28.23,29.2,28330.16,82699.304,0.023389000000000004
2023-03-07,29.52,30.1,28.1,28.17,33327.26,96180.806,0.027513999999999997
2023-03-08,28.08,28.78,27.7,28.2,19491.46,54810.591,0.016092
2023-03-09,27.93,28.49,27.58,27.63,16930.52,47246.529,0.013977999999999999
2023-03-10,27.83,28.18,27.22,27.8,19634.37,54556.595,0.01621
2023-03-13,27.51,28.82,27.51,28.22,21644.38,61094.101,0.017869
2023-03-14,28.42,29.37,27.72,28.2,25543.7,72887.139,0.021088
2023-03-15,28.41,28.41,26.96,27.31,43817.67,120579.194,0.036175
2023-03-16,27.31,27.84,27.0,27.24,15375.6,41939.378,0.012694
2023-03-17,27.11,27.5,26.58,26.75,20721.42,55854.719,0.017107
2023-03-20,26.52,27.04,26.24,26.65,16350.76,43584.864,0.013499
2023-03-21,26.99,27.66,26.52,26.89,13842.98,37490.386,0.011429
2023-03-22,27.12,27.3,26.5,26.6,14303.25,38209.761,0.011808
2023-03-23,26.78,27.08,26.33,26.47,16094.89,43095.792,0.013288
2023-03-24,26.54,26.89,26.04,26.14,33502.61,88136.871,0.027659
2023-03-27,25.89,26.37,25.5,25.64,34895.54,90300.289,0.028809
2023-03-28,25.6,26.35,25.03,26.02,20648.39,53385.558,0.017047
2023-03-29,25.73,26.7,25.59,25.89,19803.22,51521.485,0.016349
2023-03-30,25.85,26.45,25.73,26.17,10888.14,28503.564,0.008989
2023-03-31,26.43,27.35,26.11,27.21,25926.92,69957.049,0.021404999999999997
2023-04-03,27.25,27.89,26.79,27.34,16444.05,44982.841,0.013576
2023-04-04,27.6,27.78,26.5,26.72,13394.07,36119.565,0.011057999999999998
2023-04-06,26.9,26.9,25.99,26.36,12038.31,31649.746,0.009939
2023-04-07,26.62,26.84,24.89,25.86,33626.66,86301.231,0.027762
2023-04-10,25.88,26.19,25.57,25.8,16663.03,43115.56,0.013756999999999998
2023-04-11,25.76,26.17,25.52,25.72,8065.0,20806.875,0.006658
2023-04-12,25.98,26.09,25.26,25.54,32689.06,83852.913,0.026987
2023-04-13,25.64,26.67,25.36,26.28,20308.79,53096.665,0.016767
2023-04-14,26.15,26.6,25.78,26.45,13908.93,36508.78,0.011483
2023-04-17,26.6,26.6,25.06,25.84,37524.83,96232.733,0.030979999999999997
2023-04-18,27.0,29.59,27.0,28.32,103183.94,294631.549,0.08256500000000001
2023-04-19,27.51,28.39,25.55,25.9,75783.96,202926.34,0.06064
2023-04-20,25.65,26.39,25.22,25.3,37768.16,96835.386,0.030221
2023-04-21,25.49,26.19,25.1,25.18,28408.23,72417.049,0.022730999999999998
2023-04-24,24.88,25.6,24.09,24.48,29664.13,73057.495,0.023736
2023-04-25,24.48,24.65,23.51,23.99,26817.3,64200.141,0.021457999999999998
2023-04-26,24.39,25.81,24.02,25.58,32571.18,82126.072,0.026063
2023-04-27,25.64,26.16,25.13,25.88,17057.24,43911.341,0.013649
2023-04-28,25.7,26.28,24.94,25.59,20946.79,53659.155,0.016760999999999998
2023-05-04,25.41,26.44,25.38,25.88,23849.26,62079.104,0.019084
2023-05-05,25.7,26.33,25.03,25.18,15822.38,40132.557,0.012661
2023-05-08,25.38,25.48,24.2,24.63,31395.12,77250.967,0.025121
2023-05-09,24.0,24.75,23.69,24.0,20164.09,48818.384,0.016135
2023-05-10,23.95,24.48,23.8,24.33,12699.49,30666.695,0.010162
2023-05-11,24.5,25.93,24.24,24.25,23385.32,58646.885,0.018712
2023-05-12,24.28,25.55,24.09,24.78,21273.87,53236.67,0.017023
2023-05-15,24.3,24.9,23.53,24.25,33843.9,81207.343,0.027081
2023-05-16,24.3,24.56,24.01,24.23,14494.42,35181.484,0.011597999999999999
2023-05-17,24.2,24.46,23.71,24.18,11449.71,27518.593,0.009162
2023-05-18,24.19,24.37,23.76,23.88,10909.46,26092.633,0.008729
2023-05-19,23.9,24.45,23.47,24.18,17047.61,40905.848,0.013641
2023-05-22,24.21,24.44,23.8,24.13,17669.7,42498.124,0.014138999999999999
2023-05-23,24.41,24.52,23.99,24.43,15375.45,37431.444,0.012303
2023-05-24,24.41,24.41,23.9,23.92,11383.26,27393.989,0.009109
2023-05-25,23.79,24.05,23.57,23.9,9108.81,21658.909,0.007289
2023-05-26,23.73,23.95,23.54,23.86,7211.85,17120.559,0.005770999999999999
2023-05-29,23.56,23.98,23.31,23.54,12777.2,30126.049,0.010224
2023-05-30,23.61,23.78,22.98,23.35,16332.95,38032.221,0.013068999999999999
2023-05-31,23.55,23.73,23.06,23.08,16651.45,38954.762,0.013324
2023-06-01,23.16,23.6,22.81,23.11,20105.93,46611.567,0.016088
2023-06-02,23.4,23.51,23.03,23.2,17829.14,41499.626,0.014266000000000001
2023-06-05,23.19,23.31,22.5,22.7,25181.13,57307.871,0.020149
2023-06-06,22.59,23.19,22.31,22.8,44956.24,103013.591,0.035973000000000005
2023-06-07,22.64,23.95,22.2,22.4,35874.69,82064.067,0.028706
2023-06-08,22.29,22.88,22.1,22.19,20473.08,45801.992,0.016382
2023-06-09,22.55,22.69,22.02,22.43,18374.79,41121.691,0.014702999999999999
2023-06-12,22.49,22.49,21.93,21.98,26684.78,58914.731,0.021352000000000003
2023-06-13,22.0,22.11,21.88,21.95,13198.6,29034.959,0.010561000000000001
2023-06-14,21.88,22.56,21.76,21.86,11536.33,25249.671,0.009231
2023-06-15,21.9,22.15,21.67,22.02,10621.14,23352.22,0.008499
2023-06-16,22.02,22.6,22.02,22.37,16757.73,37520.772,0.013408999999999999
2023-06-19,22.49,24.0,22.41,23.33,30635.72,71739.718,0.024514
2023-06-20,23.44,23.65,22.73,23.48,30171.95,69981.783,0.024142999999999998
2023-06-21,23.85,23.85,22.61,22.78,19357.03,44475.498,0.015489
2023-06-26,22.85,22.98,22.02,22.38,16583.13,37226.924,0.013269
2023-06-27,22.38,22.78,21.79,21.98,19810.51,43696.517,0.015851999999999998
2023-06-28,21.95,22.24,21.75,22.14,12591.21,27769.714,0.010075
2023-06-29,22.13,23.3,22.08,23.12,27686.02,63234.568,0.022153999999999997
2023-06-30,23.14,24.05,22.86,23.79,28730.34,67736.49,0.022989000000000002
2023-07-03,23.8,23.97,23.24,23.62,19433.56,45829.792,0.01555
2023-07-04,23.33,23.72,23.22,23.62,13552.51,31788.18,0.010844
2023-07-05,23.67,23.8,23.05,23.27,10875.45,25306.521,0.008702
2023-07-06,23.38,23.47,22.94,23.1,11279.19,26137.888,0.009025
2023-07-07,22.83,24.24,22.8,23.75,22279.09,52926.631,0.017827
2023-07-10,23.63,24.9,23.61,24.36,25203.63,61495.909,0.020167
2023-07-11,24.45,24.57,24.12,24.49,14113.48,34413.841,0.011293
2023-07-12,24.37,24.49,23.94,24.1,10996.61,26523.676,0.008799
2023-07-13,24.15,24.63,23.92,24.19,13837.49,33509.287,0.011072
2023-07-14,24.0,24.13,23.66,23.96,12471.01,29797.733,0.009979
2023-07-17,23.6,24.18,23.44,23.85,11021.69,26252.697,0.008819
2023-07-18,23.85,24.11,23.46,23.57,7984.99,18852.55,0.006389000000000001
2023-07-19,23.75,23.75,23.2,23.41,9561.82,22376.812,0.007651
2023-07-20,23.64,23.68,23.05,23.12,11006.75,25635.401,0.008807
2023-07-21,23.22,23.54,23.0,23.34,7678.3,17926.649,0.006143999999999999
2023-07-24,23.42,23.66,23.01,23.1,11636.01,27018.329,0.009311
2023-07-25,23.4,23.45,22.88,23.28,13180.7,30517.517,0.010546999999999999
2023-07-26,23.23,23.82,22.91,23.41,12252.21,28785.02,0.009804
2023-07-27,23.61,23.65,23.14,23.29,7848.6,18312.928,0.00628
2023-07-28,23.25,23.88,23.12,23.78,8885.85,20977.53,0.00711
2023-07-31,24.12,24.12,22.75,22.87,20377.66,47023.263,0.016306
2023-08-01,22.75,23.38,22.75,23.13,18200.16,42229.349,0.014563
2023-08-02,23.3,23.3,22.33,22.55,18229.06,41143.51,0.014585999999999998
2023-08-03,22.55,22.77,22.37,22.54,12789.78,28769.985,0.010234
2023-08-04,22.65,22.69,22.11,22.21,16143.65,35954.625,0.012918
2023-08-07,22.21,22.35,21.51,21.58,26915.55,58437.255,0.021537
2023-08-08,21.58,21.81,21.3,21.42,14897.58,31869.45,0.011921
2023-08-09,21.36,21.57,21.24,21.32,10171.83,21747.155,0.008139
2023-08-10,21.32,21.63,21.21,21.45,9297.05,19972.606,0.007439
2023-08-11,21.48,21.56,21.15,21.16,12897.8,27427.408,0.010320000000000001
2023-08-14,21.36,21.38,20.85,21.07,18670.37,39342.93,0.01494
2023-08-15,21.07,21.48,20.94,21.27,10548.6,22388.949,0.008440999999999999
2023-08-16,21.2,21.47,21.0,21.18,8240.87,17534.824,0.006594
2023-08-17,21.18,21.3,21.01,21.14,7356.77,15537.43,0.005887
2023-08-18,21.11,21.4,20.88,20.91,11056.09,23322.596,0.008847
2023-08-21,20.91,21.24,20.8,20.82,8525.66,17914.867,0.006822
2023-08-22,20.82,21.1,20.62,20.87,9705.97,20189.814,0.0077659999999999995
2023-08-23,20.97,21.06,20.55,20.57,6779.24,14013.849,0.005425
2023-08-24,20.6,21.09,20.51,20.82,17496.88,36498.516,0.014001
2023-08-25,20.88,21.08,20.2,20.46,14628.54,30297.578,0.011705
2023-08-28,21.48,21.55,20.33,20.43,20393.2,42261.994,0.016318
2023-08-29,20.28,20.91,19.64,20.81,62868.47,127278.931,0.050306
2023-08-30,20.7,21.06,20.5,20.78,26376.0,54936.275,0.021105
2023-08-31,20.88,20.88,20.37,20.57,15098.75,30997.847,0.012081999999999999
2023-09-01,20.51,20.68,20.08,20.2,20731.34,42101.55,0.016589
2023-09-04,20.3,20.38,19.89,20.2,24077.07,48362.537,0.019266000000000002
2023-09-05,20.18,20.29,19.94,20.05,15724.71,31628.846,0.012582
2023-09-06,20.19,20.19,19.75,19.91,21673.74,43139.909,0.017343
2023-09-07,19.91,20.03,19.6,19.63,18006.1,35599.819,0.014408
2023-09-08,19.63,19.78,19.57,19.77,7910.29,15582.243,0.00633
2023-09-11,19.69,20.31,19.52,20.24,20375.79,40882.491,0.016304
2023-09-12,20.23,20.69,20.11,20.42,17644.15,36118.524,0.014117999999999999
2023-09-13,20.34,20.56,20.13,20.35,11638.78,23670.18,0.009313
2023-09-14,20.31,20.31,19.88,19.91,11998.25,23982.244,0.009601
2023-09-15,20.0,20.15,19.7,19.81,25119.23,49911.606,0.020099999999999996
2023-09-18,19.81,20.28,19.6,20.28,20081.73,40285.773,0.016069
2023-09-19,20.3,20.41,19.85,19.94,9684.9,19423.453,0.00775
2023-09-20,19.89,20.08,19.78,19.81,7213.17,14325.469,0.005772
2023-09-21,19.72,19.83,19.5,19.58,10896.13,21384.256,0.008719
2023-09-22,19.58,19.94,19.33,19.9,11447.59,22468.559,0.0024560000000000003
2023-09-25,19.86,20.48,19.7,20.36,26696.51,53876.775,0.0057269999999999995
2023-09-26,20.26,20.49,20.18,20.4,13227.28,26929.259,0.002838
2023-09-27,20.21,20.96,20.18,20.89,18816.19,38956.996,0.004037
2023-09-28,20.89,20.89,20.52,20.68,15296.0,31564.236,0.0032819999999999998
2023-10-09,20.58,20.79,20.28,20.4,11070.03,22590.634,0.002375
2023-10-10,20.33,20.48,19.82,19.87,15687.43,31429.683,0.0033650000000000004
2023-10-11,19.71,20.44,19.7,20.0,13404.68,26991.993,0.002876
2023-10-12,20.0,20.28,19.75,19.82,14912.17,29706.904,0.003199
2023-10-13,19.73,19.89,19.53,19.71,10302.54,20254.685,0.00221
2023-10-16,19.9,19.99,19.41,19.55,10470.19,20496.041,0.0022459999999999997
2023-10-17,19.56,19.84,19.11,19.37,12121.9,23394.057,0.002601
2023-10-18,19.41,19.54,19.05,19.08,8057.72,15455.532,0.001729
2023-10-19,19.08,19.23,18.7,18.75,11455.47,21635.872,0.002458
2023-10-20,18.79,18.8,18.42,18.44,7766.47,14413.229,0.001666
2023-10-23,18.44,18.51,17.89,18.04,9730.87,17674.698,0.002088
2023-10-24,18.04,18.49,17.89,18.28,9763.33,17762.94,0.002095
2023-10-25,18.41,18.57,18.15,18.19,9075.53,16640.408,0.0019470000000000002
2023-10-26,18.1,18.37,17.92,18.29,11631.75,21101.828,0.002495
2023-10-27,18.18,18.69,17.58,18.58,25344.86,45884.741,0.005437
2023-10-30,18.63,19.51,18.55,19.38,26032.53,49936.51,0.005585
2023-10-31,19.22,19.73,19.17,19.62,12259.24,23990.691,0.00263
2023-11-01,19.62,19.69,19.32,19.6,7910.97,15431.461,0.001697
2023-11-02,19.54,19.77,19.19,19.19,9419.87,18220.275,0.0020210000000000002
2023-11-03,19.19,19.64,19.19,19.44,8473.8,16517.651,0.001818
2023-11-06,19.44,20.22,19.44,20.13,19427.3,38712.146,0.004168
2023-11-07,19.92,20.08,19.76,19.88,12734.68,25371.799,0.002732
2023-11-08,19.82,20.2,19.73,20.0,11545.37,23111.496,0.002477
2023-11-09,20.2,20.25,19.71,19.98,10848.74,21639.39,0.002327
2023-11-10,19.7,20.04,19.69,19.85,14932.48,29672.409,0.0032040000000000003
2023-11-13,19.9,20.09,19.65,19.93,13016.44,25857.212,0.002792
2023-11-14,20.0,20.1,19.82,19.93,13947.08,27826.939,0.0029920000000000003
2023-11-15,20.1,20.22,19.92,20.01,12021.57,24080.514,0.002579
2023-11-16,19.9,20.19,19.81,19.9,15579.58,31143.048,0.003342
2023-11-17,19.95,20.4,19.74,20.26,16521.32,33280.321,0.003544
2023-11-20,20.31,20.31,19.36,19.73,37339.57,73485.665,0.008011
2023-11-21,19.63,19.86,19.51,19.71,17831.09,35113.454,0.0038250000000000003
2023-11-22,19.68,19.81,19.51,19.53,15964.55,31393.797,0.003425
2023-11-23,19.6,19.76,19.34,19.69,13720.03,26860.528,0.002943
2023-11-24,19.68,19.76,19.5,19.62,12562.08,24626.114,0.0026950000000000003
2023-11-27,19.5,19.66,19.34,19.49,14563.16,28317.128,0.003124
2023-11-28,19.32,19.72,19.2,19.65,17212.15,33561.166,0.003693
2023-11-29,19.65,19.67,19.31,19.41,13258.6,25733.207,0.0028439999999999997
2023-11-30,19.35,19.48,19.15,19.38,11683.29,22583.108,0.002506
2023-12-01,19.48,19.48,19.13,19.31,10278.27,19784.699,0.002205
2023-12-04,19.32,19.33,18.9,18.93,15176.83,28976.634,0.003256
2023-12-05,19.05,19.17,18.81,18.82,11040.23,20928.924,0.0023680000000000003
2023-12-06,18.81,19.35,18.75,19.18,15401.77,29442.565,0.003304
2023-12-07,19.18,19.19,18.61,18.81,24586.18,46268.426,0.005274999999999999
2023-12-08,18.95,18.97,18.5,18.5,21729.01,40584.852,0.004662
2023-12-11,18.5,18.85,18.19,18.77,23645.6,43840.052,0.005072999999999999
2023-12-12,18.75,18.8,18.42,18.63,13376.86,24846.757,0.0028699999999999997
2023-12-13,18.58,18.73,18.38,18.42,11234.12,20811.688,0.00241
2023-12-14,18.42,18.81,18.42,18.57,13809.6,25683.513,0.002963
2023-12-15,18.57,18.57,18.26,18.26,15646.36,28735.214,0.003357
2023-12-18,18.32,18.55,18.17,18.34,12412.07,22826.77,0.002663
2023-12-19,18.4,18.4,18.06,18.27,10980.45,19956.647,0.002356
2023-12-20,18.3,18.55,18.2,18.28,14505.42,26612.743,0.0031119999999999997
2023-12-21,18.24,18.34,17.94,18.25,23021.1,41692.277,0.004939
2023-12-22,18.2,18.52,18.01,18.37,26405.46,48513.835,0.005665
2023-12-25,18.45,20.08,18.33,19.56,49137.97,94528.058,0.010542000000000001
2023-12-26,19.7,20.04,19.45,19.67,39557.12,78326.688,0.008486
2023-12-27,19.62,20.39,19.52,20.17,40201.81,80449.555,0.008625
2023-12-28,20.1,20.17,19.7,19.79,38946.16,77273.572,0.008355
2023-12-29,19.82,20.52,19.79,20.38,45642.76,92839.942,0.009792
2024-01-02,20.39,20.61,20.01,20.36,28175.27,57311.451,0.006045
2024-01-03,20.33,20.57,20.05,20.27,22119.77,44847.051,0.004745
2024-01-04,20.23,20.35,19.95,20.18,20696.05,41656.809,0.00444
2024-01-05,20.15,20.38,19.51,19.64,29261.49,58303.6,0.006278000000000001
2024-01-08,19.63,19.74,19.16,19.27,22464.91,43504.684,0.004819
2024-01-09,19.45,19.6,19.01,19.17,21665.35,41762.421,0.004648
2024-01-10,19.31,19.32,18.85,18.89,24562.21,46709.202,0.005269
2024-01-11,18.79,19.32,18.79,19.16,15813.28,30215.459,0.003392
2024-01-12,19.29,19.46,19.1,19.15,11919.25,22990.117,0.002557
2024-01-15,20.01,20.01,18.73,18.97,26120.2,49650.779,0.0056040000000000005
2024-01-16,19.1,19.1,18.6,18.88,20796.73,39210.488,0.004462
2024-01-17,18.84,19.0,18.18,18.18,16036.62,29697.984,0.00344
2024-01-18,18.18,18.18,17.17,17.63,35851.12,62702.679,0.007691
2024-01-19,17.6,17.6,16.92,17.0,26470.79,45369.206,0.005679
2024-01-22,17.05,17.06,16.01,16.03,39145.29,64648.89,0.008398
2024-01-23,16.0,16.25,15.87,16.15,31382.87,50348.987,0.006733
2024-01-24,16.4,16.47,15.7,16.4,21337.46,34348.107,0.004578
2024-01-25,16.37,17.05,16.15,16.99,22994.51,38350.298,0.004933
2024-01-26,16.93,17.0,16.33,16.42,17228.66,28719.081,0.0036959999999999996
2024-01-29,16.62,16.74,16.19,16.21,15760.18,25923.409,0.0033810000000000003
2024-01-30,16.2,16.3,15.8,15.82,13586.43,21793.541,0.0029149999999999996
2024-01-31,15.75,15.99,15.15,15.34,30341.93,46931.985,0.006509
2024-02-01,15.2,15.5,14.75,15.06,26476.8,40076.715,0.005679999999999999
2024-02-02,15.06,15.35,14.15,14.7,22587.53,33703.573,0.004846
2024-02-05,14.7,14.89,13.95,14.37,32818.97,46963.65,0.0070409999999999995
2024-02-06,14.06,15.7,13.92,15.48,27774.26,40943.349,0.005959
2024-02-07,15.47,16.76,15.26,16.21,39780.56,64741.041,0.008534
2024-02-08,16.72,17.24,16.2,16.66,36516.97,61724.485,0.007834
2024-02-19,17.0,17.0,15.97,16.15,30555.89,49753.806,0.006555
2024-02-20,16.13,16.37,15.83,16.2,21709.77,34849.136,0.004657
2024-02-21,16.18,16.97,15.91,16.34,23134.92,38242.275,0.004963
2024-02-22,16.37,16.58,16.14,16.41,14886.3,24330.284,0.0031940000000000002
2024-02-23,16.41,16.52,16.06,16.4,18941.31,30797.767,0.004064
2024-02-26,16.38,16.98,16.17,16.64,23756.68,39428.165,0.005097000000000001
2024-02-27,16.4,16.69,16.23,16.68,41430.56,68204.103,0.008888
2024-02-28,16.97,17.04,16.2,16.21,39461.7,65594.709,0.008466
2024-02-29,16.03,16.66,16.03,16.65,28996.47,47668.963,0.006221
2024-03-01,16.55,16.71,16.38,16.55,16852.7,27825.043,0.0036149999999999997
2024-03-04,16.56,16.63,16.27,16.49,17224.7,28284.492,0.003695
2024-03-05,16.41,16.47,16.16,16.23,18138.4,29582.585,0.003891
2024-03-06,16.23,16.45,16.01,16.13,17795.0,28803.445,0.0038179999999999998
2024-03-07,16.12,16.32,15.82,15.94,17721.98,28440.551,0.003802
2024-03-08,15.84,16.03,15.58,15.83,14580.48,22998.649,0.003128
2024-03-11,15.8,16.29,15.75,16.27,20654.42,33171.254,0.004431
2024-03-12,16.28,16.56,16.23,16.51,22274.31,36611.711,0.004779
2024-03-13,16.48,16.54,16.29,16.38,18973.66,31093.113,0.00407
2024-03-14,16.33,16.58,16.01,16.16,17087.62,27804.598,0.003666
2024-03-15,16.19,16.21,15.92,16.16,13404.93,21562.924,0.002876
2024-03-18,16.19,16.56,16.12,16.53,23981.01,39239.664,0.005144999999999999
2024-03-19,16.78,17.47,16.53,17.13,49362.49,84408.74,0.010589999999999999
2024-03-20,17.06,18.49,16.97,18.21,67354.64,120213.741,0.014450000000000001
2024-03-21,18.1,18.88,18.02,18.45,46305.57,85613.972,0.009934
2024-03-22,18.08,18.44,17.71,17.87,26643.11,47792.925,0.005716
2024-03-25,17.64,17.64,16.88,16.9,30949.54,53343.009,0.00664
2024-03-26,16.91,17.34,16.91,17.1,21957.02,37562.017,0.004711
2024-03-27,16.96,17.83,16.85,17.24,33564.93,58787.332,0.007201
2024-03-28,17.38,17.82,16.91,17.51,24989.42,43779.662,0.005361
2024-03-29,17.66,17.66,17.0,17.47,24702.89,42803.578,0.0053
2024-04-01,17.34,18.79,17.34,18.73,56948.6,104922.727,0.012217
2024-04-02,18.79,19.75,18.7,19.64,66079.07,127589.144,0.014176
2024-04-03,19.8,20.15,19.5,19.84,47042.12,93217.138,0.010092
2024-04-08,19.84,19.99,19.33,19.68,34665.36,68284.323,0.007437
2024-04-09,19.56,20.09,19.43,19.95,32044.28,63210.647,0.006875
2024-04-10,19.95,20.0,19.15,19.34,32058.33,62717.442,0.0068779999999999996
2024-04-11,19.35,19.36,18.65,18.79,25893.39,49179.521,0.005555
2024-04-12,18.79,18.95,17.99,18.15,35403.63,64913.86,0.007594999999999999
2024-04-15,18.12,18.32,17.34,17.65,39814.97,70849.705,0.008542
2024-04-16,17.65,17.74,16.63,16.66,35946.3,61042.229,0.007712
2024-04-17,16.99,17.28,16.7,16.96,27084.59,45957.079,0.005810999999999999
2024-04-18,16.85,17.08,16.7,16.76,21827.85,36797.748,0.004683
2024-04-19,16.76,16.93,16.35,16.67,23279.92,38634.126,0.004994
2024-04-22,16.88,18.12,16.72,17.93,43681.2,77115.507,0.009371
2024-04-23,18.0,18.03,17.3,17.56,26349.05,46290.19,0.005653
2024-04-24,17.8,17.8,17.37,17.76,13111.45,23068.536,0.002813
2024-04-25,17.58,17.96,17.49,17.62,19880.6,35136.522,0.004265
2024-04-26,17.85,17.85,17.23,17.39,21304.53,37114.915,0.004571
2024-04-29,17.28,17.92,17.22,17.79,27055.95,47728.884,0.005804
2024-04-30,17.62,18.5,17.5,18.17,26104.79,47322.153,0.005600000000000001
2024-05-06,18.17,18.8,17.97,18.66,24954.9,46199.257,0.005354
2024-05-07,18.85,18.85,18.16,18.52,27906.46,51432.122,0.005987
2024-05-08,18.8,18.99,18.32,18.8,28042.17,52540.195,0.0060160000000000005
2024-05-09,18.65,19.16,18.58,18.65,26459.16,49727.002,0.005676
2024-05-10,18.8,18.9,18.21,18.29,19069.42,35281.491,0.004091
2024-05-13,18.16,18.78,18.01,18.53,25542.95,47166.313,0.0054800000000000005
2024-05-14,18.68,18.68,18.32,18.32,19525.03,36057.871,0.004189
2024-05-15,18.5,18.55,17.71,17.8,19457.9,34915.093,0.004174
2024-05-16,17.87,18.01,17.52,17.78,23102.89,41145.929,0.0049559999999999995
2024-05-17,17.62,19.05,17.62,19.0,35349.03,65217.273,0.007584
2024-05-20,18.99,19.54,18.8,19.37,33526.69,64437.566,0.007193000000000001
2024-05-21,19.2,19.56,19.05,19.32,22692.9,43760.813,0.004868
2024-05-22,18.99,19.12,18.65,18.99,15557.96,29400.957,0.003338
2024-05-23,19.19,19.2,18.12,18.35,29250.47,54373.088,0.006274999999999999
2024-05-24,18.58,18.65,17.76,17.91,19527.73,35341.232,0.004189
2024-05-27,17.96,18.0,17.37,17.81,16517.45,29151.055,0.003544
2024-05-28,17.78,17.86,17.05,17.19,21365.49,36893.478,0.0045839999999999995
2024-05-29,17.12,17.29,16.9,16.97,17091.64,29190.502,0.003667
2024-05-30,17.0,17.06,16.8,16.95,10764.79,18231.315,0.002309
2024-05-31,17.2,17.2,16.66,16.74,21361.28,35957.886,0.004583
2024-06-03,16.66,16.9,16.14,16.34,42799.44,70030.607,0.009182000000000001
2024-06-04,16.4,16.65,16.2,16.61,23259.51,38218.866,0.00499
2024-06-05,16.62,16.63,16.25,16.42,24971.21,40970.103,0.005357
2024-06-06,16.28,16.48,16.02,16.06,23736.48,38486.367,0.005092
2024-06-07,16.06,16.28,15.61,15.67,21436.22,33919.722,0.004599
2024-06-11,15.92,15.92,15.4,15.75,16244.69,25309.703,0.003485
2024-06-12,15.82,15.99,15.66,15.81,11864.45,18809.929,0.002545
2024-06-13,15.79,16.07,15.48,15.94,23635.58,37338.931,0.005071
2024-06-14,15.94,16.12,15.33,15.8,50746.46,78887.102,0.010887
2024-06-17,15.48,15.68,15.41,15.6,25253.07,39205.941,0.005417999999999999
2024-06-18,15.61,15.77,15.46,15.74,19514.04,30564.617,0.0041860000000000005
2024-06-19,15.8,15.8,15.38,15.38,13266.97,20584.17,0.002846
2024-06-20,15.49,15.56,15.21,15.23,14291.2,21924.332,0.0030659999999999997
2024-06-21,15.48,15.83,15.2,15.5,17474.58,27253.895,0.003749
2024-06-24,15.4,15.58,14.89,14.91,14690.96,22139.311,0.003152
2024-06-25,15.08,15.12,14.72,14.81,14857.26,22135.947,0.0031869999999999997
2024-06-26,14.87,15.27,14.73,15.25,9456.05,14240.209,0.002029
2024-06-27,15.25,15.3,14.73,14.77,13994.39,20791.284,0.0030020000000000003
2024-06-28,14.75,15.05,14.67,14.69,16980.32,25248.435,0.003643
2024-07-01,14.51,14.87,14.41,14.56,19481.91,28509.809,0.00418
2024-07-02,14.56,14.58,13.91,14.0,42458.93,59933.231,0.009109
2024-07-03,13.99,14.09,13.62,13.69,35725.2,49290.27,0.007664
2024-07-04,13.86,13.86,13.26,13.35,17216.95,23144.454,0.0036940000000000002
2024-07-05,13.39,13.84,13.2,13.72,15575.33,21147.125,0.0033410000000000002
2024-07-08,13.98,13.98,13.35,13.44,17133.56,23064.932,0.003676
2024-07-09,13.41,13.53,12.99,13.09,31345.36,41315.285,0.006725
2024-07-10,13.25,13.25,12.8,12.92,20211.91,26296.169,0.004336
2024-07-11,13.25,13.54,13.0,13.29,17178.5,22870.759,0.003685
2024-07-12,13.45,13.46,13.04,13.11,10542.41,13945.424,0.002262
2024-07-15,13.25,13.25,12.92,13.0,12328.55,16079.573,0.002645
2024-07-16,12.9,13.29,12.9,13.03,15546.95,20394.849,0.0033350000000000003
2024-07-17,13.04,13.6,12.98,13.52,21586.59,28894.247,0.004631
2024-07-18,13.4,13.92,13.32,13.83,21466.43,29280.536,0.004605000000000001
2024-07-19,14.02,14.02,13.55,13.74,14614.31,20062.041,0.003135
2024-07-22,13.74,13.77,13.52,13.6,9975.79,13587.352,0.00214
2024-07-23,13.58,13.64,13.19,13.19,10935.11,14629.345,0.002346
2024-07-24,13.31,13.31,12.77,12.8,14330.3,18551.357,0.003074
2024-07-25,12.69,13.15,12.69,12.9,7769.29,10059.527,0.0016669999999999999
2024-07-26,12.9,13.14,12.88,12.95,8902.58,11566.724,0.00191
2024-07-29,13.17,13.17,12.71,12.81,7669.5,9836.036,0.001645
2024-07-30,12.81,13.1,12.75,13.0,11148.87,14428.661,0.002392
2024-07-31,12.97,13.78,12.91,13.73,19827.38,26616.564,0.004254
2024-08-01,13.78,13.95,13.56,13.67,9593.76,13111.825,0.002058
2024-08-02,13.63,13.9,13.55,13.61,11510.99,15856.192,0.0024690000000000003
2024-08-05,13.42,13.86,13.36,13.43,15516.03,21100.368,0.003329
2024-08-06,13.58,13.81,13.53,13.75,12052.17,16486.331,0.0025859999999999998
2024-08-07,13.81,14.05,13.45,13.94,15981.82,22103.462,0.0034289999999999998
2024-08-08,13.8,14.08,13.72,13.94,10667.43,14836.091,0.002289
2024-08-09,14.02,14.04,13.7,13.74,6797.86,9401.619,0.001458
2024-08-12,13.8,13.93,13.65,13.79,8487.62,11731.024,0.0018210000000000001
2024-08-13,13.77,13.83,13.63,13.79,5603.81,7691.825,0.001202
2024-08-14,13.76,13.78,13.53,13.58,4338.23,5907.901,0.000931
2024-08-15,13.68,13.96,13.56,13.63,9732.98,13365.538,0.002088
2024-08-16,13.56,13.68,13.49,13.61,10084.4,13680.494,0.002163
2024-08-19,13.52,13.68,13.15,13.2,10979.41,14657.999,0.002355
2024-08-20,13.13,13.21,12.42,12.49,21138.34,26694.774,0.004535
2024-08-21,12.46,12.47,12.02,12.11,20528.72,24986.696,0.004404
2024-08-22,12.1,12.27,11.98,12.09,12184.73,14726.112,0.002614
2024-08-23,12.19,12.19,11.73,11.84,14087.29,16733.907,0.0030220000000000004
2024-08-26,11.91,12.26,11.84,12.07,12605.97,15265.795,0.002704
2024-08-27,12.08,12.15,11.94,12.06,9067.05,10923.512,0.0019450000000000001
2024-08-28,12.08,12.27,11.9,12.18,8209.64,9962.05,0.001761
2024-08-29,12.22,12.67,12.1,12.59,13782.18,17174.569,0.002957
2024-08-30,12.64,12.68,11.95,12.39,20490.2,25353.133,0.004396
2024-09-02,12.36,12.45,12.05,12.07,13415.96,16410.534,0.002878
2024-09-03,12.06,12.34,11.98,12.08,8347.61,10156.391,0.001791
2024-09-04,12.02,12.18,11.87,11.91,11339.24,13614.853,0.002433
2024-09-05,11.88,12.19,11.88,12.08,7298.08,8814.1,0.001566
2024-09-06,12.15,12.15,11.69,11.69,10947.55,12933.236,0.002349
2024-09-09,11.71,11.87,11.58,11.72,8156.73,9580.026,0.0017499999999999998
2024-09-10,11.79,11.8,11.38,11.61,13104.56,15111.589,0.002811
2024-09-11,11.56,11.68,11.48,11.58,8758.28,10139.658,0.001879
2024-09-12,11.66,11.79,11.47,11.47,8648.83,10042.036,0.0018549999999999999
2024-09-13,11.56,11.56,11.3,11.31,8531.98,9699.169,0.00183
2024-09-18,11.31,11.34,11.0,11.18,10575.2,11789.894,0.0022689999999999997
2024-09-19,11.24,11.75,11.2,11.48,15465.36,17721.022,0.0033179999999999998
2024-09-20,11.49,11.49,11.2,11.33,9136.58,10338.461,0.00196
2024-09-23,11.32,11.48,11.19,11.26,8717.37,9834.705,0.00187
2024-09-24,11.31,11.92,11.24,11.92,25796.11,29978.181,0.005534
2024-09-25,12.07,12.3,11.93,12.07,19633.54,23850.004,0.0042120000000000005
2024-09-26,12.07,12.65,12.0,12.64,17879.65,22119.365,0.003836
2024-09-27,12.77,13.62,12.77,13.5,21138.59,27800.428,0.004535
2024-09-30,13.98,15.28,13.75,14.99,69059.04,100714.265,0.014815
2024-10-08,17.7,17.7,15.6,16.11,79158.42,130101.349,0.016982
2024-10-09,15.92,15.94,13.95,13.98,66426.62,98929.248,0.014251
2024-10-10,14.2,14.7,13.8,13.88,49538.82,70179.534,0.010628
2024-10-11,13.8,13.93,13.08,13.29,35358.28,47295.389,0.007586000000000001
2024-10-14,13.41,13.53,12.9,13.38,28364.56,37572.175,0.006085
2024-10-15,13.38,13.45,12.93,12.95,26968.0,35550.771,0.005786
2024-10-16,13.04,13.17,12.71,12.95,20317.73,26361.083,0.004359
2024-10-17,13.03,13.18,12.9,12.93,23747.08,30944.32,0.005095
2024-10-18,12.99,14.17,12.91,13.81,40451.35,54526.845,0.008678
2024-10-21,13.85,14.11,13.53,13.8,36465.99,50476.376,0.007823
2024-10-22,13.8,13.89,13.49,13.65,42289.21,57877.415,0.009072
2024-10-23,13.71,13.94,13.58,13.78,35705.7,49119.683,0.00766
2024-10-24,13.76,13.9,13.6,13.78,22062.09,30335.484,0.004733
2024-10-25,13.76,14.23,13.73,14.2,30112.43,42219.315,0.0064600000000000005
2024-10-28,14.13,14.6,14.13,14.58,36039.58,51997.859,0.007732
2024-10-29,14.6,14.63,13.88,13.92,35138.08,49702.65,0.007538
2024-10-30,13.99,14.0,13.52,13.65,24719.24,33985.253,0.0053029999999999996
2024-10-31,13.64,14.75,13.63,14.4,56912.45,81685.476,0.01221
2024-11-01,14.46,14.61,14.01,14.33,40535.56,58009.573,0.008696
2024-11-04,14.3,14.86,14.22,14.85,34732.59,50853.493,0.007451
2024-11-05,14.85,15.25,14.69,15.19,38561.49,58007.555,0.008273
2024-11-06,15.13,15.36,14.98,15.27,30250.35,45976.137,0.00649
2024-11-07,15.02,15.88,15.02,15.7,36214.11,56470.266,0.007769000000000001
2024-11-08,15.78,15.85,15.28,15.38,34177.33,53025.951,0.007332
2024-11-11,15.25,15.55,15.08,15.52,44448.53,68191.762,0.009536
2024-11-12,15.58,15.95,15.35,15.4,36894.24,57886.547,0.007915
2024-11-13,15.37,15.55,14.94,15.19,32619.38,49349.949,0.006998
2024-11-14,15.1,15.18,14.65,14.78,27608.04,41118.683,0.005923
2024-11-15,14.68,14.99,14.51,14.53,24875.2,36738.894,0.005337
2024-11-18,14.62,14.68,14.32,14.4,28090.96,40727.296,0.006026
2024-11-19,14.47,14.65,14.31,14.57,21103.12,30616.857,0.004527
2024-11-20,14.59,14.71,14.42,14.69,22821.09,33260.214,0.004896
2024-11-21,14.71,14.74,14.38,14.5,21995.3,31934.208,0.004719
2024-11-22,14.5,14.5,13.7,13.79,23118.22,32688.547,0.00496
2024-11-25,13.84,14.06,13.78,13.98,16822.58,23448.757,0.003609
2024-11-26,13.98,14.19,13.87,13.93,17184.95,24109.132,0.003687
2024-11-27,13.85,14.48,13.68,14.47,25990.64,36564.564,0.005576
2024-11-28,14.47,14.77,14.35,14.66,26822.82,39037.618,0.0057540000000000004
2024-11-29,14.58,15.26,14.58,14.97,33779.29,50753.153,0.007247
2024-12-02,14.97,15.3,14.93,15.22,25241.71,38370.022,0.005415
2024-12-03,15.24,15.48,15.12,15.39,26202.16,40139.48,0.005621
2024-12-04,15.39,15.45,15.15,15.28,26760.9,40993.713,0.0057410000000000004
2024-12-05,15.28,15.48,15.23,15.43,16426.81,25268.963,0.003524
2024-12-06,15.43,15.57,15.15,15.52,23104.67,35580.625,0.004957
2024-12-09,15.54,15.66,15.35,15.6,22754.32,35306.539,0.004882
2024-12-10,16.11,16.26,15.61,15.65,26722.59,42269.02,0.005733
2024-12-11,15.88,15.97,15.5,15.61,24899.89,39119.438,0.005342
2024-12-12,15.62,15.76,15.37,15.47,34802.12,53903.688,0.007466
2024-12-13,15.45,15.5,15.01,15.43,54533.54,82898.734,0.011699
2024-12-16,15.2,15.28,14.92,15.04,32725.46,49272.081,0.0070209999999999995
2024-12-17,15.03,15.11,14.61,14.77,27150.27,40311.894,0.005825
2024-12-18,14.83,14.9,14.61,14.66,15129.36,22313.52,0.003246
2024-12-19,14.63,14.66,14.37,14.62,19663.62,28498.473,0.004219
2024-12-20,14.61,14.91,14.56,14.75,13781.49,20350.952,0.002957
2024-12-23,14.78,14.83,14.39,14.41,15783.74,22930.76,0.003386
2024-12-24,14.45,14.58,14.3,14.46,13200.29,19045.912,0.002832
2024-12-25,14.46,14.48,14.28,14.39,11041.92,15843.95,0.002369
2024-12-26,14.39,14.61,14.29,14.47,12955.86,18800.672,0.002779
2024-12-27,14.49,15.19,14.39,14.9,26789.35,39727.308,0.0057469999999999995
2024-12-30,14.97,14.98,14.55,14.7,15174.07,22310.845,0.003255
2024-12-31,14.73,14.8,14.29,14.29,12816.6,18593.046,0.0027500000000000003
2025-01-02,14.27,14.42,13.58,13.77,23853.0,33479.267,0.005117
2025-01-03,13.75,14.05,13.43,13.47,19390.66,26554.972,0.00416
2025-01-06,13.72,13.81,13.32,13.48,21114.73,28501.725,0.00453
2025-01-07,13.45,13.64,13.0,13.2,21991.41,29039.374,0.004718
2025-01-08,13.21,13.23,12.52,12.91,31496.22,40554.742,0.006757
2025-01-09,12.8,13.13,12.76,12.91,19725.78,25525.454,0.0042320000000000005
2025-01-10,12.91,13.1,12.58,12.58,17872.66,22916.549,0.003834
2025-01-13,12.58,12.84,12.48,12.82,14409.93,18276.077,0.003091
2025-01-14,12.82,13.14,12.79,13.05,35499.09,46150.479,0.007616
2025-01-15,12.97,13.1,12.76,12.84,30127.86,38688.563,0.006463
2025-01-16,12.85,13.06,12.79,12.82,21894.28,28323.019,0.004697
2025-01-17,12.82,13.05,12.7,13.0,23614.48,30444.662,0.005066
2025-01-20,13.0,13.38,13.0,13.12,25860.87,34006.882,0.005548
2025-01-21,13.15,13.25,12.97,13.05,11565.03,15098.702,0.0024809999999999997
2025-01-22,13.07,13.15,12.76,13.07,18500.57,23943.505,0.0039689999999999994
2025-01-23,13.25,13.5,13.11,13.21,20462.42,27260.352,0.00439
2025-01-24,13.23,13.6,13.14,13.54,22182.9,29881.111,0.004759
2025-01-27,13.49,13.68,13.39,13.39,15578.05,21040.356,0.003342
2025-02-05,13.49,13.69,13.4,13.53,26986.59,36649.105,0.00579
2025-02-06,13.53,13.56,13.3,13.5,28781.1,38604.739,0.006175000000000001
2025-02-07,13.45,13.7,13.45,13.56,26314.62,35731.187,0.005645
2025-02-10,13.56,13.77,13.48,13.74,25372.54,34703.991,0.005443
2025-02-11,13.73,13.77,13.49,13.52,22767.42,30920.529,0.004884
2025-02-12,13.56,13.58,13.24,13.37,25535.16,34075.712,0.005477999999999999
2025-02-13,13.35,13.43,13.28,13.3,22761.82,30384.3,0.004883
2025-02-14,13.3,13.83,13.27,13.68,43192.17,58668.403,0.009266
2025-02-17,13.7,13.91,13.6,13.66,32560.79,44730.792,0.006985
2025-02-18,13.62,13.66,13.37,13.44,27917.94,37700.246,0.0059889999999999995
2025-02-19,13.43,13.58,13.37,13.56,15258.8,20602.343,0.0032740000000000004
2025-02-20,13.58,13.75,13.39,13.5,31962.84,43352.143,0.006856999999999999
2025-02-21,13.52,13.68,13.28,13.46,25603.02,34421.725,0.0054930000000000005
2025-02-24,13.6,13.76,13.53,13.62,33541.73,45709.512,0.007196
2025-02-25,13.55,13.55,13.37,13.37,20662.22,27769.885,0.004433
2025-02-26,13.37,13.62,13.35,13.6,19899.86,26873.186,0.004269
2025-02-27,14.18,14.9,14.11,14.35,89731.16,128954.847,0.01925
2025-02-28,14.15,14.45,14.1,14.23,47546.48,67815.248,0.0102
2025-03-03,14.27,14.88,14.23,14.74,71341.41,104763.36,0.015305
2025-03-04,14.76,15.17,14.54,15.1,55021.38,81959.955,0.011803999999999999
2025-03-05,15.1,15.15,14.87,15.06,42113.04,63190.802,0.009035
2025-03-06,15.12,15.31,14.97,15.18,34839.79,52739.645,0.007474
2025-03-07,15.14,15.36,14.96,15.08,24519.19,37160.119,0.00526
2025-03-10,15.11,15.22,14.9,15.02,21895.61,32958.612,0.004697
2025-03-11,15.02,15.49,14.89,15.36,32854.2,50047.36,0.007048
2025-03-12,15.37,15.44,14.98,15.02,24184.68,36494.321,0.005188000000000001
2025-03-13,14.96,15.45,14.96,15.36,33794.32,51540.794,0.0072499999999999995
2025-03-14,15.35,15.64,15.28,15.52,33523.88,51693.287,0.007192
2025-03-17,15.56,15.73,15.38,15.62,32729.51,51128.076,0.0070220000000000005
2025-03-18,15.66,15.77,15.52,15.72,22581.46,35397.806,0.004844
2025-03-19,15.7,15.74,15.38,15.47,24139.16,37537.732,0.0051790000000000004
2025-03-20,15.47,15.5,15.29,15.35,18981.67,29169.426,0.004072
2025-03-21,15.25,15.42,14.94,15.03,21513.31,32582.893,0.004615
2025-03-24,15.08,15.36,15.03,15.3,34165.43,51957.526,0.00733
2025-03-25,15.23,15.68,15.14,15.62,24627.04,38144.888,0.0052829999999999995
2025-03-26,15.62,16.24,15.54,15.93,36872.16,58889.172,0.00791
2025-03-27,15.89,16.05,15.68,15.78,28063.02,44460.901,0.00602
2025-03-28,15.76,16.18,15.7,15.84,26141.19,41659.748,0.005607999999999999
2025-03-31,15.74,15.86,15.5,15.67,29619.38,46444.116,0.006353999999999999
2025-04-01,15.73,16.6,15.73,16.15,42827.07,69626.825,0.009188
2025-04-02,16.15,16.39,15.95,16.01,22600.61,36528.967,0.004849
2025-04-03,15.92,16.5,15.92,16.1,41354.8,67007.768,0.008872
2025-04-07,15.6,15.86,14.39,14.82,76787.56,117322.746,0.016473
2025-04-08,14.82,15.95,14.82,15.42,77496.94,120028.07,0.016626000000000002
2025-04-09,15.25,16.1,14.75,15.92,115651.77,180862.54,0.024811
2025-04-10,16.13,16.25,15.68,15.84,58157.58,92695.963,0.012477
2025-04-11,15.77,16.11,15.48,16.01,52012.36,82542.548,0.011158
2025-04-14,15.95,16.16,15.83,16.02,29549.19,47263.249,0.006339
2025-04-15,16.05,16.15,15.67,15.75,32477.06,51503.696,0.006967
2025-04-16,15.73,15.74,14.89,15.17,51069.15,77474.31,0.010955999999999999
2025-04-17,15.11,15.62,15.02,15.5,43633.73,67357.124,0.009361000000000001
2025-04-18,15.49,15.59,14.96,15.02,25576.47,38619.168,0.005487
2025-04-21,15.01,15.35,14.82,15.16,21629.57,32738.393,0.00464
2025-04-22,15.25,15.98,15.03,15.77,35485.88,55418.761,0.007613
2025-04-23,15.71,16.01,15.71,15.79,22182.29,35204.922,0.004759
2025-04-24,15.76,16.09,15.66,15.88,30111.51,47810.884,0.0064600000000000005
2025-04-25,15.84,16.06,15.59,15.91,22380.42,35480.672,0.004801000000000001
2025-04-28,15.89,16.09,15.65,15.78,22130.31,35081.323,0.004748
2025-04-29,15.72,16.65,15.71,16.63,54135.39,88607.318,0.011614
2025-04-30,16.62,16.73,16.17,16.25,31715.52,51884.155,0.006804
2025-05-06,16.36,16.36,15.85,16.05,52465.96,83889.013,0.011255999999999999
2025-05-07,16.08,16.3,15.97,16.14,31615.86,50884.644,0.006783
2025-05-08,16.0,16.54,15.96,16.45,36935.9,60537.483,0.007924
2025-05-09,16.41,16.69,16.26,16.4,21126.61,34648.893,0.004532
2025-05-12,16.46,16.85,16.31,16.7,29901.3,49635.758,0.006415
2025-05-13,16.76,17.18,16.58,16.97,39688.89,67124.986,0.008515
2025-05-14,17.01,17.01,16.46,16.77,34575.09,57721.089,0.007418
2025-05-15,16.8,17.67,16.5,17.35,58087.91,99787.606,0.012461999999999999
2025-05-16,17.28,17.98,16.92,17.41,55714.26,97508.541,0.011953
2025-05-19,17.24,17.79,16.91,17.3,51944.14,89780.962,0.011144000000000001
2025-05-20,17.39,18.56,17.3,18.38,88061.42,159356.31,0.018892
2025-05-21,18.2,18.3,17.63,18.0,86380.87,154338.689,0.018532
2025-05-22,17.71,17.9,16.99,17.03,83637.66,145032.229,0.017943
2025-05-23,16.97,17.38,16.85,16.89,59506.84,101625.857,0.012766
2025-05-26,16.87,17.07,16.74,17.03,32456.1,54912.67,0.0069630000000000004
2025-05-27,17.0,17.41,16.9,17.27,31283.86,53891.809,0.006711
2025-05-28,17.28,17.32,16.94,17.06,23375.89,39972.109,0.0050149999999999995
2025-05-29,17.07,17.12,16.75,16.99,30637.38,51916.02,0.006573
2025-05-30,17.09,17.24,16.9,17.05,25533.1,43631.035,0.005477999999999999
2025-06-03,17.0,17.66,16.85,17.5,49695.28,86467.86,0.010661
2025-06-04,17.45,17.64,17.28,17.5,31537.05,54988.056,0.0067659999999999994
2025-06-05,17.6,17.82,17.17,17.25,47102.56,82494.423,0.010105
2025-06-06,17.18,17.32,16.9,17.0,19370.26,32978.994,0.004156
2025-06-09,17.07,17.29,16.99,17.02,21420.24,36667.509,0.004595
2025-06-10,17.03,17.39,16.86,17.1,25828.07,44145.669,0.005541000000000001
2025-06-11,17.09,17.33,17.02,17.09,22669.04,38885.52,0.004863
2025-06-12,17.09,17.13,16.44,16.6,61894.63,103530.427,0.013278000000000002
2025-06-13,16.59,16.81,16.23,16.26,47653.99,78262.464,0.010223
2025-06-16,15.97,15.98,15.7,15.8,32628.28,51641.899,0.006999999999999999
2025-06-17,15.81,16.0,15.48,15.5,39374.56,61748.969,0.008447
2025-06-18,15.53,15.66,15.25,15.34,29105.36,44752.558,0.0062439999999999996
2025-06-19,15.32,15.44,15.01,15.11,24329.1,36985.894,0.0052190000000000005
2025-06-20,15.1,15.45,15.1,15.26,23680.31,36167.052,0.00508
2025-06-23,15.26,15.37,15.03,15.32,20074.92,30559.2,0.004307
2025-06-24,15.43,15.5,15.31,15.5,24418.12,37648.282,0.005239000000000001
2025-06-25,15.54,15.61,15.36,15.56,22194.15,34309.703,0.0047610000000000005
2025-06-26,15.56,15.56,15.2,15.35,28766.41,44158.965,0.006170999999999999
2025-06-27,15.38,15.49,15.36,15.42,14807.91,22851.037,0.0031769999999999997
2025-06-30,15.47,15.65,15.36,15.58,25140.04,38951.902,0.005393
2025-07-01,15.58,15.85,15.5,15.72,43991.3,69137.623,0.009438
2025-07-02,15.7,15.85,15.54,15.76,26737.06,41928.231,0.005736
2025-07-03,15.76,16.19,15.7,16.11,34055.72,54628.869,0.007306
2025-07-04,16.25,16.28,15.96,16.08,22339.15,35986.116,0.004792
2025-07-07,16.01,16.18,15.82,15.89,21186.92,33845.029,0.004545
2025-07-08,15.89,16.22,15.88,16.0,20241.08,32463.744,0.0043419999999999995
2025-07-09,16.05,16.1,15.91,15.95,16344.41,26143.144,0.0035060000000000004
2025-07-10,15.95,16.05,15.85,15.96,13953.72,22212.384,0.002994
2025-07-11,15.92,16.06,15.82,15.95,17779.19,28387.902,0.003814
2025-07-14,16.03,16.33,15.95,16.22,25578.8,41362.14,0.005488
2025-07-15,16.29,16.29,15.97,16.12,26056.06,41903.628,0.00559
2025-07-16,16.17,16.63,16.02,16.58,40188.76,65824.078,0.008622
2025-07-17,16.6,16.75,16.46,16.55,26353.13,43712.21,0.005654
2025-07-18,16.48,16.55,16.2,16.48,29256.84,47889.29,0.0062770000000000005
2025-07-21,16.55,16.62,16.35,16.58,23394.96,38586.932,0.005019
2025-07-22,16.52,16.83,16.48,16.77,28094.14,46886.406,0.006027
2025-07-23,16.77,17.24,16.66,17.01,51769.62,87960.397,0.011106
2025-07-24,16.91,17.26,16.91,17.22,36704.14,62679.658,0.007873999999999999
2025-07-25,17.29,17.54,17.2,17.31,36502.47,63456.783,0.007831
2025-07-28,17.31,17.76,17.13,17.2,52129.04,90599.447,0.011183
2025-07-29,17.2,17.3,17.0,17.2,49272.26,84449.5,0.010570999999999999
2025-07-30,17.2,17.2,16.88,17.02,36526.45,62330.934,0.007836
2025-07-31,16.93,17.12,16.77,16.81,30540.04,51702.402,0.006552
2025-08-01,16.82,17.11,16.76,16.83,26843.32,45451.843,0.005758999999999999
2025-08-04,16.93,17.05,16.63,17.0,29612.08,49880.511,0.006353
2025-08-05,17.08,17.2,16.99,17.11,20394.55,34846.96,0.004375
2025-08-06,16.99,17.18,16.8,16.96,37383.22,63370.849,0.008020000000000001
2025-08-07,17.05,17.15,16.83,16.87,34716.24,58938.041,0.007448
2025-08-08,16.81,17.04,16.61,17.0,29489.18,49701.997,0.006326000000000001
2025-08-11,17.05,17.41,17.0,17.3,33701.4,58252.231,0.0072299999999999994
2025-08-12,17.28,17.47,17.14,17.22,29952.72,51844.133,0.006425999999999999
2025-08-13,17.31,17.32,16.91,17.18,32098.36,54860.017,0.006886
2025-08-14,17.17,17.21,16.81,16.83,29672.52,50351.091,0.006366
2025-08-15,16.81,17.32,16.7,17.24,42336.37,72162.416,0.009083
2025-08-18,17.4,17.58,17.25,17.31,41835.93,72760.14,0.008975
2025-08-19,17.34,17.88,17.34,17.57,60906.02,107303.078,0.013066
2025-08-20,17.5,17.8,17.35,17.75,36891.17,64910.29,0.007914
2025-08-21,17.81,17.87,17.62,17.75,30489.05,54092.84,0.006541
2025-08-22,17.8,17.8,17.41,17.63,33305.27,58450.188,0.007145
2025-08-25,17.67,18.18,17.42,18.1,71377.68,126939.849,0.015313
2025-08-26,18.82,20.39,18.82,19.33,167138.97,327375.036,0.035857
2025-08-27,19.33,19.75,18.69,18.69,105196.47,201723.567,0.022568
2025-08-28,18.6,18.96,18.01,18.4,76590.28,141199.861,0.016431
2025-08-29,18.49,18.76,18.2,18.38,48286.29,89044.152,0.010359
2025-09-01,18.38,18.59,18.17,18.3,51352.53,94246.916,0.011016999999999999
2025-09-02,18.25,18.34,17.7,17.89,62486.48,112102.384,0.013405
2025-09-03,18.0,18.13,17.62,17.68,38593.31,68827.338,0.00828
2025-09-04,17.69,17.97,17.36,17.62,40364.4,71480.98,0.00866
2025-09-05,17.65,18.04,17.53,18.0,34170.78,60912.398,0.007331
2025-09-08,18.01,18.64,17.87,18.59,46925.73,86509.053,0.010067
2025-09-09,18.54,18.7,18.23,18.34,35519.87,65550.754,0.00762
2025-09-10,18.34,18.34,17.97,18.11,22835.43,41427.112,0.004899
2025-09-11,18.04,18.52,17.93,18.5,32410.77,59273.369,0.006953
2025-09-12,18.4,18.7,18.28,18.55,29083.48,53781.579,0.006239
2025-09-15,18.42,18.65,18.24,18.58,28348.83,52310.686,0.006082
2025-09-16,18.58,18.58,18.17,18.38,23657.93,43361.27,0.005075
2025-09-17,18.52,18.77,18.33,18.39,29980.17,55446.023,0.006432
2025-09-18,18.37,18.5,17.79,18.01,38786.59,70270.175,0.008321
2025-09-19,17.93,18.18,17.82,18.08,22697.5,40936.197,0.004869
2025-09-22,17.91,18.0,17.62,17.92,33171.49,59188.804,0.007116
2025-09-23,17.92,17.98,17.23,17.56,36865.28,64397.327,0.007909000000000001
2025-09-24,17.5,17.86,17.5,17.66,32607.22,57672.861,0.006995
2025-09-25,17.66,17.78,17.25,17.38,38053.42,66342.389,0.008164
2025-09-26,17.35,17.72,17.12,17.52,31278.96,54658.564,0.006710000000000001
2025-09-29,17.52,17.66,17.28,17.48,20943.53,36523.029,0.004493
2025-09-30,17.4,17.83,17.4,17.72,32735.49,57846.255,0.007023000000000001
2025-10-09,17.73,17.74,17.38,17.58,29066.1,50949.602,0.006236
2025-10-10,17.51,18.0,17.51,17.86,37158.04,66267.056,0.007972
2025-10-13,17.51,17.79,17.2,17.7,28468.73,50022.716,0.0061070000000000004
2025-10-14,17.7,17.84,17.31,17.4,27107.37,47561.015,0.005815
2025-10-15,17.48,17.62,17.32,17.53,25507.99,44612.185,0.005472
2025-10-16,17.51,17.7,17.28,17.31,27632.05,48179.244,0.005928
2025-10-17,17.4,17.4,17.08,17.13,24277.11,41870.379,0.005208000000000001
2025-10-20,17.31,17.55,17.17,17.3,24187.01,41875.447,0.005189
2025-10-21,17.21,17.38,17.11,17.32,17423.21,30004.384,0.003738
2025-10-22,17.31,17.37,17.1,17.15,15831.2,27263.86,0.003396
2025-10-23,17.1,17.14,16.66,16.91,27600.77,46519.16,0.005920999999999999
2025-10-24,16.94,17.03,16.68,16.78,32158.58,54101.999,0.006899
2025-10-27,16.9,17.2,16.79,16.96,40997.35,,0.008794999999999999
2025-10-28,17.04,17.1,16.9,17.01,32184.32,,0.006905
2025-10-29,16.98,17.33,16.85,17.32,28105.18,,0.006029
2025-10-30,16.93,16.95,16.01,16.15,139780.66,,0.029988
2025-10-31,16.16,16.26,16.01,16.19,51868.95,,0.011128
2025-11-03,16.14,16.2,16.04,16.13,42379.83,,0.009092
2025-11-04,16.12,16.12,15.85,15.96,35086.46,,0.007527000000000001
2025-11-05,15.83,16.02,15.7,15.96,81898.66,,0.01757
2025-11-06,16.02,16.08,15.88,16.07,33429.47,,0.0071719999999999996
2025-11-07,16.07,16.12,15.94,16.06,29225.97,,0.00627
